267 0.00448775
151 0.00443329
182 0.00438233
74 0.00432651
250 0.00429064
220 0.0041682
33 0.00412489
98 0.00411775
172 0.00411088
249 0.00410252
218 0.00408936
169 0.00406629
193 0.00406392
179 0.00404796
153 0.00404375
130 0.00403863
9 0.00402947
108 0.00398378
165 0.00397045
36 0.00395786
6 0.003953
287 0.00393539
191 0.00393479
167 0.00391753
61 0.00391646
5 0.00390727
128 0.00388632
53 0.00386445
143 0.00386205
141 0.00385867
35 0.00385853
7 0.00382133
155 0.00381834
59 0.003818
1 0.00381186
47 0.00380851
216 0.00378522
235 0.00378259
161 0.0037773
136 0.0037578
159 0.00375329
259 0.0037433
134 0.00373616
212 0.00373504
137 0.00373483
139 0.00373438
135 0.0037307
163 0.00372487
101 0.00371423
111 0.00371238
293 0.00370803
40 0.00370522
286 0.00370169
21 0.00370022
178 0.00368791
113 0.00368239
187 0.00366918
90 0.00366892
89 0.00366797
186 0.00366702
245 0.00366151
156 0.00365367
79 0.00364639
120 0.00363593
24 0.00363585
254 0.00363015
27 0.0036283
184 0.00362718
262 0.00362501
103 0.00362187
57 0.00361756
133 0.0036047
30 0.00360169
68 0.0035987
123 0.00358998
148 0.00358823
253 0.00358714
282 0.00358436
76 0.00357918
243 0.0035784
273 0.00357711
222 0.0035629
70 0.00355785
192 0.00354895
3 0.00353541
146 0.00353235
122 0.00353115
265 0.00352714
234 0.00352373
255 0.0035205
39 0.00351428
284 0.00351389
93 0.00350358
263 0.00348917
227 0.00348674
280 0.00347915
58 0.00347671
236 0.00346533
105 0.00346423
272 0.00346419
138 0.00346372
279 0.00346348
17 0.00346298
54 0.00346157
278 0.00345947
198 0.00345596
207 0.00345458
252 0.00345095
233 0.00344961
225 0.00343836
20 0.00343302
242 0.00342876
26 0.00342266
8 0.003419
64 0.00341837
275 0.00340784
295 0.00340721
173 0.00340655
73 0.00340223
49 0.00340174
244 0.00339932
50 0.00339468
181 0.00339361
55 0.0033925
290 0.00339144
201 0.00339031
109 0.00338473
104 0.00338011
91 0.00337848
224 0.00337789
69 0.0033763
75 0.00337463
147 0.0033746
268 0.00337333
164 0.00337218
264 0.00337217
229 0.00336908
25 0.00336838
239 0.00336407
31 0.00336271
28 0.00335938
114 0.0033565
260 0.00335413
274 0.00335314
206 0.00334611
157 0.00334328
121 0.0033295
80 0.00332687
51 0.00332686
37 0.0033219
96 0.00330784
63 0.00329729
171 0.00329594
176 0.00329568
112 0.00329565
219 0.00328937
115 0.00328727
150 0.00328148
81 0.00327763
92 0.00327737
46 0.00327398
230 0.00327352
38 0.00327094
208 0.00326809
19 0.00326401
126 0.00326347
215 0.00326128
269 0.00326122
175 0.00325962
142 0.00325522
168 0.00325056
16 0.00324857
204 0.00324745
285 0.00324737
131 0.00324212
94 0.00324111
210 0.00324009
231 0.00323955
23 0.00323627
43 0.00323306
41 0.0032329
217 0.00322635
13 0.00322351
228 0.0032231
296 0.0032152
289 0.00321484
71 0.00321185
66 0.00321154
88 0.00320859
4 0.00320845
62 0.00320358
199 0.00319946
196 0.00319656
127 0.00319275
299 0.0031844
271 0.00318126
288 0.00318043
266 0.00317099
195 0.00316692
83 0.00316242
118 0.00316006
107 0.00315855
132 0.00315426
52 0.00314876
247 0.00314153
34 0.00313957
226 0.00313853
152 0.00313445
223 0.00312191
65 0.0031185
281 0.00311714
15 0.00311523
22 0.00309831
258 0.00309086
297 0.00308871
214 0.00308103
237 0.00306772
12 0.00306314
106 0.00305549
77 0.00305088
177 0.00304984
29 0.00304601
45 0.00304124
194 0.00303918
283 0.00303375
202 0.00302833
158 0.00302757
197 0.00302387
294 0.00302239
11 0.00302175
99 0.00302159
2 0.0030161
95 0.00301198
256 0.00300715
298 0.00300594
246 0.00300097
277 0.0029994
183 0.00299804
292 0.00299146
149 0.00298895
32 0.00298706
78 0.00297439
189 0.00296889
44 0.00296557
144 0.00296271
60 0.00296221
119 0.00295996
140 0.00295607
124 0.00295071
87 0.00294214
209 0.0029304
190 0.00292777
125 0.00292327
84 0.00291537
85 0.00291458
174 0.00290567
145 0.00290369
116 0.00290204
257 0.00289816
276 0.00289735
188 0.00289651
205 0.00289629
72 0.0028898
203 0.00286417
232 0.00285966
18 0.00285603
170 0.00284854
166 0.00284005
238 0.0028342
200 0.00282844
261 0.00282669
102 0.00282529
185 0.00282505
10 0.00281821
291 0.00279711
240 0.00279698
160 0.00279622
42 0.00278884
248 0.00277356
211 0.00276898
241 0.00276489
129 0.00276014
180 0.00275509
82 0.00274982
56 0.00274627
48 0.00274542
0 0.00274415
117 0.00273665
270 0.00273378
14 0.00272735
97 0.0027016
67 0.00269278
221 0.00265518
213 0.00265085
162 0.00264772
110 0.00264141
154 0.00261955
100 0.00258247
251 0.00255038
86 0.00242182
