250 0.00462326
267 0.0045891
218 0.00452158
33 0.00438089
182 0.00436671
216 0.00433749
111 0.0043368
74 0.00428734
293 0.00423734
179 0.00422384
151 0.0041568
155 0.00414269
172 0.00414051
5 0.00413582
153 0.00412751
255 0.00412441
47 0.00411565
159 0.0041001
128 0.00408889
161 0.00408009
61 0.00406094
101 0.00406004
98 0.00405135
141 0.00403357
123 0.00400414
254 0.00399634
156 0.00398133
130 0.00397645
249 0.00396436
282 0.0039635
187 0.00396328
181 0.00396074
59 0.00395929
169 0.00395831
46 0.00395224
191 0.00394445
36 0.00394376
134 0.00393545
41 0.0039162
68 0.00391499
284 0.00391481
165 0.00391405
136 0.00389596
184 0.00389299
114 0.00388668
62 0.0038695
158 0.00386554
176 0.00385517
163 0.00383546
103 0.00383114
1 0.00382434
127 0.00380976
146 0.0038027
113 0.00379611
220 0.00376713
133 0.00375612
7 0.00373515
53 0.00372021
17 0.00369906
109 0.00369179
273 0.00368764
269 0.00368599
89 0.00368455
30 0.00367489
286 0.00367283
164 0.00367269
259 0.00366731
57 0.00365797
20 0.00363914
175 0.00363643
167 0.00363519
227 0.00363206
279 0.00362613
120 0.00362207
143 0.00361888
9 0.00361795
193 0.00361364
21 0.00361139
265 0.00360426
138 0.00360276
253 0.00359285
295 0.0035903
93 0.00358459
112 0.00357867
27 0.00357651
294 0.00357135
55 0.00357119
212 0.00356998
79 0.00356248
262 0.00355856
137 0.00355627
210 0.00354956
290 0.00354487
207 0.00354463
248 0.00353539
70 0.00352344
178 0.0035091
217 0.00350391
88 0.00349491
233 0.00348743
247 0.00348646
13 0.00348434
78 0.00347602
76 0.00347555
287 0.00347427
173 0.00347085
234 0.00346251
256 0.00346191
209 0.00346139
243 0.00345768
58 0.00345243
147 0.00345095
198 0.00343867
299 0.00343425
126 0.00343395
272 0.00343289
35 0.00343128
139 0.00342882
132 0.00341982
28 0.00341593
73 0.00341227
177 0.00340645
195 0.00340319
145 0.00340201
104 0.00340015
90 0.00339664
49 0.00339181
214 0.00338714
72 0.00338355
152 0.00337972
297 0.00337851
64 0.00337158
8 0.00336909
69 0.00336369
108 0.00336313
186 0.00335837
264 0.00335778
235 0.00335708
84 0.00335643
274 0.00335393
38 0.00335283
266 0.00335187
150 0.00335042
52 0.00334291
135 0.00333923
66 0.00333289
260 0.00332532
271 0.00332529
92 0.00332101
106 0.00331938
148 0.00331338
258 0.0033116
224 0.00330893
19 0.00330869
171 0.0033059
219 0.00330235
131 0.00329742
39 0.00329478
24 0.00328669
289 0.00328652
2 0.00328165
168 0.00328085
231 0.00327336
201 0.00326165
65 0.00325842
142 0.00325165
291 0.00324457
245 0.00324423
124 0.00323749
83 0.00322943
34 0.00322812
12 0.00322131
225 0.00321995
202 0.00321973
236 0.00321892
192 0.00321538
263 0.00321139
140 0.00321121
40 0.00321016
298 0.00320705
85 0.00320275
276 0.00320138
222 0.00318908
122 0.00318149
296 0.0031797
31 0.00317956
26 0.00317831
244 0.00317495
189 0.0031725
29 0.00315742
107 0.00315716
6 0.00314957
204 0.00314234
149 0.00313991
11 0.0031387
105 0.00313474
257 0.00313441
118 0.0031323
196 0.00312897
242 0.00312892
166 0.00312195
275 0.0031201
94 0.00311717
75 0.00311301
170 0.00311195
115 0.00311161
277 0.00311136
197 0.00310605
252 0.00310126
278 0.00309593
190 0.00309341
44 0.00309179
240 0.00308335
116 0.00307685
23 0.00307386
270 0.00306677
3 0.00306584
54 0.00306362
125 0.00306322
81 0.00305548
87 0.00304948
208 0.00304616
60 0.00304248
246 0.00304181
91 0.00303724
229 0.00303201
110 0.00302785
95 0.00302455
157 0.0030213
230 0.00301506
180 0.00301125
71 0.00301046
223 0.00300963
97 0.00300738
228 0.0030044
119 0.00298565
280 0.00298038
288 0.0029757
82 0.00295737
80 0.00295592
241 0.00293895
63 0.00293788
205 0.00293243
67 0.00291727
16 0.00291423
261 0.00289961
239 0.00289762
292 0.00288327
285 0.00287908
48 0.00287686
232 0.00287222
215 0.0028515
281 0.0028318
174 0.00282221
185 0.0028204
199 0.00281916
32 0.00281888
43 0.00280661
183 0.00280542
50 0.00280452
96 0.00280365
121 0.00280323
237 0.00280039
226 0.00279787
15 0.00279033
188 0.00277315
203 0.0027621
25 0.0027621
86 0.00276178
283 0.00276021
77 0.00274325
4 0.00273715
14 0.00273536
10 0.00272909
211 0.00272065
206 0.00271602
194 0.00271016
200 0.00270036
213 0.00269671
251 0.00267159
268 0.00265986
162 0.00264722
221 0.00263303
99 0.00260117
42 0.00259263
144 0.0025626
37 0.00255132
102 0.00254573
22 0.00252858
18 0.00252023
51 0.00251239
100 0.00244
45 0.00243914
117 0.0024313
238 0.00241649
56 0.00240298
154 0.00235425
160 0.00234779
0 0.00230165
129 0.00228443
