267 0.00430864
216 0.00430574
250 0.00427179
128 0.00427127
161 0.00426272
111 0.00425063
33 0.00419812
187 0.00417321
74 0.00411046
103 0.00409089
184 0.00408857
47 0.0040642
218 0.00405876
186 0.0040442
68 0.00401153
27 0.00397077
155 0.00395882
293 0.00394073
286 0.00393288
220 0.00391069
169 0.00390953
133 0.00390001
159 0.00389969
151 0.00388829
136 0.00388509
253 0.00387171
279 0.00386819
198 0.00386297
172 0.00386155
141 0.00385256
114 0.00384545
182 0.00383391
7 0.00383173
130 0.00382547
1 0.00382107
134 0.00381868
113 0.00381377
58 0.0038022
62 0.00379963
153 0.00379405
101 0.00378954
233 0.00378451
255 0.00377726
61 0.00377712
98 0.00376818
254 0.00376196
179 0.00375812
120 0.00375256
227 0.00374611
57 0.00374536
163 0.003742
41 0.00373994
192 0.00373837
168 0.00373047
156 0.00372852
269 0.00372673
265 0.00372608
59 0.00372484
36 0.00372264
109 0.00371272
235 0.00369606
290 0.00369577
89 0.00368576
9 0.00368342
299 0.00367287
193 0.00367173
177 0.0036693
69 0.00366416
146 0.00365429
271 0.00365071
73 0.00363193
236 0.00362729
123 0.00362531
5 0.00362252
46 0.00361555
17 0.00361461
176 0.00361384
138 0.00360793
212 0.00360543
21 0.00359242
20 0.00358034
165 0.0035788
249 0.00357661
79 0.00357379
259 0.00354898
207 0.00354855
132 0.00353663
64 0.00353347
164 0.00353266
148 0.00353128
124 0.00352891
104 0.00352151
178 0.0035186
167 0.00351703
270 0.0035157
181 0.00351225
8 0.00351207
282 0.00351039
30 0.00350472
52 0.0035012
195 0.00349302
173 0.00349056
222 0.00348978
243 0.00348563
262 0.00348162
137 0.0034812
158 0.00347882
143 0.00347804
147 0.00347638
157 0.00346986
231 0.00345414
245 0.00345383
273 0.00345084
29 0.00344776
263 0.00344208
191 0.00344087
127 0.003435
93 0.00342296
199 0.00341331
94 0.00341109
201 0.00340959
28 0.00340887
87 0.00340465
12 0.00340421
217 0.00339879
244 0.00339585
252 0.00339191
105 0.00339004
35 0.00338802
150 0.00338306
295 0.00338257
90 0.00337508
274 0.00336894
91 0.00336817
278 0.00336401
170 0.00334864
107 0.0033478
190 0.00334569
55 0.00334493
49 0.00333831
142 0.00333413
2 0.00332559
24 0.00332185
284 0.00331892
287 0.00331634
131 0.00331211
19 0.00330627
225 0.00330413
206 0.00330212
88 0.00330105
122 0.00329847
256 0.00329479
204 0.0032889
210 0.00328782
60 0.0032873
264 0.00328541
108 0.00328427
258 0.00328401
234 0.0032754
44 0.00327402
70 0.00327188
126 0.00327055
71 0.00326904
189 0.00326587
152 0.00326452
53 0.00326196
280 0.00325726
260 0.00325705
16 0.00325548
277 0.00325283
80 0.00325185
110 0.00325154
223 0.00324954
84 0.00324508
26 0.00324051
224 0.00323993
34 0.00323368
247 0.00323365
297 0.00323065
65 0.00322787
31 0.00322196
298 0.00322053
40 0.00321013
171 0.0032048
261 0.00318479
76 0.00318474
45 0.00318344
272 0.00318131
23 0.00317963
145 0.0031795
75 0.00317795
78 0.00317587
81 0.00317537
18 0.0031742
38 0.00317277
291 0.00316728
240 0.00316181
175 0.0031605
281 0.00315755
202 0.00315481
276 0.00314643
209 0.00314629
13 0.00314621
275 0.00314522
205 0.00314325
214 0.00314275
208 0.00314259
226 0.00314135
180 0.00313948
268 0.00313491
239 0.00312724
174 0.00312669
188 0.00311495
288 0.0031031
6 0.00309783
66 0.00309681
63 0.00308148
294 0.00307978
166 0.00307234
106 0.00307183
11 0.00306559
115 0.0030619
289 0.00306033
228 0.0030536
242 0.00305187
3 0.00304934
97 0.00304904
285 0.00304458
112 0.00304424
144 0.00304417
95 0.00304191
121 0.00304145
283 0.00303725
139 0.00302749
54 0.00302685
140 0.00302471
135 0.00302136
85 0.0030162
219 0.00300926
119 0.00300705
246 0.0029961
185 0.00299394
83 0.00298509
25 0.00298169
197 0.00298166
125 0.00298126
50 0.00297953
149 0.0029705
48 0.00296752
39 0.00295829
32 0.00295757
99 0.00294306
203 0.00293752
296 0.00293612
230 0.00291111
15 0.00289815
194 0.00289243
96 0.00288976
43 0.00288909
211 0.00288786
118 0.00288449
100 0.00287383
92 0.00287157
215 0.00286554
72 0.00286461
116 0.0028636
77 0.00284898
183 0.00283909
51 0.00283276
257 0.00282844
237 0.00282081
42 0.00282056
0 0.00281628
248 0.0028018
232 0.00279538
241 0.00277741
292 0.00276622
67 0.00275351
229 0.00275211
14 0.00272151
162 0.00270268
4 0.00270051
251 0.00270036
200 0.00269962
86 0.00269504
129 0.00269147
82 0.00267348
37 0.00267337
196 0.00265532
160 0.00263479
22 0.00263343
56 0.00263133
266 0.00261223
102 0.00260178
10 0.00258376
213 0.00253294
117 0.00252455
154 0.00249273
238 0.00248508
221 0.00239392
