74 0.00378151
98 0.00365065
33 0.00354059
53 0.00353128
47 0.00349228
79 0.00348277
7 0.00335891
41 0.00335072
5 0.00331746
59 0.00329388
21 0.00322483
13 0.00320748
20 0.00320255
46 0.00320017
8 0.00319684
61 0.0031747
9 0.00315443
19 0.003144
73 0.00313265
58 0.00312949
89 0.00311704
27 0.00310996
49 0.00306598
1 0.00305717
70 0.00303116
23 0.00299207
55 0.00296222
52 0.00295875
36 0.00293376
76 0.00291765
29 0.00290819
28 0.00289947
91 0.00289639
93 0.00289313
75 0.00289054
83 0.00288938
68 0.00287073
69 0.00287051
12 0.00285269
57 0.00284285
62 0.00283999
66 0.002813
24 0.00280299
2 0.00279847
17 0.00279417
94 0.00278271
63 0.00277329
88 0.00276799
38 0.0027541
64 0.00272426
48 0.00271904
35 0.00271298
4 0.00271155
34 0.0027109
3 0.00268581
26 0.00268193
39 0.00267417
44 0.00266253
30 0.00264064
6 0.00263296
71 0.00263254
15 0.00262696
32 0.00262496
11 0.00262421
97 0.00261578
65 0.00261523
60 0.00260345
67 0.00259541
16 0.00258938
78 0.00256642
90 0.00254939
85 0.00254348
87 0.00252371
31 0.00252302
84 0.0025115
40 0.00251098
43 0.00248083
80 0.00246625
25 0.00245953
42 0.00244839
92 0.00243619
99 0.00243539
14 0.0024119
72 0.00240861
86 0.00239959
50 0.00239881
82 0.00238235
54 0.00237416
289 0.00234568
18 0.00232372
95 0.00229861
0 0.0022983
125 0.00228185
96 0.00227752
77 0.00223668
156 0.00220245
286 0.0021888
226 0.00218649
81 0.00218515
270 0.00215704
37 0.00214178
260 0.00214106
104 0.00212191
10 0.00210821
45 0.00210753
119 0.00208936
51 0.00206486
210 0.0020618
243 0.00205936
173 0.00204339
150 0.00204214
160 0.00204142
257 0.00202654
167 0.00201147
103 0.00199813
275 0.00199714
297 0.0019955
148 0.00199473
56 0.00198002
159 0.00197867
127 0.00196616
227 0.00196513
284 0.00196495
229 0.00196271
168 0.00196176
22 0.00195849
216 0.00195018
120 0.00195018
266 0.00194915
112 0.00194757
298 0.0019471
135 0.00194573
154 0.00193334
134 0.001933
214 0.00193114
110 0.00191703
213 0.00190177
113 0.00189972
237 0.00189797
106 0.00188381
296 0.00188375
252 0.00188375
153 0.0018826
228 0.00188153
170 0.00187001
265 0.00186935
208 0.00186779
146 0.00186708
287 0.00185402
141 0.00185402
126 0.00185402
235 0.00185345
149 0.00185345
251 0.00185263
244 0.00185183
233 0.0018515
288 0.00185101
255 0.00185101
189 0.00185101
155 0.00185101
122 0.00183828
211 0.00183751
116 0.00183715
259 0.00183593
209 0.00183473
282 0.00182262
277 0.0018223
147 0.0018218
101 0.0018215
264 0.0018191
143 0.00180314
114 0.00180314
242 0.00178938
256 0.00178931
151 0.00178718
206 0.00177434
180 0.00177411
223 0.00177364
246 0.00177358
231 0.00177333
131 0.00177325
191 0.00177123
142 0.00177092
138 0.00177037
111 0.00175813
262 0.00175759
197 0.00175743
165 0.00175603
105 0.00175557
290 0.00174268
182 0.00174139
276 0.00172669
232 0.00172669
212 0.00172616
174 0.00172616
176 0.00172533
184 0.00172411
462 0.00171928
172 0.00171063
157 0.00171018
186 0.00170964
196 0.00170943
161 0.00170943
199 0.00170916
268 0.00170815
124 0.0017071
215 0.00169442
220 0.00169419
225 0.00169338
236 0.00169323
162 0.00169115
204 0.00169005
273 0.00167888
234 0.0016782
254 0.00167774
136 0.00167755
218 0.00167747
293 0.0016774
274 0.00167578
203 0.00167534
185 0.00167519
593 0.00166743
248 0.00166172
128 0.00166026
123 0.00165955
166 0.00165758
447 0.00165459
192 0.00164675
292 0.00164625
280 0.00164452
121 0.00164429
132 0.001644
158 0.00164328
108 0.00163132
221 0.00163048
247 0.00161449
183 0.00161357
187 0.00161323
241 0.00161208
130 0.00161137
137 0.00160955
164 0.00159893
117 0.00159879
272 0.00159872
140 0.0015983
263 0.00159781
240 0.00159752
198 0.00159702
281 0.00159612
144 0.00159551
581 0.00158547
115 0.00158364
200 0.0015828
163 0.00158252
145 0.00158211
171 0.00158061
269 0.00158044
249 0.00158044
139 0.00158044
267 0.00157947
245 0.00157737
357 0.00157552
217 0.00156681
230 0.00156674
178 0.00156564
175 0.00156526
278 0.00156447
295 0.0015642
407 0.00155586
279 0.00155096
253 0.00155055
409 0.00154322
411 0.00154039
430 0.00154006
331 0.00153972
452 0.00153918
294 0.00153484
107 0.00153416
129 0.00151965
190 0.00151838
250 0.00151813
152 0.00151658
207 0.00151592
471 0.0015114
454 0.0015114
318 0.00151061
458 0.00151021
487 0.00150955
271 0.00150286
222 0.00150286
193 0.00150286
573 0.00149694
530 0.00149641
574 0.00149589
493 0.00149432
479 0.00149432
557 0.00149386
449 0.00149334
598 0.0014921
373 0.0014921
325 0.0014921
285 0.00148687
118 0.00148642
444 0.00148049
386 0.00148004
524 0.00147959
516 0.00147881
504 0.00147752
416 0.00147655
385 0.00147655
561 0.00147623
424 0.00147623
283 0.00146998
219 0.0014683
592 0.00146368
474 0.00146259
499 0.00146233
344 0.00144777
578 0.00144587
548 0.00144574
429 0.00144574
565 0.00144568
591 0.00144511
465 0.00144397
102 0.00143802
188 0.00143771
238 0.00143638
534 0.00143273
552 0.00143186
451 0.0014311
427 0.0014311
541 0.00143073
377 0.00142873
558 0.00142861
261 0.00142305
299 0.00142286
201 0.0014208
181 0.0014208
502 0.00141682
433 0.00141682
335 0.00141632
417 0.00141595
461 0.00141483
460 0.00141465
505 0.00141335
528 0.00141304
457 0.00141304
202 0.00140483
100 0.00140483
194 0.0014027
475 0.0014009
559 0.0013993
576 0.00139875
543 0.00139808
484 0.00139808
410 0.00139808
485 0.00139735
501 0.00139716
319 0.00139716
291 0.00139107
224 0.00139036
195 0.00138863
305 0.00138498
337 0.00138455
437 0.00138449
440 0.00138413
342 0.0013834
509 0.00138286
517 0.00138262
309 0.00138129
399 0.00138123
469 0.00138111
109 0.00137393
343 0.00136954
321 0.00136822
553 0.00136672
372 0.00136642
334 0.0013663
425 0.00136511
500 0.00136463
367 0.00136463
205 0.00135909
133 0.00135909
177 0.00135825
258 0.00135491
304 0.00135231
301 0.00135231
564 0.00135036
375 0.00135036
545 0.00134971
436 0.00134971
590 0.00134953
507 0.00133769
481 0.00133769
508 0.00133675
369 0.00133476
562 0.00133383
413 0.0013329
402 0.0013329
179 0.00132597
538 0.00132182
346 0.0013213
340 0.0013213
423 0.00132084
588 0.00132049
568 0.00132049
476 0.00131905
512 0.00131778
477 0.00131778
439 0.00131594
551 0.00130498
389 0.00130492
387 0.00130458
490 0.00130298
394 0.00130287
408 0.00130276
352 0.00130276
347 0.00130276
463 0.0013027
358 0.0013019
549 0.00130185
518 0.00130116
496 0.00130116
468 0.00128946
420 0.00128907
327 0.00128907
419 0.00128726
536 0.00128698
384 0.00128681
510 0.00128597
390 0.00128574
596 0.0012853
169 0.00127864
456 0.00127399
531 0.00127182
380 0.00127182
404 0.00127109
370 0.00127109
434 0.00127098
393 0.00127098
580 0.00127093
523 0.00127032
313 0.00127008
533 0.00126943
324 0.00126943
239 0.00126231
333 0.00125812
567 0.00125718
397 0.00125685
422 0.00125592
412 0.00125592
514 0.0012557
563 0.00125552
300 0.00125548
360 0.0012552
441 0.00125504
473 0.00125444
472 0.00125444
599 0.00125356
486 0.00124214
328 0.00124214
527 0.00124187
525 0.00124127
584 0.00124029
316 0.00123959
388 0.00123932
362 0.00123921
366 0.00123839
566 0.00123667
361 0.00122541
582 0.00122535
453 0.00122503
378 0.00122439
338 0.00122439
400 0.00122412
303 0.00122391
428 0.00122353
435 0.00122327
354 0.00122327
498 0.00122268
575 0.00122252
495 0.00122236
579 0.00120986
597 0.00120944
532 0.00120944
513 0.00120944
467 0.00120944
569 0.00120912
350 0.00120912
421 0.00120822
336 0.0012078
382 0.00120764
560 0.00120646
310 0.00120596
312 0.00119395
403 0.00119353
544 0.00119321
520 0.00119321
330 0.00119321
497 0.0011929
445 0.00119165
571 0.00119154
307 0.00119076
418 0.00119009
320 0.00117849
371 0.00117586
395 0.00117576
488 0.00117566
459 0.00117566
392 0.00117566
586 0.00117504
540 0.0011617
585 0.00116134
426 0.00116053
470 0.00115987
401 0.00115987
379 0.00115987
480 0.00115977
326 0.00115977
432 0.00115972
546 0.00115835
329 0.00114659
442 0.00114619
383 0.00114549
314 0.00114488
506 0.00114463
577 0.00114443
341 0.00114443
554 0.00114408
398 0.00114408
376 0.00114398
594 0.00114388
478 0.00114248
464 0.00113027
448 0.00112898
396 0.00112854
489 0.00112834
363 0.00112819
535 0.00112795
539 0.00112662
349 0.00111435
317 0.00111337
503 0.00111308
542 0.00111221
308 0.00111221
348 0.00111206
359 0.00109859
315 0.00109809
491 0.00109718
555 0.00109694
339 0.00109694
345 0.00109632
583 0.00109622
443 0.00109622
374 0.00109622
415 0.00109559
595 0.0010955
365 0.0010955
526 0.00108265
353 0.00108218
323 0.00108213
356 0.00108156
332 0.00108104
450 0.00108066
521 0.00108033
570 0.00106701
446 0.00106622
322 0.00106594
405 0.00106538
391 0.00106454
302 0.0010503
483 0.00104925
529 0.00103439
455 0.00103276
492 0.00103267
355 0.00103213
431 0.00101821
381 0.00101696
438 0.00101686
414 0.00101612
351 0.00100331
572 0.00100256
364 0.00100099
537 0.0010009
589 0.00100085
406 0.00100035
519 0.000986347
494 0.000985657
515 0.000971203
556 0.000969759
587 0.000969717
522 0.000969717
368 0.000969208
311 0.000953861
306 0.000937513
511 0.000921743
550 0.000921421
482 0.00090601
547 0.000889687
466 0.000857912
