33 0.00314762
98 0.00312621
59 0.00303166
74 0.00301207
41 0.00291167
47 0.00289617
73 0.00289067
46 0.00287478
70 0.00284508
36 0.00281102
61 0.0028089
7 0.00280015
89 0.00279742
1 0.00276208
5 0.00275689
20 0.00275387
9 0.00271561
2 0.00267592
21 0.00264671
93 0.00263784
53 0.00263586
52 0.00262931
64 0.00262821
24 0.00262786
79 0.00262291
8 0.00261976
69 0.00261896
90 0.00259942
27 0.00259564
30 0.00258163
62 0.00257287
23 0.0025685
55 0.00256788
57 0.00255917
75 0.00255382
13 0.00255278
29 0.00250501
91 0.00250263
68 0.00250116
12 0.00249986
66 0.00249908
58 0.00248667
28 0.00247989
44 0.00247601
19 0.00247495
49 0.00245933
84 0.00245746
6 0.00245575
78 0.0024542
88 0.00243718
34 0.00242328
63 0.00241837
38 0.00240694
35 0.00240235
17 0.00239869
76 0.00239853
26 0.00236776
31 0.00236567
94 0.0023458
92 0.00231709
83 0.00231525
80 0.00229567
54 0.00229381
39 0.00228056
32 0.00227924
96 0.00227521
242 0.00227321
214 0.00226335
40 0.00226327
60 0.00225694
16 0.0022484
168 0.00224735
86 0.00224271
85 0.00224021
65 0.00221588
227 0.00220986
226 0.00220903
50 0.00218479
18 0.0021805
3 0.00217119
4 0.00216733
160 0.00215552
15 0.00215423
99 0.00214245
77 0.00213918
289 0.00211982
71 0.00211848
72 0.00211065
25 0.00210589
119 0.00210236
218 0.00210092
87 0.00209596
135 0.00209129
138 0.00208424
209 0.00208376
266 0.00207385
173 0.00205744
156 0.00205551
270 0.00204692
208 0.00204671
106 0.00203901
134 0.00203888
136 0.00203778
243 0.00203765
42 0.00203672
95 0.00203349
14 0.00203333
178 0.00202897
286 0.00202872
162 0.00202034
130 0.00202034
104 0.00202034
121 0.00201048
197 0.00200155
81 0.0019984
124 0.00199316
48 0.00198508
278 0.00197426
251 0.00196475
229 0.0019645
158 0.00195692
97 0.00194999
220 0.00194758
10 0.00194062
37 0.00193854
264 0.00193735
191 0.00193735
297 0.00193694
225 0.00193014
233 0.00192849
257 0.00192829
260 0.00192192
159 0.00192192
176 0.00192108
155 0.00192052
152 0.00191884
11 0.00191677
82 0.00191512
210 0.00191134
157 0.00191134
223 0.00191125
292 0.00191104
187 0.00191039
139 0.00190335
166 0.0019027
153 0.00190256
235 0.00190112
280 0.00190106
269 0.00189473
105 0.00189411
277 0.00189334
231 0.00189211
67 0.00188567
163 0.00188428
120 0.00188428
207 0.00188303
151 0.00188303
22 0.00187655
252 0.00187616
148 0.00187615
185 0.00187538
103 0.00187522
125 0.00186753
237 0.00186675
45 0.00186182
248 0.00185846
249 0.00185804
244 0.00185804
293 0.00185765
287 0.00185693
183 0.00185687
298 0.00185629
262 0.0018494
196 0.00184782
142 0.00183914
206 0.00183899
114 0.00183899
212 0.00183887
154 0.00183861
0 0.00183737
143 0.00183127
591 0.00182926
288 0.0018222
110 0.0018214
43 0.00181885
259 0.00181369
245 0.00181299
253 0.00181181
122 0.00181181
167 0.00181124
295 0.00180396
174 0.00180264
112 0.00180144
51 0.00179488
131 0.00179422
190 0.00179381
265 0.00179332
133 0.00179258
228 0.00179188
150 0.00178478
170 0.00178452
201 0.00178389
246 0.00177546
140 0.00177546
241 0.0017677
200 0.00176724
267 0.00176666
115 0.00176637
456 0.00175783
234 0.0017576
111 0.00175735
282 0.00174957
281 0.00174892
232 0.00174854
141 0.00174851
283 0.00174803
263 0.0017473
250 0.00174666
193 0.0017384
475 0.00173839
144 0.00173108
146 0.00173101
171 0.00172215
179 0.00172203
290 0.00172187
116 0.00172172
221 0.00172085
213 0.00172082
255 0.00172007
175 0.00171395
552 0.00171393
321 0.00171393
294 0.00171331
180 0.00171227
113 0.00170396
216 0.0017031
211 0.00170287
486 0.00169472
118 0.00169415
247 0.00169404
498 0.0016936
149 0.00169298
271 0.00168407
165 0.00168407
123 0.00167701
296 0.00167677
127 0.00167593
469 0.00166862
195 0.00166798
215 0.00166687
285 0.00165891
276 0.00165795
202 0.00165712
181 0.00165712
399 0.00165684
393 0.00165051
56 0.00164934
129 0.00164861
109 0.00164854
172 0.00164789
510 0.00164094
199 0.00164089
117 0.00164078
203 0.00163995
126 0.00163959
275 0.00163861
581 0.00163162
186 0.00162967
108 0.00162301
182 0.00161404
479 0.00161369
411 0.00161356
240 0.00161298
425 0.00161282
189 0.00161251
442 0.00161229
593 0.00160455
198 0.001604
558 0.00160381
219 0.00160332
274 0.00160311
524 0.00159666
407 0.00159586
329 0.00159557
192 0.00159546
569 0.00159507
161 0.00159419
205 0.00159407
467 0.00158817
319 0.00158695
410 0.00158645
254 0.00158548
346 0.00158527
541 0.00157665
256 0.00157608
268 0.00157562
188 0.00157545
575 0.00156891
331 0.00156777
284 0.00156767
230 0.00155907
128 0.00155751
424 0.00154975
164 0.00154966
107 0.0015491
401 0.00154157
402 0.00154049
562 0.00154046
291 0.00153965
184 0.0015394
328 0.00153246
460 0.00153132
395 0.00152354
101 0.00152303
344 0.00152298
449 0.00152279
499 0.00152231
340 0.00152222
239 0.00152199
258 0.00152171
431 0.00151396
540 0.00150695
409 0.00150645
429 0.0015062
528 0.0015058
132 0.00150481
279 0.00150449
473 0.00150442
347 0.00150395
261 0.00150275
137 0.00150159
343 0.00149762
470 0.0014965
565 0.00149575
418 0.00149544
444 0.0014952
572 0.00149501
508 0.00149501
145 0.00149474
102 0.00149474
147 0.00149457
236 0.00149408
382 0.00148792
573 0.00148739
100 0.00148677
194 0.00148662
502 0.00148619
349 0.00148619
523 0.0014774
355 0.0014774
576 0.00147727
272 0.00147688
338 0.00147019
339 0.00146881
500 0.00146842
204 0.00146826
299 0.0014668
387 0.00146135
370 0.00146044
566 0.00146035
481 0.00146035
273 0.00145979
530 0.00145917
323 0.00145281
315 0.00145248
427 0.00145215
430 0.00145169
358 0.00145169
217 0.00144957
551 0.00144346
377 0.00144313
504 0.00144307
488 0.00144283
461 0.00144241
453 0.00144187
474 0.00144178
325 0.00144163
597 0.00144097
348 0.00143268
548 0.00142503
457 0.00142464
483 0.00142376
384 0.00142367
464 0.00142314
312 0.00142314
302 0.00142296
351 0.00141636
495 0.00141607
314 0.00141607
447 0.00141483
440 0.00141483
579 0.00141413
313 0.00141388
337 0.00141372
420 0.00140737
491 0.00140705
561 0.00140559
413 0.00140536
169 0.00140424
354 0.00139664
568 0.00138953
503 0.00138901
381 0.00138872
416 0.00138858
539 0.00138734
341 0.00138654
492 0.00138039
386 0.00138031
336 0.00138002
414 0.00137956
404 0.0013793
360 0.0013793
592 0.00137879
454 0.00137879
383 0.00137879
324 0.00137833
423 0.00137793
222 0.0013759
594 0.00137137
353 0.00137128
403 0.00137111
517 0.001371
363 0.00137069
590 0.00137054
501 0.00137054
536 0.00137029
391 0.00137029
421 0.00136969
545 0.00136929
466 0.00136887
493 0.00136127
507 0.00136119
417 0.00136076
596 0.00136031
514 0.00136017
238 0.00135875
549 0.00135366
570 0.00135321
316 0.00135296
559 0.00135293
309 0.00135251
322 0.00135175
452 0.0013513
468 0.00135108
529 0.00135091
513 0.00135091
408 0.00135086
490 0.00134363
385 0.00134349
439 0.00134316
304 0.00134274
422 0.00134266
472 0.00134227
436 0.00134227
509 0.00134216
433 0.00134207
305 0.00134207
476 0.00133492
448 0.00133489
398 0.00133462
563 0.00133352
598 0.00133351
533 0.00133329
485 0.00133326
462 0.00133307
350 0.00132604
303 0.00132414
342 0.00131685
375 0.00131554
390 0.00131549
458 0.00131538
518 0.00131527
586 0.00131524
359 0.001308
553 0.00130786
487 0.00130756
496 0.00130626
543 0.00130583
357 0.00129911
489 0.00129884
405 0.00129881
318 0.00129881
477 0.00129841
527 0.00129774
580 0.00129752
465 0.00129725
389 0.00129688
435 0.00128851
525 0.00128787
388 0.00128014
367 0.00127923
534 0.00127902
574 0.00127886
567 0.00127234
484 0.00127213
320 0.00127202
434 0.00127149
397 0.00127065
577 0.00127009
335 0.00126986
511 0.00126276
378 0.00126274
334 0.00126247
406 0.00126178
535 0.00126148
583 0.00125346
521 0.00125346
578 0.00125309
394 0.00125309
380 0.00125255
506 0.00125221
415 0.0012521
544 0.001252
584 0.0012447
595 0.00124431
307 0.00124431
588 0.00124299
224 0.0012401
557 0.0012357
443 0.00123542
589 0.00123445
560 0.00123383
369 0.0012264
326 0.0012264
372 0.00122605
311 0.00122551
441 0.00122544
432 0.00122544
333 0.00121789
516 0.00121764
451 0.00121764
556 0.0012165
505 0.0012165
426 0.0012165
400 0.0012165
564 0.00121643
550 0.00121643
356 0.00121627
522 0.00120802
412 0.00120749
332 0.00120749
177 0.00120423
352 0.00119995
361 0.00119987
327 0.00119987
554 0.00119935
306 0.00119935
512 0.00119923
542 0.001199
368 0.001199
582 0.00119848
480 0.00119776
455 0.00119098
300 0.00119061
537 0.00119033
376 0.00118999
515 0.00118959
437 0.0011888
308 0.00118188
450 0.00118159
428 0.00118132
532 0.00118046
317 0.00118024
310 0.00117278
555 0.00117145
494 0.00117145
599 0.00117077
546 0.00116376
538 0.00116376
365 0.00116316
587 0.00116294
531 0.00116244
497 0.00116222
520 0.00116193
362 0.00115336
547 0.00114524
459 0.00114524
463 0.00114434
373 0.00114429
379 0.00113684
371 0.00113623
438 0.0011189
471 0.00111856
374 0.00111819
585 0.00111773
366 0.00109103
526 0.00109046
392 0.00108266
446 0.00108134
364 0.00108086
419 0.00107335
482 0.00107217
571 0.00106409
345 0.00105564
445 0.00104662
396 0.00104514
330 0.00103583
519 0.00101857
478 0.000936613
301 0.000920109
