33 0.00376003
73 0.00371987
74 0.00368911
46 0.00351747
69 0.00343502
41 0.00343163
53 0.00338059
7 0.00336099
55 0.0033128
89 0.00328492
5 0.00326614
75 0.00326404
98 0.00326301
64 0.00324653
62 0.00323771
21 0.00322497
17 0.00320802
47 0.00320419
27 0.00320014
94 0.00319198
80 0.00318384
30 0.00318228
44 0.0031636
61 0.00316298
59 0.00315382
93 0.00313012
23 0.0031297
60 0.00312718
52 0.00312378
28 0.00311178
13 0.00310771
19 0.00308998
36 0.00306395
9 0.00305795
57 0.0030482
78 0.00303717
20 0.00303306
8 0.00303059
68 0.00302347
11 0.00301907
63 0.00301788
12 0.00299462
70 0.00299456
79 0.00298948
34 0.00298626
24 0.00297905
29 0.0029612
81 0.00295048
88 0.00294687
91 0.0029234
2 0.00292304
25 0.00291685
6 0.00291445
3 0.00290102
35 0.00289946
83 0.00289578
92 0.00286812
26 0.0028399
49 0.00283957
1 0.00280298
31 0.00280048
18 0.00279952
71 0.00279793
90 0.00279625
84 0.00279241
38 0.00279237
58 0.00275635
76 0.00274595
87 0.00274118
54 0.00273995
95 0.00273695
99 0.00272947
96 0.00272893
77 0.00271856
86 0.00271313
39 0.00270374
0 0.00270084
16 0.00268655
37 0.00266537
67 0.00266505
66 0.00265263
85 0.002642
72 0.00262967
40 0.00260837
42 0.00260802
48 0.00260549
50 0.00257378
10 0.00252321
15 0.00251721
82 0.00251324
65 0.00251202
32 0.00249112
43 0.00246477
4 0.00244634
14 0.00238906
162 0.00233739
45 0.00231823
229 0.00231392
226 0.00231167
97 0.0022817
152 0.00225977
22 0.00224853
242 0.00223826
267 0.00222168
237 0.00219762
212 0.00219425
216 0.00217479
270 0.00217327
243 0.00214985
252 0.00214447
227 0.0021303
56 0.00212932
235 0.00212716
208 0.00212673
156 0.00212245
173 0.00212141
106 0.00209827
51 0.00208641
167 0.00205738
220 0.00205567
215 0.00203597
122 0.00203597
214 0.00203427
198 0.00203081
148 0.00201325
228 0.00201311
161 0.00199039
127 0.0019897
254 0.00196703
210 0.00196328
133 0.00196328
136 0.00195837
100 0.00194139
144 0.00193902
171 0.00193074
209 0.00192083
295 0.00192069
138 0.00192002
289 0.00191922
189 0.00191922
160 0.00191815
244 0.00191388
153 0.00189768
195 0.00189755
288 0.00189742
143 0.00189742
114 0.0018961
157 0.00189398
178 0.00187467
130 0.00187454
159 0.00187428
154 0.00187271
246 0.00187063
251 0.00187045
134 0.00186829
297 0.00186777
139 0.00186777
207 0.00185114
163 0.00185088
202 0.00184895
184 0.00184895
117 0.00184522
113 0.00184471
286 0.00184317
264 0.001828
165 0.00182634
121 0.00182622
233 0.00180499
151 0.00180486
253 0.00180461
203 0.00179867
257 0.00178172
245 0.00178172
187 0.00178065
170 0.0017785
175 0.00177802
294 0.00177602
461 0.00177036
328 0.00176877
259 0.00175895
168 0.00175809
204 0.00175552
199 0.00175387
250 0.00175362
116 0.00175296
275 0.00174965
146 0.00174908
510 0.0017423
261 0.0017323
147 0.00173131
298 0.00173025
296 0.00172941
249 0.00172941
166 0.00172582
239 0.0017218
282 0.00171374
266 0.0017135
183 0.00171266
232 0.00171254
158 0.00171254
277 0.00171207
238 0.00171063
190 0.0017092
110 0.00170683
109 0.00170541
135 0.00170505
105 0.00170394
124 0.0016894
191 0.00168917
125 0.00168917
278 0.00168752
260 0.00168599
182 0.00168598
194 0.00168476
218 0.00168433
179 0.00168424
196 0.00166637
142 0.00166626
247 0.00166579
103 0.00166579
231 0.00166453
240 0.0016607
197 0.00165885
119 0.00164243
283 0.00164151
265 0.00164151
219 0.00164128
291 0.00163991
112 0.00163991
293 0.00163763
225 0.00163763
584 0.00163581
562 0.00162981
145 0.00162054
255 0.00161975
274 0.00161817
263 0.0016167
262 0.0016167
101 0.0016167
200 0.00161135
398 0.00160742
382 0.00160742
276 0.00159683
206 0.00159639
129 0.00159505
230 0.00159383
205 0.00159372
180 0.00159372
174 0.00159372
169 0.00159372
126 0.00159372
411 0.00159106
258 0.00159053
505 0.00157986
185 0.00157369
132 0.00157358
268 0.00157161
248 0.00157051
149 0.00157051
287 0.00157036
424 0.00156669
256 0.00155065
217 0.00155055
181 0.00154849
279 0.00154752
141 0.00154752
188 0.00154731
271 0.00154537
176 0.00154537
325 0.00154365
280 0.00154121
587 0.00154045
457 0.00153938
377 0.00153885
236 0.00152794
104 0.0015274
269 0.00152538
213 0.00152466
211 0.00152417
285 0.00152231
193 0.00152231
131 0.00152231
427 0.00152061
468 0.00151998
349 0.00151998
501 0.0015164
393 0.00151472
150 0.00150426
115 0.00150258
118 0.00150133
367 0.00149301
529 0.00148971
177 0.00148122
241 0.00148102
299 0.00147833
425 0.00147454
307 0.00147045
120 0.00145757
290 0.00145584
223 0.00145432
292 0.00145398
192 0.00145311
591 0.00145301
417 0.0014515
502 0.00145089
385 0.00144748
313 0.00144727
481 0.00144717
371 0.00144667
551 0.00144457
155 0.00143363
107 0.00143024
373 0.00142846
312 0.00142786
368 0.00142697
360 0.00142697
476 0.00142667
418 0.00142411
402 0.00142411
490 0.00142371
306 0.00142371
420 0.00142164
353 0.00142164
172 0.00140904
140 0.00140894
102 0.00140575
475 0.00140483
541 0.00140347
458 0.00140347
480 0.0014023
496 0.00140114
355 0.00140026
460 0.00140017
108 0.00138642
272 0.00138594
221 0.00138571
123 0.00138322
419 0.00138065
538 0.00137836
435 0.00137836
596 0.00137817
495 0.00137807
363 0.00137778
473 0.00137731
327 0.00137578
224 0.00136464
222 0.00136341
284 0.00136085
593 0.00136047
561 0.00135934
491 0.00135934
459 0.00135934
517 0.00135764
484 0.00135632
345 0.00135632
599 0.00135538
351 0.00135538
439 0.00135529
539 0.0013552
357 0.00135286
128 0.00134049
164 0.00133965
592 0.0013363
454 0.0013363
453 0.0013363
331 0.0013363
370 0.00133491
310 0.00133241
573 0.00133232
555 0.00133167
400 0.00133167
311 0.00133167
548 0.00133112
597 0.00132928
437 0.00132928
281 0.00131903
273 0.00131655
390 0.00131326
338 0.00131326
534 0.00131271
433 0.00131271
410 0.00131235
536 0.00131189
395 0.00131189
446 0.00131162
568 0.0013089
428 0.0013089
426 0.00130871
412 0.00130871
436 0.00130844
552 0.00130564
350 0.00130564
137 0.00129408
186 0.00129345
467 0.00129183
397 0.00129022
304 0.00129022
444 0.00128968
394 0.00128888
416 0.00128664
486 0.00128638
500 0.00128629
369 0.00128593
343 0.00128451
201 0.00127115
111 0.00127036
521 0.00126718
340 0.00126665
399 0.00126577
560 0.0012656
557 0.0012656
477 0.00126367
546 0.00126349
507 0.00126341
544 0.00126297
485 0.00126253
519 0.00126244
509 0.00126244
409 0.00125983
415 0.00125937
396 0.00124423
569 0.00124414
558 0.00124414
470 0.00124284
391 0.00124284
376 0.00124284
511 0.00124259
528 0.00124069
589 0.00124052
429 0.00123932
315 0.00123821
423 0.00123761
403 0.00122263
571 0.0012211
448 0.0012211
434 0.0012211
464 0.00122059
493 0.00121856
445 0.00121839
364 0.00121839
308 0.00121839
456 0.00121746
329 0.00121746
533 0.00121738
330 0.00121704
337 0.00121528
335 0.00121469
387 0.00121402
383 0.00119806
374 0.00119806
579 0.00119756
532 0.00119656
438 0.00119595
392 0.0011954
320 0.00119458
520 0.00119408
487 0.00119408
422 0.00119391
472 0.00119367
504 0.00119342
513 0.00119177
389 0.00119177
302 0.00119177
524 0.00119111
598 0.00117502
431 0.00117502
530 0.00117453
401 0.0011738
450 0.00117355
300 0.00117355
564 0.0011716
452 0.00117144
413 0.00117144
324 0.00117144
469 0.00117136
545 0.00117071
523 0.00117071
576 0.00117063
574 0.00116885
323 0.00116885
234 0.0011547
447 0.00115198
326 0.00115198
346 0.0011515
305 0.0011515
372 0.00115078
479 0.00114959
512 0.00114879
366 0.00114879
358 0.00114879
580 0.00114863
333 0.00114863
341 0.00114768
572 0.00114593
525 0.00114593
583 0.00112894
342 0.00112894
388 0.00112777
582 0.00112753
379 0.00112644
352 0.00112644
575 0.00112581
414 0.00112581
332 0.00112504
498 0.0011248
303 0.00112472
567 0.00112301
540 0.00110729
537 0.0011059
503 0.0011059
442 0.00110544
542 0.00110475
553 0.00110452
590 0.00110284
535 0.00110269
463 0.00110269
441 0.00110269
586 0.00110185
514 0.00110177
471 0.00109949
482 0.00108294
559 0.00108286
334 0.00108286
322 0.00108286
489 0.00108151
406 0.00108061
595 0.00107986
430 0.00107986
319 0.00107986
566 0.00107964
554 0.00107926
421 0.00107912
516 0.00105982
488 0.00105982
451 0.00105982
462 0.00105938
316 0.0010585
565 0.00105674
375 0.00105674
581 0.00105667
381 0.0010563
380 0.00105616
585 0.00105586
577 0.00105586
547 0.00103678
378 0.00103678
344 0.00103678
549 0.00103563
317 0.00103463
492 0.00103448
365 0.00103391
309 0.00103391
556 0.0010332
506 0.0010332
499 0.00103291
386 0.00103184
440 0.00101374
404 0.00101269
466 0.0010115
550 0.0010108
449 0.0010108
354 0.0010108
348 0.0010108
518 0.00101066
321 0.00100786
594 0.000988507
347 0.000988507
432 0.000987823
362 0.000987823
465 0.000987686
483 0.000987276
361 0.000985979
318 0.000967664
314 0.000967664
497 0.000965652
543 0.000965518
455 0.000965518
494 0.000964316
339 0.000964316
508 0.000962584
356 0.000942661
588 0.000941486
474 0.000941356
527 0.0009409
384 0.000918905
301 0.000897548
407 0.000894075
443 0.000875506
526 0.000872054
405 0.000852466
578 0.000851579
570 0.000849987
336 0.000828391
563 0.000826156
478 0.000804042
515 0.000780259
359 0.000761465
522 0.000735735
408 0.000735633
531 0.000551038
