73 0.0199531
1 0.0107937
62 0.0107341
44 0.0105689
19 0.0102937
219 0.00943548
178 0.00937077
216 0.00893436
16 0.00885614
75 0.00868167
13 0.00816542
3 0.00779005
196 0.00776572
226 0.00766626
132 0.00762854
213 0.00761546
29 0.00751473
246 0.0074012
33 0.00729063
76 0.00724758
227 0.00710746
4 0.00708554
243 0.0069976
229 0.00695991
18 0.00692567
51 0.00690964
46 0.00669485
14 0.00657382
58 0.00646523
78 0.00635481
40 0.0062067
117 0.00616038
69 0.0060535
77 0.0060365
157 0.00600656
212 0.0059796
153 0.00597115
215 0.00590949
37 0.00584311
61 0.00583569
108 0.00577213
247 0.00574123
24 0.0057383
184 0.00568468
52 0.00564355
211 0.0056065
48 0.00560433
23 0.00550665
131 0.00550119
8 0.00547994
113 0.00546356
43 0.00546305
45 0.00545913
210 0.00543566
28 0.00542261
242 0.0053793
201 0.00537001
11 0.00533332
66 0.0053315
206 0.00528966
34 0.00526619
101 0.00526261
88 0.00520829
161 0.00517612
194 0.00511252
223 0.00504835
231 0.00504175
238 0.00504133
72 0.00501118
65 0.00500009
85 0.00497773
83 0.00491972
165 0.00490072
0 0.00486165
224 0.00483809
200 0.00482372
27 0.00481747
236 0.00478801
100 0.004779
187 0.0047783
133 0.00477716
39 0.00473644
21 0.00471584
122 0.00468137
240 0.00465532
31 0.00463299
53 0.00455351
54 0.00454846
9 0.00454177
220 0.00453545
6 0.00453103
112 0.0045087
209 0.00449084
174 0.00443876
86 0.00443358
93 0.00442878
20 0.00442856
25 0.00441643
214 0.00441493
234 0.00439488
239 0.00438164
199 0.00436016
15 0.00426832
89 0.00426622
168 0.00426509
64 0.00422932
92 0.00415262
233 0.00414979
67 0.00404558
97 0.00404365
245 0.00395834
91 0.00393368
38 0.00392652
191 0.00391959
63 0.00387414
144 0.00382488
17 0.00381751
195 0.0038157
185 0.00379027
228 0.00377836
162 0.00377138
121 0.0036926
154 0.0036814
35 0.00367261
171 0.00366392
49 0.00366319
155 0.00364911
42 0.00363738
186 0.00361504
110 0.00360196
82 0.00354664
159 0.00353904
106 0.00348417
140 0.00344926
68 0.00343808
232 0.00342374
2 0.00342097
36 0.00341213
80 0.00339621
55 0.00335854
203 0.00335803
32 0.00335753
241 0.00325422
169 0.00323237
59 0.00322592
70 0.00321547
225 0.00318171
129 0.00313776
189 0.00312099
130 0.00311531
180 0.00311202
12 0.00309759
136 0.00301855
146 0.00299018
114 0.00293258
249 0.00289299
41 0.0028624
81 0.00282178
47 0.00280949
143 0.00279517
95 0.00276892
244 0.0027504
10 0.00272691
5 0.00269722
166 0.00269218
192 0.00268963
202 0.00268729
179 0.00265838
235 0.0026254
175 0.00260486
173 0.00258989
128 0.00258948
126 0.00256507
222 0.00254727
167 0.00253881
221 0.00253525
56 0.00252276
30 0.0024889
148 0.0024737
50 0.00241022
118 0.00240768
99 0.00237807
164 0.00237343
71 0.00235628
125 0.00235577
98 0.00235344
96 0.0023241
87 0.00232136
7 0.00231335
163 0.00227234
217 0.00226105
79 0.00225753
151 0.00225366
109 0.00224836
181 0.00223229
193 0.0022306
57 0.00218433
188 0.00218412
90 0.00217704
84 0.00217447
60 0.0021505
158 0.00212209
172 0.00209995
139 0.00208306
152 0.00201994
116 0.00199933
94 0.00199584
105 0.00198742
138 0.00197772
205 0.00196017
145 0.00195317
26 0.00193921
156 0.00193837
182 0.00190993
147 0.0018744
135 0.00186103
198 0.00184266
160 0.00183315
150 0.00179166
177 0.00178763
204 0.00176224
207 0.00173351
237 0.00170967
104 0.00170664
141 0.00167296
230 0.00163733
149 0.00160903
134 0.00156301
120 0.00155149
183 0.00150259
22 0.00148231
119 0.00145027
74 0.0014127
103 0.00140852
170 0.00140026
123 0.00138306
111 0.00122693
208 0.00116898
176 0.00114901
115 0.00113628
218 0.00109632
190 0.00100699
248 0.000967513
124 0.000926231
142 0.000905874
197 0.000791511
102 0.000446361
107 0.000432136
137 0.000419818
127 0.000412045
