3980 0.142079
0 0.0710929
3990 0.0620105
885 0.0619199
4016 0.0618838
4025 0.0617652
4007 0.0617136
179 0.0569545
698 0.0562646
2774 0.0555221
3437 0.0554216
3074 0.0554107
3127 0.0553563
3055 0.0552996
259 0.0544962
8 0.0544844
867 0.0544064
91 0.054069
870 0.0537775
881 0.0535348
49 0.0517012
3037 0.0513683
2792 0.0513648
2691 0.0512367
4030 0.0507511
4023 0.0503618
776 0.0502199
532 0.0484919
3180 0.0482772
2732 0.0481564
181 0.0480557
4 0.0479974
874 0.0478706
275 0.0478166
3131 0.0477586
2930 0.0477044
3181 0.0477028
564 0.047667
872 0.0475723
879 0.0473494
364 0.0470286
4027 0.0468302
686 0.0467775
1890 0.0465351
319 0.046522
89 0.0465171
895 0.0464486
3998 0.0461899
3251 0.0456229
2421 0.0449609
3987 0.0449292
4012 0.0448735
3147 0.0447495
4001 0.0447494
2817 0.0447487
4029 0.0445563
306 0.044344
328 0.0443432
195 0.0442371
192 0.0442015
273 0.0441778
218 0.0441702
3999 0.0441421
78 0.0441243
219 0.0440164
453 0.0437583
1002 0.0437109
1105 0.0436453
871 0.0435056
4031 0.0432542
3200 0.0431991
143 0.042832
198 0.0428283
4017 0.0426013
95 0.0425398
3616 0.042389
2861 0.0420834
757 0.0420074
3372 0.0418557
501 0.0416545
441 0.0416102
399 0.0415524
2902 0.0415151
3982 0.0414065
4000 0.0412064
3141 0.0410053
1046 0.0409752
6 0.040963
1586 0.0408614
2483 0.0408232
2595 0.040818
147 0.0407373
866 0.0407295
230 0.0406806
175 0.0406383
581 0.0404516
642 0.040382
717 0.0403202
855 0.0403113
873 0.0401727
887 0.0401664
852 0.0401339
244 0.0399012
312 0.0398928
1194 0.0397745
233 0.0397066
282 0.0396463
3846 0.0395663
33 0.039519
256 0.0395154
42 0.039454
227 0.0393717
3746 0.0393165
3407 0.0390951
3268 0.0390951
858 0.0388444
3789 0.0387227
437 0.0386969
2487 0.0386829
3799 0.0385656
2281 0.0385171
3053 0.0381133
3638 0.0380287
2527 0.0378587
3439 0.0378069
3994 0.0376927
99 0.0376555
3725 0.0374807
414 0.0370439
182 0.0369363
177 0.036571
3538 0.0364422
3546 0.0364212
3743 0.036338
3989 0.0362672
2535 0.0361232
3720 0.0359438
393 0.0359204
4004 0.035832
3679 0.0358145
3997 0.0357519
1208 0.0356262
4014 0.0355011
264 0.0354763
3986 0.0354391
348 0.0354082
3122 0.0352867
110 0.0352476
3218 0.0352373
3868 0.0351276
4021 0.0351169
3662 0.0349688
3105 0.0349487
3354 0.0349031
81 0.0346254
4038 0.0344662
2437 0.0343978
2106 0.0342777
4009 0.0341954
278 0.0341264
3996 0.0341044
884 0.0337055
894 0.033705
1240 0.0336396
2670 0.033563
1202 0.0334394
3628 0.0334241
3995 0.0333261
23 0.0333142
19 0.0332676
225 0.0331566
2094 0.0330787
171 0.0330694
3318 0.0330371
3473 0.0330064
1627 0.0329334
41 0.0329326
1027 0.0329267
4020 0.0326368
3751 0.0326158
174 0.0325349
889 0.0323074
732 0.0322823
3490 0.0322617
3932 0.0321515
193 0.0321492
386 0.032054
864 0.0319574
2703 0.0318772
115 0.0316968
2799 0.0315389
798 0.0314358
3271 0.0314003
2558 0.031343
876 0.0312971
476 0.0311926
3536 0.0311919
4026 0.0311306
3923 0.0310189
1499 0.0309546
3918 0.0309303
3981 0.0309059
3949 0.0308042
863 0.0307866
3624 0.0307825
3325 0.0307515
2959 0.0306458
806 0.0305998
137 0.0304999
3382 0.0304455
157 0.0304261
3549 0.03028
3742 0.0301299
3774 0.0300575
2301 0.0300294
2972 0.0300214
2245 0.0299656
3562 0.0298696
3898 0.029783
3669 0.0297327
3813 0.0296734
1030 0.0296494
3700 0.0296207
3917 0.0296173
583 0.0295721
3695 0.0295642
3911 0.0294481
3883 0.0294337
3864 0.0294241
351 0.029422
3309 0.0294174
714 0.029357
839 0.0292856
627 0.0292671
3613 0.0292233
310 0.0291579
326 0.0291385
658 0.0290923
3739 0.0290897
3479 0.0290434
1684 0.0290417
600 0.0290087
3649 0.0289907
3912 0.0289593
3008 0.0289535
68 0.0289036
3283 0.0289008
661 0.0288957
662 0.0288954
729 0.0288922
4002 0.0288773
90 0.0288444
3985 0.0288424
3314 0.0287703
3571 0.0287239
955 0.0286881
145 0.0286839
343 0.028678
4019 0.0286301
3423 0.0285998
2949 0.0285629
3988 0.0285277
833 0.0284688
615 0.0284129
1956 0.0283795
640 0.0283686
3502 0.028363
3861 0.0282227
578 0.0281705
356 0.0281589
1368 0.0281137
3993 0.0280537
2982 0.0280292
1138 0.0280169
659 0.0280046
675 0.0278778
643 0.0278558
3757 0.0277515
3716 0.0276948
2879 0.0276913
3836 0.0276869
878 0.0276395
681 0.027627
3595 0.0275776
3567 0.0275748
3701 0.0275586
1889 0.027497
3481 0.027456
3516 0.0273535
301 0.0273499
3874 0.0272556
904 0.0272077
1776 0.027146
3894 0.0271328
111 0.0271008
670 0.0270965
599 0.0270619
3849 0.026996
1657 0.0269713
3523 0.0269005
3444 0.0268643
3957 0.0267841
337 0.0267574
2886 0.0267526
910 0.026751
58 0.0267263
650 0.0266975
411 0.0266641
327 0.026626
3933 0.0265698
2889 0.0265539
3954 0.026551
1071 0.0265122
3487 0.0264682
1253 0.0264472
3801 0.0264234
383 0.026364
3647 0.0263419
3759 0.0263398
3446 0.0263298
3581 0.0262676
3887 0.0262185
979 0.0262045
20 0.0261761
822 0.0261689
632 0.0261512
286 0.0260654
464 0.0260434
201 0.0260161
296 0.0259938
167 0.0259842
3513 0.0259416
592 0.0259261
97 0.0259229
886 0.0259159
3530 0.0259025
3587 0.0259001
401 0.0258964
263 0.0258832
253 0.0258082
582 0.0257916
893 0.0257811
3579 0.0257458
3500 0.0257198
3819 0.025694
3322 0.0256712
1788 0.0256592
3657 0.025644
577 0.0256416
3465 0.0256258
3787 0.0256054
771 0.0255441
2034 0.0255332
3892 0.0255256
3551 0.025518
804 0.0254529
3863 0.0254135
1111 0.0254065
3126 0.0253865
3791 0.0253507
1218 0.025321
4013 0.0253193
877 0.0253128
1043 0.025285
2776 0.0252802
3519 0.0252351
116 0.025204
377 0.0251176
243 0.0250853
572 0.0250689
47 0.0250655
214 0.0250417
2204 0.02504
3478 0.0249916
107 0.0249598
1403 0.0249542
1016 0.0249107
3749 0.0249086
149 0.0248998
3837 0.024865
467 0.0248494
635 0.0248389
579 0.0247823
2017 0.0247694
3675 0.0247273
3128 0.0247221
3885 0.024698
856 0.0246454
1224 0.0246429
2168 0.0245491
3963 0.0245137
3489 0.024491
3676 0.0244861
4018 0.0244849
3066 0.0244774
3580 0.024457
861 0.0243587
226 0.0243514
3708 0.0242734
3216 0.0242518
3776 0.0242486
3830 0.0242425
2699 0.0242393
888 0.0242158
3541 0.024177
1693 0.0241391
498 0.0241009
93 0.0240445
4036 0.0239938
384 0.0239187
3594 0.0239185
2167 0.0239119
14 0.0239053
818 0.0238675
3975 0.023843
3652 0.0238214
909 0.023795
2456 0.0237443
552 0.0237321
131 0.0237259
4005 0.0236937
144 0.0236459
2650 0.0236175
3747 0.023594
3727 0.0234753
789 0.0234724
3960 0.0234476
3655 0.023398
245 0.0233925
3665 0.0233671
3745 0.0233181
3920 0.0232796
712 0.0232636
3476 0.023223
3919 0.0231736
595 0.0231135
956 0.0231071
127 0.0230341
173 0.0229595
3639 0.0229524
828 0.0229459
573 0.022944
4028 0.0228758
3682 0.0227762
1177 0.0226299
3336 0.022622
3696 0.0225071
32 0.0224136
3857 0.0223633
3455 0.0223338
3723 0.0222562
3544 0.0222434
594 0.0222042
630 0.0221739
2486 0.0221631
665 0.0221617
2349 0.0221551
2439 0.022153
197 0.0221522
4011 0.0221515
3091 0.0221428
102 0.0220841
346 0.022009
284 0.0219573
882 0.0219031
3442 0.0218311
320 0.0218194
2320 0.0218019
1254 0.0217949
3504 0.0217411
251 0.0216486
3961 0.0216164
2824 0.0216103
28 0.0215744
71 0.0215646
2671 0.021509
2983 0.0215088
241 0.0214569
2721 0.0214516
281 0.0214314
2313 0.0214275
2444 0.0213967
647 0.0213826
3610 0.0213823
3806 0.0213815
184 0.0213779
255 0.0213442
1992 0.0213269
155 0.0212843
2926 0.0212789
702 0.0212235
36 0.0212228
3897 0.0211853
3531 0.0211708
2170 0.0211614
912 0.0211415
3967 0.0210698
775 0.0210171
3401 0.0210055
2076 0.0209784
3925 0.0209663
768 0.0209561
3847 0.0208859
3376 0.0208396
899 0.0208097
749 0.0207905
736 0.0207798
1733 0.0207689
3028 0.0207381
782 0.0207131
1607 0.0206546
3809 0.0206533
307 0.0206003
2528 0.020544
825 0.020516
3599 0.0204623
3629 0.0203949
2217 0.020352
3311 0.0203435
707 0.0203212
3606 0.0202784
92 0.020271
100 0.0202605
53 0.0202126
454 0.0202046
3905 0.0201104
2805 0.0200948
1548 0.0200845
1912 0.0200716
2263 0.020059
1988 0.020048
3083 0.0199745
2450 0.0199463
1045 0.0199331
3783 0.0199331
1895 0.0199011
1837 0.0198815
901 0.0198676
3848 0.0198545
3338 0.0198502
1197 0.0198417
3521 0.0198083
3844 0.0198079
135 0.0197793
3427 0.0197424
94 0.0197103
2565 0.0196941
1118 0.0196941
2622 0.0196883
725 0.0196557
1097 0.0196326
101 0.0195564
309 0.0195542
86 0.0195272
249 0.0195252
1996 0.0194689
689 0.019456
2207 0.0194407
2321 0.0194322
3585 0.0194176
3553 0.0194134
617 0.0194088
299 0.0193955
654 0.0193904
3740 0.019387
180 0.0193233
3921 0.0193159
713 0.0193087
3908 0.0192596
119 0.0192479
2 0.0192042
1798 0.0191938
616 0.0191324
266 0.0191095
424 0.0190655
25 0.0190324
3121 0.0189959
194 0.0189747
3825 0.0189536
2113 0.0189487
3814 0.0189414
17 0.0189335
260 0.0189277
1216 0.0189155
3991 0.0188833
112 0.0188057
302 0.0187794
3661 0.0187362
1838 0.0186753
293 0.0186342
767 0.0186244
551 0.0185903
3637 0.018561
1452 0.0185373
2513 0.0185019
1687 0.0184561
457 0.0184534
1333 0.0184228
254 0.0184117
745 0.0184045
3425 0.018364
1442 0.0183356
3447 0.0183096
3775 0.018288
805 0.0182728
705 0.0182582
719 0.0182283
1378 0.0182123
518 0.0181959
1533 0.0181637
140 0.018142
150 0.0181342
333 0.0181231
242 0.0180781
516 0.0180314
619 0.0179497
486 0.0179374
4033 0.0178954
3992 0.0178889
56 0.0178765
746 0.0178749
1880 0.0177917
3626 0.01779
903 0.0177497
80 0.0177318
166 0.0176813
3904 0.0176727
2401 0.0176679
3733 0.0176637
3548 0.0176631
64 0.0176138
3537 0.0175953
1787 0.0175781
791 0.0175455
1468 0.0175362
3508 0.0175176
2548 0.0175171
865 0.0174891
187 0.0174801
554 0.0174692
2041 0.0174592
3505 0.0174298
868 0.0174279
3728 0.0173936
2426 0.0173847
3812 0.0173819
3045 0.017353
653 0.0173518
680 0.0173482
124 0.0173271
3592 0.0172844
46 0.0172829
963 0.0172827
576 0.0172804
3690 0.0172739
3003 0.0172549
3584 0.0171962
3477 0.0171657
1000 0.0171648
3506 0.0171406
277 0.0171352
618 0.0171346
204 0.0171263
3964 0.0171097
189 0.0171065
3710 0.0170914
2838 0.0170826
4003 0.0170238
1601 0.0170144
3565 0.0169752
636 0.0169715
217 0.0169539
3722 0.016952
4037 0.0168568
3867 0.0168544
1760 0.0168206
24 0.0168035
1137 0.0167878
3952 0.0167807
509 0.0167787
824 0.0167767
3829 0.016738
1808 0.0167249
1133 0.0167153
3713 0.016704
152 0.0167014
1822 0.0166941
3950 0.0166902
770 0.0166769
52 0.0166688
1568 0.0166278
1840 0.016618
625 0.0166057
3691 0.0165726
468 0.0165691
443 0.0165647
584 0.0165613
3560 0.0165148
205 0.0164995
992 0.0164783
2515 0.016439
3945 0.0164093
3744 0.0164005
3717 0.0164003
1961 0.0163981
162 0.0163852
369 0.0162836
3636 0.0161784
108 0.0161107
938 0.0161081
330 0.0160979
3539 0.0160825
3907 0.0160762
1050 0.016074
472 0.0160558
678 0.01604
3793 0.0160307
2997 0.01603
271 0.0160281
1307 0.0160253
857 0.016024
2933 0.0160204
747 0.0160098
3871 0.0160052
3596 0.015995
122 0.0159895
2962 0.0159472
677 0.0159351
3979 0.0159174
322 0.0158683
684 0.0158621
1136 0.0158611
628 0.0158426
3664 0.0157894
816 0.015784
3402 0.0157623
796 0.0157412
1705 0.0157307
3063 0.0157004
597 0.015636
1711 0.0156208
3545 0.0156065
3835 0.0156038
3738 0.0155889
3766 0.0155818
3938 0.0155595
247 0.0155554
3698 0.0155386
769 0.0155304
139 0.0155239
269 0.0154974
644 0.015494
3469 0.0154475
784 0.0154409
4006 0.0153915
3946 0.0153729
3012 0.015369
1494 0.0153413
3939 0.015317
2621 0.0153072
697 0.015296
3529 0.0152877
1493 0.0152732
3781 0.0152697
609 0.0152645
1057 0.0152609
1319 0.0152527
1360 0.015244
694 0.0152274
3593 0.0152265
9 0.0152211
2788 0.0152162
589 0.0152128
3590 0.0152071
262 0.015206
2490 0.0151945
3924 0.0151927
21 0.0151797
339 0.0151676
77 0.0151442
4032 0.0151202
603 0.015099
1055 0.0150951
3906 0.0150925
724 0.0150849
3464 0.0150729
3290 0.0150562
740 0.0150554
958 0.0150402
3641 0.0150388
1905 0.0150267
357 0.0150192
1797 0.0150033
3566 0.0149942
781 0.0149846
220 0.0149822
3680 0.0149815
1252 0.0149805
1896 0.0149522
252 0.0149399
5 0.014933
688 0.0149273
1232 0.0149194
505 0.0149171
3443 0.0149076
239 0.0148966
2808 0.0148913
3823 0.0148888
3753 0.0148859
3875 0.014882
202 0.0148672
1371 0.0148667
823 0.0148537
2255 0.01484
728 0.0148377
3617 0.0148236
3155 0.0148206
3466 0.0147976
3771 0.0147724
1555 0.0147654
26 0.0147476
67 0.0147212
830 0.0147196
3901 0.0146994
3916 0.0146641
695 0.014654
3659 0.0146418
2885 0.0146371
3634 0.0146292
237 0.0146266
1825 0.0146122
1266 0.0145901
3460 0.0145591
304 0.0145191
2412 0.014513
2156 0.0145044
3808 0.0144981
88 0.0144629
3956 0.0144415
787 0.0144134
3752 0.0144086
3833 0.0144083
3644 0.0143841
2834 0.0143559
1564 0.0143531
742 0.014345
3850 0.0143302
51 0.0142857
3633 0.0142552
1441 0.0142496
3758 0.014247
3558 0.0142386
1676 0.0142209
832 0.0142107
720 0.0141773
3472 0.0141731
1806 0.0141566
1144 0.0141527
1567 0.0141392
1270 0.0141283
622 0.0141273
834 0.0141227
827 0.0141227
1648 0.0140999
3826 0.0140991
2126 0.0140971
908 0.0140909
3711 0.0140908
1387 0.0140853
1174 0.0140509
3495 0.0140334
3761 0.0140288
682 0.014021
664 0.0140209
3951 0.0140114
3445 0.0140062
3672 0.0140059
61 0.0139913
7 0.0139703
1264 0.0139294
1585 0.0139258
786 0.013913
1505 0.0139087
3888 0.0139083
83 0.0139024
3077 0.0138935
283 0.0138833
3482 0.0138774
3862 0.0138697
380 0.0138658
1854 0.013864
3486 0.0138589
154 0.0138511
3300 0.013849
3694 0.0138359
3794 0.0137855
703 0.0137739
159 0.0137542
3838 0.0137541
793 0.0137414
3568 0.0136683
1486 0.0136678
3368 0.0136615
1511 0.0136531
2466 0.013653
929 0.0136032
853 0.0135821
631 0.0135785
611 0.013572
3810 0.0135395
739 0.0135384
3526 0.0135247
499 0.0135145
623 0.0134555
2771 0.0134533
3756 0.0134519
3927 0.0134441
3554 0.0134422
2999 0.0134416
3685 0.0134142
3648 0.0134116
3899 0.0134063
2015 0.013398
228 0.0133975
170 0.0133889
842 0.0133643
1314 0.0133602
270 0.0133597
3632 0.013349
1064 0.0133468
848 0.0133446
3256 0.0133344
151 0.0133293
1562 0.013324
261 0.0133219
3598 0.0133177
1664 0.0133163
531 0.0133132
1701 0.0132969
2431 0.0132951
3822 0.0132752
3653 0.0132601
3608 0.0132583
2634 0.0132542
726 0.0132512
200 0.0132438
890 0.0132305
120 0.0132079
2505 0.0131972
389 0.0131875
790 0.0131582
1960 0.0131487
1087 0.0131337
1297 0.0131297
1615 0.0131109
381 0.0130899
685 0.0130694
329 0.0130586
504 0.0130575
3061 0.0130223
802 0.0130169
800 0.0130147
605 0.0130138
819 0.0130023
1831 0.0129968
2422 0.0129924
76 0.0129844
691 0.0129833
2375 0.0129788
1995 0.0129333
3930 0.012924
1642 0.0129163
3705 0.0129032
3405 0.0128998
3308 0.0128995
3900 0.0128972
1866 0.0128846
190 0.0128842
1421 0.0128772
734 0.0128726
3612 0.0128559
1212 0.0128519
1410 0.0128485
829 0.0128422
1747 0.0128416
3684 0.0128107
1544 0.0128075
1629 0.0128012
1433 0.0128002
2129 0.0127988
3677 0.0127789
3511 0.0127745
3510 0.0127685
1328 0.0127677
3824 0.012721
1317 0.0127192
1356 0.0127175
1951 0.012699
2978 0.0126975
3699 0.0126891
478 0.012684
2935 0.012684
280 0.0126811
2049 0.0126754
3619 0.0126481
2789 0.0126425
1171 0.0126257
3468 0.0126223
1910 0.0125946
1936 0.0125649
3586 0.0125459
2173 0.0125324
469 0.0125228
3821 0.0125129
3782 0.0125097
48 0.0125061
2335 0.0125033
3947 0.0124902
31 0.0124855
285 0.0124832
188 0.0124703
315 0.0124691
172 0.0124617
626 0.0124573
1980 0.0124252
1053 0.012423
1127 0.0124114
869 0.0124068
272 0.0123919
3972 0.0123912
3231 0.0123788
1975 0.012371
2734 0.0123555
563 0.0123506
612 0.0123364
3615 0.0123139
598 0.0122947
1860 0.0122944
2893 0.0122938
199 0.0122875
2361 0.0122714
3983 0.0122682
633 0.0122626
1295 0.0122615
1974 0.0122549
708 0.0122539
40 0.0122497
203 0.0122463
29 0.0122301
2614 0.0122291
2317 0.0122243
939 0.0122218
2481 0.0122199
3870 0.0122118
727 0.0122112
2364 0.0122051
1814 0.0122025
1157 0.0121961
937 0.0121896
349 0.0121824
3803 0.0121753
1363 0.0121686
3611 0.0121628
846 0.0121606
118 0.0121404
2051 0.0121243
168 0.0121231
2651 0.0121051
2645 0.0121022
2488 0.012094
3880 0.0120808
3768 0.0120806
2448 0.0120778
1972 0.0120745
3718 0.0120679
1937 0.0120657
1134 0.0120418
422 0.0120305
3869 0.0120148
3915 0.0120129
1599 0.01201
2160 0.0120068
3816 0.0119999
2767 0.0119992
3969 0.011997
1703 0.0119899
130 0.0119891
797 0.0119707
753 0.0119703
1731 0.0119461
3604 0.0119444
3139 0.0119352
2724 0.0119318
534 0.0119212
718 0.0119198
3398 0.0119142
376 0.0118989
815 0.0118952
3564 0.0118864
2171 0.0118787
522 0.0118714
3498 0.0118589
859 0.0118537
347 0.0118518
574 0.0118479
3470 0.0118468
2357 0.0118343
1325 0.01183
2286 0.0118058
1098 0.0118035
98 0.0118001
2397 0.0117885
3643 0.0117849
773 0.0117792
2411 0.0117633
196 0.011763
3602 0.0117549
3764 0.011753
323 0.0117468
1162 0.0117387
3392 0.0117348
862 0.0117192
2587 0.0117049
820 0.011704
2284 0.0116853
1588 0.0116824
2152 0.0116785
3535 0.0116672
3266 0.0116628
2236 0.0116625
2341 0.0116608
361 0.011657
2657 0.0116412
803 0.0116328
3561 0.0116309
2107 0.0116298
3968 0.0116256
1304 0.011614
3441 0.0116123
213 0.0116123
2497 0.0115963
82 0.0115899
2371 0.0115712
3735 0.01157
236 0.011567
186 0.0115599
1277 0.011554
3 0.0115446
2178 0.0115426
3891 0.011535
3640 0.011533
3488 0.0115286
2922 0.0115284
3779 0.0115278
3872 0.0115223
3931 0.0115183
429 0.0115145
3792 0.0115052
849 0.0115017
795 0.0114755
2570 0.0114662
928 0.0114514
811 0.0114502
57 0.0114472
588 0.0114451
621 0.0114418
752 0.0114388
3569 0.0114137
313 0.011407
3671 0.0113957
3714 0.0113928
3706 0.0113887
3790 0.0113881
758 0.0113829
1472 0.011377
3970 0.0113637
1478 0.0113603
3533 0.0113529
2001 0.0113521
850 0.0113355
3778 0.0113305
780 0.0113076
2100 0.0113027
1383 0.0112964
3499 0.0112817
1 0.0112777
3020 0.0112776
406 0.0112748
961 0.0112665
3663 0.0112613
1779 0.0112456
2006 0.0112441
1593 0.011242
666 0.0112384
809 0.0112257
332 0.0112164
1654 0.0112149
2538 0.0112103
466 0.0112038
3840 0.0111917
3483 0.0111845
2693 0.0111836
2453 0.0111823
3804 0.0111786
3525 0.0111671
3719 0.0111625
2839 0.0111563
324 0.0111459
459 0.0111444
766 0.0111412
687 0.0111364
3456 0.0111348
1666 0.0111242
359 0.0111165
2455 0.0111155
596 0.0111022
539 0.0110897
764 0.0110741
1803 0.0110736
1061 0.0110723
2809 0.01106
2677 0.0110581
3877 0.0110398
575 0.0110369
169 0.0110297
44 0.0110267
129 0.0110251
3815 0.011006
3057 0.0109957
291 0.0109954
3971 0.0109922
2365 0.0109676
3953 0.0109644
3454 0.0109642
2248 0.0109597
2620 0.0109345
1434 0.0109315
3153 0.0109218
3731 0.0109187
3734 0.0109161
1394 0.0108889
755 0.0108719
2228 0.0108558
84 0.0108406
350 0.0108388
533 0.0108372
738 0.0108238
2316 0.0108195
1274 0.0108128
774 0.0107953
142 0.0107946
477 0.0107905
3509 0.0107874
1469 0.0107803
1474 0.0107725
3229 0.0107662
428 0.010761
1033 0.010758
754 0.0107555
2726 0.0107527
3263 0.0107494
2342 0.0107461
810 0.0107454
1640 0.0107146
2640 0.0107087
1973 0.0107044
2836 0.0106929
3827 0.0106921
2018 0.0106905
785 0.0106667
455 0.0106576
1749 0.0106567
3555 0.0106546
3674 0.010653
3583 0.0106332
1990 0.0106266
3948 0.0106239
3769 0.0106227
3227 0.010622
1998 0.0106141
206 0.010611
1566 0.0106076
2534 0.0106066
2663 0.0106003
663 0.0105922
373 0.010589
1919 0.010564
113 0.010559
1927 0.0105587
3896 0.010557
3528 0.0105559
3851 0.0105527
3524 0.0105479
3715 0.0105465
483 0.0105406
3374 0.0105255
1085 0.0105241
792 0.0105208
3366 0.0105143
3269 0.0104936
3621 0.0104927
133 0.0104906
733 0.0104869
3556 0.0104854
547 0.0104847
231 0.0104806
178 0.0104719
2837 0.0104697
3162 0.0104606
2231 0.0104565
3625 0.0104438
1193 0.0104309
3090 0.0104222
799 0.0104154
1186 0.0104088
3532 0.0104058
3019 0.0103862
3501 0.010385
3010 0.0103821
3187 0.0103806
2668 0.0103682
2503 0.0103649
2146 0.0103637
990 0.0103617
1698 0.010361
3645 0.0103541
3630 0.0103483
3474 0.010344
1041 0.0103375
817 0.0103306
696 0.0103235
3514 0.0103222
412 0.0103207
480 0.0103195
3903 0.0103148
3842 0.0103086
847 0.0103063
1259 0.0103035
3449 0.0103018
2120 0.0102777
1709 0.0102771
3327 0.0102729
3726 0.0102642
2632 0.010257
3080 0.0102439
397 0.0102422
2314 0.0102185
96 0.0102144
3800 0.0102118
2865 0.0102065
73 0.0102031
2024 0.0101957
3248 0.0101943
2648 0.0101837
3802 0.0101798
2022 0.0101788
1537 0.0101763
3605 0.0101688
2202 0.0101679
2441 0.0101671
3081 0.0101612
22 0.0101524
3493 0.0101458
2760 0.0101457
3966 0.0101447
427 0.0101152
3576 0.0101126
2884 0.010112
2647 0.0101104
1978 0.0100988
657 0.0100984
481 0.0100927
355 0.0100881
3737 0.0100735
158 0.0100708
2841 0.0100535
3412 0.0100516
3458 0.0100392
470 0.0100388
475 0.0100225
325 0.0100217
1784 0.0100216
2951 0.0100062
3222 0.00999862
3577 0.00998073
2851 0.00993885
3542 0.0099332
1696 0.00992817
216 0.0099269
407 0.00992248
1089 0.00992199
783 0.00992045
104 0.00991244
117 0.00990683
2644 0.00990217
3807 0.0098985
807 0.00989696
3601 0.00989299
760 0.00987393
3459 0.00987119
1088 0.00986748
2091 0.00985661
1922 0.00984481
3503 0.00984327
3078 0.00983379
1909 0.00983142
3797 0.00981854
3839 0.00981758
121 0.00981559
3463 0.009815
2035 0.00981385
342 0.00980726
3001 0.00980527
529 0.0098039
3866 0.00978737
1283 0.00976647
3902 0.00976263
2583 0.00976256
3623 0.00976199
1914 0.00974701
3233 0.00974484
3059 0.00974189
3622 0.00974056
2214 0.0097366
109 0.00971817
3926 0.00971797
2474 0.00971286
2764 0.00969565
2730 0.00968884
2447 0.00968609
3496 0.00964999
1915 0.00964693
1187 0.00964111
2116 0.0096404
3072 0.00963693
779 0.00962563
1719 0.0096254
265 0.0096119
813 0.00960788
163 0.00960281
2004 0.00960226
334 0.00960146
2934 0.00960139
1366 0.00959906
3607 0.00959902
211 0.00959541
3773 0.00959317
3518 0.00958843
419 0.00958657
126 0.00957983
3702 0.00957968
3295 0.00957207
1236 0.00956559
2181 0.00956409
1154 0.00956142
222 0.00956131
433 0.00956027
2728 0.00955999
788 0.0095566
1739 0.00954754
835 0.00954267
1424 0.00954008
1165 0.00953901
917 0.00953103
2405 0.00952895
2061 0.00952428
2577 0.00952367
229 0.00952262
2238 0.00951841
489 0.00950837
679 0.00950551
896 0.00949721
2822 0.00949721
3534 0.00948797
3559 0.00948458
1358 0.00948352
2807 0.00947569
2440 0.0094684
3881 0.00946426
1964 0.00945649
1583 0.009453
2791 0.00944847
1783 0.00944601
1935 0.00944552
841 0.00944108
2403 0.00943629
3280 0.00943623
3660 0.00943269
1104 0.00943258
838 0.00942298
160 0.00940427
970 0.00940213
2541 0.00940057
1876 0.00938743
2754 0.00937915
2159 0.0093772
508 0.00937281
2378 0.00935272
1023 0.00934522
2628 0.00933111
2192 0.00932317
3772 0.00931651
2027 0.00931373
711 0.00931335
3646 0.00931242
3909 0.00930914
1384 0.0093044
1829 0.00930069
568 0.00928902
321 0.00928088
463 0.00927623
3207 0.00925383
2633 0.00925139
559 0.00923865
3540 0.00922878
2820 0.00922271
748 0.00922181
1178 0.00922019
1725 0.00921884
620 0.00921684
396 0.00920395
814 0.0092006
1337 0.00920002
3673 0.0091996
3855 0.00918435
13 0.00917014
3168 0.00916618
2678 0.00916597
303 0.00915841
3786 0.00915408
3591 0.00914916
3692 0.00914443
354 0.00914199
3095 0.00914047
1234 0.00914007
2225 0.00913865
1345 0.00913497
3965 0.00913061
3130 0.00912793
2382 0.00912651
1785 0.00912649
1628 0.00912609
1268 0.00912087
1958 0.00910546
141 0.00909294
2618 0.00908973
2863 0.00907787
1338 0.00907377
3365 0.00907094
70 0.00906291
2659 0.00904032
510 0.0090398
460 0.00903963
1977 0.00901597
1574 0.00901528
1536 0.00900971
372 0.00899468
3324 0.00899241
1546 0.00899236
294 0.00898545
731 0.00896848
1931 0.0089631
3886 0.00895794
555 0.00895792
156 0.00895296
1353 0.00895274
224 0.00894762
379 0.00894282
1504 0.00894276
3860 0.0089404
1213 0.00892079
3547 0.00892039
2494 0.00891813
3448 0.00891811
845 0.00891269
763 0.00891042
3831 0.00890602
3858 0.00889932
3084 0.00889522
1667 0.0088945
2688 0.00889247
836 0.00887481
3811 0.00887108
3432 0.00886176
450 0.00885445
1462 0.00885077
289 0.00883745
639 0.00883151
185 0.00882564
2697 0.00882403
506 0.00881971
39 0.00881492
3635 0.00881175
2011 0.00881081
2813 0.00880342
3214 0.00879696
1204 0.00879366
3730 0.00878466
62 0.00877994
3557 0.00877576
3440 0.0087635
840 0.00875485
1672 0.0087538
132 0.00874649
1348 0.00872818
3667 0.00872606
3522 0.00872509
2337 0.00871841
985 0.00871403
544 0.00870378
1624 0.00869567
1844 0.00869154
701 0.00868736
513 0.00868558
3515 0.0086842
2360 0.00867712
1192 0.00867611
2957 0.00866726
2627 0.00866722
977 0.00866615
1656 0.00864842
1010 0.00864634
1991 0.00864502
2023 0.00863814
1770 0.00863712
3687 0.00863297
3310 0.00863162
730 0.00862894
238 0.00862737
743 0.00861842
1453 0.00861486
553 0.00861426
1634 0.00861181
3086 0.00861112
3420 0.00861084
1759 0.00860678
3914 0.00860648
1090 0.00860077
3264 0.00859875
2626 0.00859833
3878 0.00858647
2097 0.00858509
2658 0.00858173
148 0.00858139
3426 0.00857917
3873 0.00857901
2089 0.0085635
2786 0.00855887
3369 0.00855721
1070 0.00855509
3770 0.00855447
3176 0.00855099
543 0.00854087
54 0.00853807
1591 0.00853807
3136 0.00853037
1636 0.00852835
3668 0.00852794
3394 0.00852562
1630 0.00852511
1476 0.00852439
232 0.00851771
2944 0.00851288
3929 0.00850794
3721 0.00850633
2265 0.00850614
1326 0.0085019
709 0.00850061
1200 0.00849087
1014 0.00848621
1541 0.00848291
403 0.00847699
3116 0.00847184
1743 0.00846665
2843 0.00846541
808 0.00845502
3895 0.00845463
1415 0.00844395
1248 0.00844321
2656 0.00844018
2585 0.00843421
944 0.00841741
1073 0.008401
308 0.00840001
2954 0.00839806
974 0.00839276
3507 0.00839146
3937 0.00839042
1251 0.00838422
1459 0.00838153
2899 0.0083812
741 0.00837759
3620 0.00837449
2903 0.00837087
3707 0.0083649
2157 0.00835788
1355 0.00835068
2986 0.00834743
3958 0.00834149
2979 0.00833871
1758 0.00833776
2821 0.00833434
1660 0.00832953
3363 0.00832156
2877 0.00832009
1477 0.00831847
2975 0.00831733
3278 0.00831362
1479 0.00830714
777 0.00830567
3976 0.00830427
2700 0.00830013
3497 0.00829832
2682 0.00829721
3383 0.00829654
2581 0.00829438
3475 0.00829426
1534 0.00829052
716 0.0082876
2193 0.0082872
3099 0.00828361
2358 0.00827951
1957 0.00827128
3884 0.00826295
2277 0.00826143
1641 0.00826046
3178 0.00825994
3154 0.00825829
300 0.00824903
991 0.0082437
778 0.0082344
3241 0.00823005
3750 0.0082294
1322 0.00821792
561 0.00821744
1150 0.00821645
1308 0.0082134
3693 0.00820589
1106 0.00820429
3164 0.00820236
3138 0.00819938
1792 0.00819902
1802 0.00819833
2114 0.0081906
2710 0.00818357
258 0.0081824
431 0.00818128
497 0.0081808
1507 0.00817954
765 0.00817397
3805 0.00816955
3076 0.00816854
831 0.00816031
1531 0.00815621
493 0.00814716
331 0.00814333
964 0.00814221
1450 0.00813598
128 0.00813532
2636 0.00813206
3614 0.00812624
924 0.00812354
2000 0.00812233
525 0.008122
3550 0.00812094
257 0.00811935
3962 0.00811461
3910 0.00810842
1235 0.00809985
2966 0.00809806
3760 0.00808541
2009 0.00808285
2766 0.00808222
2725 0.00808034
2402 0.00807914
274 0.00807606
1708 0.00807453
3320 0.00807175
507 0.00806967
3941 0.00806876
3588 0.0080685
3221 0.00806516
3651 0.00806299
1726 0.00806297
2373 0.00805892
1518 0.00805785
3424 0.00805583
474 0.00805172
3670 0.00804732
3434 0.00804715
2690 0.00804248
2818 0.00803804
2955 0.00803587
794 0.00803338
87 0.00802652
3232 0.00802509
837 0.0080248
1545 0.00802435
2260 0.00802359
1052 0.00801625
436 0.00801539
1847 0.00801083
3600 0.00800909
1858 0.00800829
85 0.00800235
3428 0.00799895
3893 0.00799891
4034 0.00799411
38 0.00798623
423 0.0079846
72 0.00798392
3285 0.00798197
2738 0.00797461
2696 0.00796801
1072 0.0079676
519 0.00796674
367 0.00796618
3026 0.00793519
1857 0.00793218
59 0.00793096
2639 0.00792161
370 0.0079208
1482 0.00792054
3724 0.00791448
465 0.0079059
3361 0.00790568
3244 0.0078967
3767 0.00789473
435 0.00789368
3002 0.00788826
3275 0.00788759
996 0.0078816
3389 0.00787967
3438 0.00785487
1275 0.00785245
546 0.00784962
2523 0.00784051
1032 0.0078389
2297 0.00783866
942 0.00783774
556 0.00783501
2782 0.00782771
2927 0.00782377
2856 0.00782254
314 0.00781644
704 0.0077932
1611 0.0077889
2694 0.00778612
1670 0.00778603
1893 0.00778093
1576 0.00777879
1231 0.0077787
400 0.00777763
957 0.00777729
3703 0.00777372
1892 0.00777269
3876 0.00776736
2047 0.00775204
1933 0.00775153
2227 0.00774975
1899 0.00774465
2230 0.00774044
3060 0.00773875
517 0.00773352
1495 0.00773239
3104 0.00773209
2459 0.0077287
1298 0.00772567
1131 0.00772121
549 0.00771987
3087 0.007711
240 0.00770772
2932 0.00769974
500 0.00769842
2898 0.00769705
1934 0.00768675
3841 0.00768405
1594 0.00768353
2540 0.00768211
3246 0.00767463
1013 0.00767143
2769 0.00766499
3101 0.00766391
2910 0.00765308
843 0.00762932
317 0.00762857
1496 0.00762179
1227 0.00761844
3754 0.00761756
2915 0.00761072
246 0.00760873
1011 0.00760684
3631 0.007604
2827 0.00760057
1347 0.00759626
3543 0.00759518
366 0.00759343
1203 0.007593
1650 0.00759158
586 0.00758947
2711 0.00758695
1904 0.00758309
2256 0.00757946
1871 0.00757504
3291 0.00757285
1565 0.00757155
3471 0.00756979
1228 0.00756547
3329 0.00756313
930 0.00756221
2904 0.00755774
1109 0.00755652
1968 0.00755538
590 0.0075553
1159 0.00755483
3413 0.0075546
2742 0.00754939
3000 0.00754864
2709 0.00754738
2346 0.00754015
3491 0.0075389
2082 0.00752767
1729 0.00752617
2683 0.00752519
515 0.00752431
923 0.00752326
2829 0.00752114
3780 0.00752108
1976 0.00751855
1525 0.00751446
1596 0.00751302
374 0.00751267
2291 0.0075115
1168 0.00751025
1911 0.00750969
413 0.00750811
1148 0.0075067
3784 0.00750001
2105 0.00749244
2716 0.00748845
567 0.00748446
1549 0.00748244
3609 0.00747257
2025 0.00747049
3103 0.00746858
1443 0.00745638
2890 0.00745497
3279 0.00745
2757 0.00744544
3385 0.00744482
3143 0.00744421
580 0.00744418
3642 0.00744381
3137 0.00744321
387 0.00744116
1921 0.00743998
1318 0.00743733
2562 0.00743685
2706 0.00742192
950 0.00741385
2758 0.00740826
1786 0.00740776
2784 0.00740261
1161 0.00740198
3462 0.00740005
3255 0.00739892
2667 0.00739199
2870 0.00739092
3302 0.00738488
2755 0.00738384
353 0.00737682
456 0.00736729
2857 0.00736279
1261 0.00736095
3922 0.00735795
520 0.00735581
2826 0.00735261
2197 0.00735189
3196 0.00735068
3157 0.00735032
2795 0.00734637
2943 0.00734461
362 0.00733804
557 0.00733705
3627 0.00733299
538 0.00732888
2514 0.00732504
438 0.00730877
3371 0.00730823
1824 0.00730369
1020 0.007301
1260 0.00729396
2916 0.00729327
3480 0.00728773
3132 0.00728628
2960 0.00728538
2925 0.00728363
1552 0.00727468
1908 0.00726656
2424 0.00726562
943 0.00726317
2868 0.00726282
3346 0.00726265
1894 0.00726238
3678 0.00725822
1661 0.00725307
3331 0.00725172
987 0.00724793
2669 0.00724668
2661 0.00724547
378 0.00724512
3056 0.00724159
645 0.00723573
587 0.00723292
2739 0.00722824
3882 0.0072276
1702 0.00722746
212 0.0072256
1189 0.00721603
2660 0.00721393
395 0.00720731
667 0.00720646
1742 0.00719953
161 0.00719934
1051 0.00719847
30 0.00719657
524 0.00719471
2858 0.00719377
2778 0.00719206
3343 0.00718785
1694 0.0071839
1715 0.00718361
363 0.00718138
2906 0.00717413
404 0.00717296
2911 0.00717131
2679 0.00716927
1766 0.00716807
1332 0.00716086
3859 0.00715836
1249 0.00715477
3828 0.00715183
1626 0.00715037
1431 0.00715009
3177 0.00714474
3763 0.00714446
1082 0.00713722
1695 0.0071352
1019 0.00713066
1923 0.00712564
2888 0.0071224
452 0.00711474
3114 0.00710283
45 0.00710098
2729 0.00709889
1762 0.00709731
1445 0.0070972
391 0.00709594
2831 0.00709576
1080 0.00709573
3274 0.0070934
2133 0.00709113
3051 0.00708914
1573 0.00708858
3054 0.00708711
2772 0.00708647
3333 0.00708604
3349 0.00708599
1862 0.00708377
223 0.00708281
248 0.00707923
2780 0.00707868
3303 0.00707342
3573 0.00706963
123 0.0070671
105 0.00706364
1258 0.00706275
1748 0.00706212
637 0.00705709
295 0.00704858
3273 0.00704791
3362 0.00704413
3245 0.0070436
3317 0.00704017
3485 0.00703527
3563 0.00703526
1113 0.00703395
3417 0.00702793
2793 0.00702557
35 0.00701658
382 0.00701527
2867 0.00701188
1427 0.0070029
3048 0.00700012
3396 0.00699389
492 0.0069878
660 0.00698158
1756 0.00697851
3977 0.00697796
3818 0.00697775
462 0.00697774
1655 0.00697714
1529 0.00697564
3027 0.00697381
3062 0.00696983
2406 0.00696105
772 0.00696016
931 0.00695948
432 0.00695611
146 0.00695492
1645 0.00695183
3410 0.00694625
2803 0.00694392
1428 0.00693859
3666 0.00693484
1716 0.00693078
1944 0.00692894
693 0.00692769
1820 0.00692738
948 0.00691747
3656 0.00691032
3387 0.00691031
2913 0.00690887
706 0.00690716
3032 0.00690482
3940 0.00690428
3013 0.00690365
3082 0.00690027
3299 0.00689402
3242 0.00689361
3140 0.00688823
1188 0.00688782
1306 0.00687999
1139 0.00687433
1102 0.00687218
649 0.00687073
1426 0.0068622
3033 0.00685409
3107 0.00684753
548 0.00684723
826 0.00684316
27 0.00682773
1502 0.00682763
1999 0.00682331
134 0.00682176
1099 0.00681703
1067 0.00681588
2800 0.00681489
1500 0.00681079
570 0.00680891
2211 0.00680214
3270 0.00680179
542 0.00678836
3360 0.00678324
3267 0.00678093
3762 0.00677996
3011 0.00677721
3145 0.0067747
1320 0.00677302
672 0.00676908
434 0.00676406
165 0.0067632
1100 0.0067616
2928 0.00675791
1616 0.00675318
2251 0.00675048
1704 0.00674979
762 0.0067494
1357 0.00674849
2517 0.00674245
1419 0.0067336
311 0.00673079
646 0.00672614
2727 0.0067232
3038 0.00672231
3150 0.00671323
410 0.00671294
176 0.00670646
1299 0.0067064
723 0.00670612
408 0.00670577
655 0.00670455
2872 0.00669139
2715 0.00668748
2969 0.00668084
1800 0.00667904
3211 0.00667889
1225 0.00667638
3052 0.00667363
344 0.00667187
722 0.00667131
2848 0.00667049
402 0.00667043
651 0.0066667
3119 0.00666511
1094 0.00666122
2849 0.00665398
2909 0.0066495
1058 0.00664946
2068 0.00664943
3890 0.00664781
2993 0.00664723
3450 0.00664448
2866 0.00664183
2718 0.00664061
1321 0.00663478
3345 0.00663326
1349 0.00663159
1732 0.00662883
50 0.00662261
1815 0.00661934
3307 0.00661756
3190 0.00661521
1273 0.00661411
1373 0.0066116
3845 0.00661127
1301 0.00660714
3517 0.00660471
360 0.00660191
2952 0.00659446
951 0.00659258
3330 0.00659218
2119 0.00659121
1379 0.00658623
3777 0.00658545
3252 0.00657783
3683 0.00657583
1569 0.00656703
2881 0.00656694
2322 0.0065638
1169 0.00655823
490 0.00655784
2036 0.00655675
2781 0.00655664
737 0.00655459
528 0.0065505
2031 0.00655031
3156 0.00654985
1237 0.00654919
1497 0.00654381
2956 0.00654364
1475 0.00654017
3356 0.0065401
1005 0.00653792
2566 0.00653788
1882 0.00653386
2964 0.00653135
3144 0.00652357
2833 0.00652325
2918 0.00652319
3328 0.00652186
2846 0.00651498
3936 0.00650695
1835 0.00650615
3236 0.00650563
398 0.00650208
2111 0.00650043
417 0.00649813
1396 0.00649397
2435 0.00649041
3188 0.00648653
3785 0.00648583
2735 0.00648532
3223 0.00647598
345 0.00647589
439 0.00647433
1077 0.00647314
106 0.00647296
75 0.00647094
3512 0.00646699
3017 0.00646619
2233 0.00646529
1751 0.00646428
3030 0.00646332
3411 0.00646058
3152 0.0064459
3173 0.00644588
340 0.00644182
3096 0.00644084
3397 0.00643997
3272 0.0064384
3527 0.00643721
523 0.00643545
3293 0.00643534
1691 0.00643281
1878 0.00642994
1924 0.00642755
3312 0.00642675
3348 0.00642454
2610 0.00641808
1448 0.00641789
973 0.00641719
1671 0.00641682
606 0.00640798
3005 0.00640671
514 0.00640498
368 0.00640397
3834 0.00640336
1114 0.00640308
1527 0.00640262
1221 0.00640079
2328 0.00639735
1342 0.00639674
2763 0.00639349
634 0.00639185
1155 0.00638812
1647 0.00638371
2968 0.00638209
3350 0.00637863
3219 0.00637448
409 0.00637147
981 0.00636869
445 0.00636816
2994 0.00636706
756 0.00636478
1794 0.00635655
235 0.00635274
2961 0.00634672
1343 0.00634321
1681 0.00633923
3182 0.00633807
566 0.00633798
941 0.00633109
1226 0.00633011
1674 0.00632866
1129 0.00632579
2388 0.00632381
2880 0.00632143
2676 0.00630751
458 0.00630415
1686 0.0063027
2333 0.00630101
1949 0.00629862
1372 0.00629286
3817 0.00629063
1008 0.00629052
415 0.00628753
3934 0.00628089
2318 0.0062767
2812 0.00627653
1167 0.00627624
444 0.00627258
3298 0.0062685
2713 0.00626845
3022 0.00626694
3113 0.00626689
3339 0.00626334
3201 0.00626314
2750 0.00626283
1633 0.00625548
2289 0.00624988
2085 0.00624866
690 0.00624846
2685 0.00624384
484 0.00624059
2066 0.00623276
3198 0.0062315
1066 0.00623109
2901 0.00623097
3258 0.00622806
1768 0.00622092
65 0.00622051
297 0.00621977
1515 0.00621468
3689 0.00621359
2777 0.00621221
3042 0.00621204
3452 0.00621143
3108 0.00621086
3165 0.00621049
1587 0.00620933
1035 0.00620767
479 0.00620637
2814 0.00620467
3209 0.00619983
3159 0.00619247
491 0.00619221
2941 0.00618879
3208 0.00618781
3050 0.00618173
1037 0.00618085
3344 0.00617364
1036 0.00616663
1282 0.00616417
1888 0.00616112
2050 0.00616072
3572 0.00616038
2873 0.00615823
2988 0.00615771
3167 0.0061541
3297 0.00615352
3174 0.00615341
1310 0.00615127
1807 0.00615062
3944 0.00615047
3913 0.00613949
3185 0.00613234
3578 0.00613183
1093 0.00613081
2894 0.00612878
2702 0.00612568
2923 0.00612411
844 0.0061224
1680 0.00612233
496 0.00612218
3184 0.00611899
3697 0.00611739
1284 0.00611708
3403 0.00611464
2779 0.00611331
3347 0.00611158
1781 0.00611125
1141 0.0061074
2689 0.00610575
449 0.00610463
3205 0.00610438
1713 0.00608929
1179 0.00608765
1122 0.00608672
3025 0.00607995
1062 0.00607763
3852 0.00607707
2117 0.00607433
2748 0.0060712
1678 0.00607053
1217 0.0060686
3658 0.00606286
1038 0.00606219
3158 0.00605913
2864 0.00605336
3064 0.00605025
1673 0.00604428
3388 0.00604256
2087 0.00604085
545 0.00603915
3978 0.00603872
821 0.00603721
2425 0.00603611
3342 0.00603555
2145 0.00603516
2895 0.00603337
3068 0.0060228
1121 0.00602127
2948 0.00601904
1730 0.00601545
69 0.00601162
1901 0.00601003
936 0.00600345
2416 0.00600145
276 0.0059992
3124 0.0059959
2773 0.00599531
1021 0.00599503
700 0.00598939
3186 0.00598897
2832 0.0059825
485 0.00597982
1315 0.00597881
2081 0.00596661
1625 0.00596618
3046 0.00596419
2937 0.0059615
16 0.00596122
2384 0.00595745
3226 0.0059517
1692 0.00595113
1423 0.0059478
405 0.00594742
473 0.00594557
2745 0.00594398
2664 0.00594393
900 0.00594234
3284 0.00593922
2283 0.00593423
1553 0.00593234
3494 0.00592852
421 0.00592194
503 0.00592037
1801 0.00592002
2761 0.00591068
3193 0.00591065
2920 0.00589153
2162 0.00588558
2759 0.00588518
2070 0.00588499
1763 0.00588056
2775 0.00586457
3321 0.00585966
1369 0.00585844
3172 0.00585539
3067 0.0058547
2719 0.0058539
1166 0.00584898
55 0.00584754
2686 0.0058441
2749 0.00584163
2905 0.00584021
2980 0.00583839
3212 0.00582998
2936 0.00582928
1903 0.00582795
1425 0.00582582
2080 0.00582051
316 0.00581014
2270 0.00580665
536 0.00580336
2130 0.00580195
915 0.00580169
1406 0.00580046
2187 0.00579911
1492 0.00579838
2443 0.00579818
2325 0.0057949
1841 0.00579431
3431 0.00579169
3259 0.00579161
3075 0.00579116
1839 0.00578952
975 0.00578782
3234 0.00578622
3065 0.00578606
1309 0.00578497
2665 0.0057829
1440 0.00578229
1210 0.00577761
2790 0.00577742
1773 0.00577659
1382 0.0057704
1827 0.00577034
3484 0.00577008
1390 0.00576892
2854 0.00576602
812 0.00576503
2008 0.00576313
2806 0.00576294
2054 0.0057596
3461 0.00575947
3079 0.0057559
1311 0.00575394
2138 0.0057504
3265 0.00574529
1663 0.00574468
3035 0.00574443
1464 0.00574328
2810 0.00574226
562 0.00574134
2674 0.00573621
986 0.00573612
1120 0.00573507
3277 0.00573158
2996 0.00572919
2973 0.00572602
2731 0.00572396
1199 0.00572064
2698 0.00572048
1346 0.00571777
3069 0.0057106
2869 0.00570942
3618 0.00570894
1543 0.00570027
2199 0.00569987
1559 0.00569573
2282 0.00569545
1584 0.00569424
2675 0.00569415
3341 0.00569121
1828 0.00569106
2744 0.00569001
3073 0.005688
1473 0.0056848
2756 0.00568233
1292 0.00568164
2945 0.0056797
751 0.00567881
1432 0.0056787
3294 0.00567469
1455 0.00567404
2247 0.00567154
3589 0.00566776
1582 0.00566556
3253 0.00566227
1142 0.00566205
3276 0.00565304
971 0.00564696
298 0.00564488
2847 0.00564255
341 0.00564165
2029 0.00563865
1970 0.00563669
1229 0.00563629
2815 0.00563366
2939 0.00563302
3106 0.00563057
3340 0.00562887
3194 0.00562559
1294 0.00562272
3161 0.00562087
3036 0.00561963
3171 0.00561945
2099 0.00561834
2296 0.0056183
913 0.00561794
710 0.00561572
279 0.00561554
2785 0.00561439
3795 0.00561337
2158 0.00560831
1744 0.00560272
1706 0.00558659
2958 0.00558528
2666 0.00557526
3335 0.00557452
3169 0.00557396
418 0.00556831
699 0.00556697
2598 0.00556269
2708 0.00555749
920 0.00554978
965 0.00554948
3654 0.00554701
1418 0.00554182
2892 0.00554159
3034 0.00553907
3395 0.00553751
3191 0.0055373
1881 0.00553492
1677 0.00553438
1872 0.00553379
3240 0.00552984
3179 0.00552865
2188 0.00552662
3237 0.00552276
3089 0.0055206
2931 0.00551957
2882 0.00551937
2819 0.00551434
3520 0.00550286
1938 0.00550265
2825 0.00550191
66 0.0055012
2093 0.00548982
3843 0.00548948
2874 0.00548139
1610 0.0054789
2662 0.00547656
2088 0.00547581
3332 0.00547514
537 0.00547007
3189 0.00546856
3681 0.0054685
1158 0.00546608
3406 0.00546453
560 0.00546347
1850 0.0054631
3146 0.00546253
1211 0.00546216
1001 0.00545919
3098 0.00545763
1818 0.00544945
721 0.00544136
1487 0.0054402
2787 0.00543814
1540 0.00543812
530 0.00543427
2525 0.00543131
3755 0.00543037
1512 0.00542174
2871 0.00542127
1943 0.00542092
998 0.00541909
2480 0.00541246
1126 0.0054118
1454 0.0054103
1699 0.00540975
3239 0.00540964
2914 0.00540946
3832 0.00540833
3029 0.00540629
2940 0.00540604
3943 0.00540183
2507 0.00539854
494 0.00539739
2206 0.00539683
2266 0.0053953
1352 0.0053953
1833 0.00539504
2347 0.00539255
1446 0.00538895
3688 0.0053872
949 0.00538566
3973 0.00538229
2226 0.00538028
735 0.00537988
3111 0.00537839
425 0.00536949
1740 0.00536846
3195 0.00536821
3741 0.00536669
591 0.00536347
2919 0.00536265
2410 0.00536179
1767 0.00535991
1429 0.00535839
2743 0.0053578
3959 0.00535774
593 0.0053572
1928 0.00535504
759 0.0053547
1865 0.00535292
604 0.00535274
1950 0.00534979
2209 0.00534709
2921 0.00534584
2038 0.00534361
3016 0.00533985
502 0.00533696
2182 0.00533174
2242 0.00532925
2510 0.00532844
1926 0.00532719
540 0.00532007
461 0.00531969
3043 0.00531962
2150 0.00531463
3377 0.00531062
1327 0.00530818
3041 0.00530659
426 0.00530417
3351 0.00529983
1086 0.00529758
2637 0.00529633
1577 0.00529423
3085 0.0052942
1778 0.00529268
1354 0.0052901
1408 0.00528932
933 0.0052854
2224 0.00528354
1183 0.00528073
2222 0.00528058
3430 0.00527374
2736 0.00526975
1514 0.00526719
2971 0.00526562
430 0.00526466
2896 0.00526367
3400 0.00526345
3574 0.0052631
3044 0.00526174
3422 0.00526063
3225 0.00525673
3247 0.00525363
3381 0.00525162
1009 0.00525026
1257 0.00524926
318 0.00524703
962 0.00524611
2970 0.0052381
2071 0.00523743
558 0.0052328
1906 0.00523235
3373 0.00522622
1108 0.00522366
3254 0.00521853
392 0.00521819
3257 0.00521818
3326 0.00521671
3018 0.00520914
1561 0.00520855
2762 0.0052065
3261 0.00520523
268 0.00520222
1018 0.0052007
527 0.00519949
3415 0.00519862
2828 0.00519614
2929 0.00519532
1461 0.0051922
3404 0.00519207
3292 0.00519143
3384 0.00519008
1869 0.00518925
2336 0.00517384
2345 0.00516154
2950 0.00515905
2823 0.00515772
1897 0.00515742
136 0.00515107
1965 0.00515016
3416 0.00514782
2765 0.00514738
2801 0.00514681
3457 0.00514638
3582 0.00514469
3220 0.00514245
1444 0.00514106
1913 0.00514048
352 0.0051354
2240 0.0051339
2985 0.00513176
138 0.00513088
2967 0.00513077
2174 0.00512795
3301 0.00512573
3149 0.00512347
1244 0.00512124
3287 0.00511853
946 0.00511782
3736 0.00511743
2141 0.00511693
1256 0.00511591
290 0.00511208
3262 0.00511199
1746 0.00511019
3213 0.00510862
2153 0.00510705
1612 0.00510367
905 0.0050995
641 0.00509595
1498 0.00509347
1078 0.00509311
1413 0.00509192
2853 0.00508795
3110 0.0050867
2223 0.00508557
2123 0.00508502
3435 0.00508348
1945 0.00508348
2912 0.00508188
3133 0.0050786
1422 0.00507553
2946 0.00507519
715 0.00507356
1170 0.00506602
1412 0.00506453
1852 0.00505861
3100 0.00505853
3118 0.0050582
1471 0.00505715
993 0.00505642
2840 0.00505506
3353 0.00505351
2201 0.00505051
1551 0.00505051
2992 0.00504938
338 0.00504831
761 0.00504743
3288 0.00504511
3419 0.00503952
898 0.00503946
2404 0.00503445
1190 0.00503192
1501 0.00503098
3942 0.0050256
3004 0.00502458
2324 0.00502327
2172 0.00502273
3732 0.00502103
1959 0.00502082
2752 0.00501772
2143 0.00500853
2797 0.00500645
1215 0.00500072
487 0.00499708
683 0.00499511
1303 0.0049894
1649 0.00498683
1279 0.0049863
2741 0.00498612
3433 0.0049844
1015 0.00497681
3409 0.00497607
221 0.00497527
1526 0.00497376
2642 0.00497259
1946 0.00497118
2176 0.00497103
512 0.00497079
2302 0.00496733
2072 0.00496625
191 0.00496248
2471 0.00496159
968 0.00496089
1296 0.00495823
1727 0.00495646
2641 0.00495613
1025 0.0049485
482 0.00494735
1184 0.00494514
3217 0.00494458
2413 0.00494434
2557 0.00493831
3049 0.00493826
3015 0.00493792
1550 0.00493435
375 0.0049331
1065 0.00493241
2747 0.00493188
1817 0.00493016
2862 0.00492611
2090 0.00492063
914 0.00491787
511 0.0049174
1374 0.00491716
3102 0.00491613
3315 0.00491359
1873 0.0049114
1613 0.00490771
2344 0.00490536
388 0.00490418
1718 0.00490041
2292 0.00489991
2625 0.00489726
420 0.00489462
535 0.00489307
2340 0.00489102
2543 0.00488946
2990 0.0048851
103 0.00488262
394 0.0048785
495 0.00487718
3142 0.0048769
2684 0.00487574
3097 0.00486987
902 0.00486501
1324 0.00486447
2394 0.00486194
969 0.0048599
1941 0.004858
3796 0.00485084
2511 0.00485075
3305 0.00485056
2327 0.00484853
1438 0.00484852
3260 0.00484365
471 0.00484259
1848 0.00484145
2976 0.00483943
1948 0.00483905
3575 0.0048373
2334 0.00483496
3316 0.00483432
2989 0.0048318
1245 0.0048303
2720 0.00482869
2938 0.00482822
1589 0.00482308
1859 0.00482302
2139 0.00482298
3492 0.00482209
3070 0.00482156
3047 0.00481616
1300 0.00481461
3014 0.00481376
1621 0.00480894
3023 0.00480349
1557 0.00480027
2672 0.00479956
2592 0.00479916
1006 0.00479879
2183 0.00479744
2102 0.0047944
2844 0.00479386
2649 0.00479261
2184 0.0047908
1140 0.00479034
2278 0.00478927
267 0.00477964
3215 0.00477617
1246 0.00477341
2680 0.00477284
3313 0.00477215
1247 0.00476986
3364 0.00476324
541 0.0047614
2965 0.00476006
3021 0.00475866
2883 0.00475735
2309 0.00475535
2768 0.00475246
2312 0.00475031
3352 0.00474763
2078 0.00474211
2142 0.00473782
1668 0.00473542
3129 0.00473096
2875 0.0047298
2796 0.00472416
3386 0.00472374
2272 0.00471853
3337 0.00471773
1223 0.00471751
2409 0.00471698
1606 0.00471278
976 0.00471141
3123 0.00471104
2603 0.00471086
2560 0.00471049
2617 0.00470689
2590 0.00470601
2607 0.00470526
2751 0.00470353
2984 0.00469866
669 0.00469311
1622 0.00469033
3552 0.00468831
3249 0.00468761
1117 0.00468488
2464 0.00468434
2707 0.0046804
1405 0.00467961
2166 0.00467859
1377 0.00467836
2924 0.00467206
3148 0.00466413
1761 0.00466359
1707 0.00466349
2235 0.0046623
2112 0.00466102
2794 0.00466021
2452 0.00465928
2974 0.00465858
1404 0.00465739
3206 0.00465658
3358 0.00465625
2351 0.00465241
2014 0.00465204
2149 0.00465173
1575 0.0046516
2377 0.00465091
1947 0.00464744
3166 0.00464697
3024 0.00464684
2279 0.00464436
3393 0.00464354
2555 0.00463922
925 0.00463879
2460 0.00463777
1456 0.00463756
2125 0.00463708
2053 0.00463176
2845 0.00462423
1503 0.00462027
3224 0.00461928
1682 0.00461799
1679 0.00461475
954 0.00461387
3135 0.00461353
2545 0.00460836
2016 0.00460751
2419 0.00460435
1060 0.00460283
3429 0.00460211
2366 0.00459981
3289 0.00459835
3357 0.00459747
1982 0.00459661
2897 0.00459578
1780 0.00459429
1220 0.00459373
2148 0.00458572
1516 0.00458404
2028 0.00458374
940 0.00457703
3197 0.00457492
1042 0.00457312
1985 0.00457058
2045 0.00456669
2611 0.00456499
2229 0.00456485
1281 0.0045643
2323 0.00456258
1081 0.00456009
3378 0.00455956
2859 0.00455801
2593 0.0045575
2723 0.00455103
3120 0.00455031
1983 0.00454906
2369 0.00454738
3040 0.00454587
2783 0.00454451
3355 0.00454211
446 0.00454123
2526 0.00454048
1391 0.00453658
1508 0.00453524
2876 0.00453481
1966 0.00453314
1809 0.00452802
1598 0.00452285
3175 0.00452088
2020 0.0045208
1115 0.0045135
1662 0.00451311
2200 0.00450761
1930 0.00450599
3414 0.00450104
2438 0.00449983
3203 0.00449949
2434 0.00449728
1799 0.00449294
1238 0.00449294
488 0.0044912
2132 0.00449026
2991 0.00449017
2712 0.00448757
1813 0.00448718
3359 0.00448456
988 0.00448448
614 0.00448338
2687 0.00448159
2339 0.00448096
2290 0.0044757
3007 0.0044749
1250 0.00447487
2118 0.00446809
2602 0.00446571
2604 0.00446429
2374 0.00446429
2408 0.00446357
2332 0.00446283
2878 0.00445751
2947 0.00445203
1993 0.00444939
1720 0.00444704
3058 0.00444368
2652 0.00444291
2717 0.00444164
3286 0.00444004
1331 0.00443726
2221 0.00443724
2531 0.00443352
3088 0.00443269
2516 0.00442758
1728 0.00442518
1367 0.00442464
2542 0.00441114
916 0.00441114
1435 0.00440984
1416 0.00440892
2553 0.00440155
3390 0.00439868
3210 0.00439711
2155 0.00439447
3889 0.00439359
2887 0.00438813
3418 0.00438788
1399 0.0043864
2196 0.00438294
3304 0.00437548
2250 0.00437407
935 0.00437254
2953 0.00437129
2616 0.00437067
1447 0.00436996
1955 0.00436952
2463 0.00436774
2995 0.00436565
2629 0.00436235
2520 0.00435938
2549 0.00435313
1385 0.00434607
2492 0.00434598
2012 0.00434229
2232 0.00434131
1812 0.00433971
1095 0.00433878
2428 0.00433656
3399 0.00433206
2594 0.00432662
2268 0.00432632
2356 0.00432046
1570 0.00431677
1488 0.00431655
1017 0.0043134
2095 0.00431126
1604 0.00430943
2564 0.00430851
3204 0.00430243
2381 0.00430119
3603 0.0042971
982 0.00429567
2294 0.00428487
2673 0.00428347
2073 0.00428284
2059 0.00428254
1592 0.00427983
1255 0.00427219
2981 0.0042708
2608 0.00426928
3093 0.00426876
1602 0.00426606
1804 0.00426378
2588 0.00426332
2319 0.00426257
1376 0.00426138
1316 0.00426057
2376 0.00425645
2601 0.00425306
1313 0.00425216
3296 0.00424486
3334 0.00424471
2414 0.00424426
2907 0.0042405
1870 0.0042368
1578 0.00423365
2701 0.00422523
1745 0.0042229
2389 0.00422166
980 0.00421927
2338 0.0042096
1241 0.0042071
2103 0.00420645
1717 0.00420535
1867 0.00420482
2461 0.0042018
2551 0.00420168
1420 0.00420124
2140 0.00419989
1146 0.00419855
1635 0.00419628
3109 0.00418645
1929 0.00418543
3421 0.00418219
2753 0.00417423
2977 0.00417156
1400 0.00416893
2203 0.00416838
1845 0.00416711
3281 0.00416705
1600 0.00416667
2830 0.0041663
2436 0.00415886
1350 0.00415801
2124 0.004158
1153 0.00415667
2597 0.00415566
3788 0.0041556
2064 0.00415203
2433 0.00414541
440 0.00413607
2619 0.00413574
3039 0.00413535
1884 0.00413233
880 0.00413228
2092 0.00413175
984 0.00413026
2030 0.00412982
2101 0.00411872
1920 0.00411853
2737 0.00411473
3238 0.00410974
1791 0.00410921
1436 0.00410892
2714 0.00410789
183 0.00410782
2194 0.0041071
2135 0.00410658
2307 0.00410601
2451 0.0041056
2584 0.00410536
2643 0.00410493
2509 0.00410439
2169 0.00410397
2423 0.00409357
3306 0.00409211
2612 0.00409151
2500 0.00409052
2430 0.00408835
2218 0.00408271
1863 0.00408251
1631 0.00408115
3319 0.00407758
1031 0.00407176
2372 0.00406406
2475 0.00405961
2398 0.0040592
1603 0.00405748
2180 0.00405686
2399 0.0040565
1344 0.00405562
1449 0.00405547
1595 0.00405414
1370 0.00405275
978 0.00404989
2060 0.00404909
2189 0.0040475
451 0.00404524
2244 0.00404255
2370 0.00404212
2032 0.00404185
416 0.00404179
2352 0.00403912
2362 0.00403131
2733 0.00402948
1558 0.00402933
1481 0.00402932
1738 0.00402915
2326 0.00402116
2304 0.00401492
1714 0.0040107
4035 0.00401063
1579 0.00400861
1932 0.00400748
2498 0.00400621
2770 0.004002
2262 0.00400109
1752 0.00400036
3151 0.00400027
1757 0.0039994
2257 0.00399893
2355 0.00399352
2567 0.00399255
2052 0.00399189
1330 0.00399185
1012 0.00399146
2074 0.00399106
1917 0.00398724
995 0.00398379
1059 0.00398334
1979 0.00398258
1044 0.00398078
744 0.00397874
2529 0.00397752
1658 0.0039768
1646 0.00397366
2348 0.00397351
3117 0.00397266
2586 0.00397099
3379 0.00396774
3160 0.00396722
569 0.00396673
1034 0.00396381
1024 0.00395958
2019 0.00395833
2942 0.00395373
2537 0.00395359
1736 0.00395299
1522 0.00395299
1185 0.00395299
3380 0.00395178
2987 0.00395066
1688 0.0039483
1489 0.00394762
2491 0.00394688
1790 0.00394475
1916 0.00394407
2646 0.00394351
1329 0.00394288
1361 0.00394267
2186 0.00394254
3192 0.00394215
989 0.00393458
2007 0.00393408
1986 0.0039322
3009 0.00392798
1007 0.00392294
2037 0.00392288
2482 0.00391949
1962 0.00391804
3865 0.00391472
897 0.00391414
2400 0.00391227
2367 0.00391227
1885 0.00391046
1151 0.00390915
2900 0.00390733
4015 0.00390496
1465 0.00390374
4008 0.00390327
3984 0.00390307
1490 0.00390205
2002 0.00390038
2246 0.00389779
1467 0.00389557
2600 0.00389416
2063 0.00389271
10 0.00389143
2331 0.00388091
2131 0.00388091
2069 0.0038804
2308 0.00386734
2154 0.00386653
3436 0.00386466
919 0.00386302
1571 0.00385275
4010 0.00385068
4022 0.00385057
2013 0.00384914
1954 0.00384836
1830 0.00384646
1004 0.00384579
4024 0.00384552
960 0.00384541
1520 0.00384432
2582 0.0038437
1392 0.00384315
2891 0.00384202
1855 0.00384044
1879 0.00384
2005 0.00383898
2267 0.00383836
1132 0.0038382
1609 0.00383627
1269 0.00383361
565 0.00383229
2624 0.00382979
629 0.00382891
1638 0.00382889
2655 0.00382653
1971 0.00382328
2363 0.00381538
2271 0.00380952
2390 0.00379999
448 0.00379906
2075 0.00379815
3228 0.0037951
3391 0.00379351
2705 0.00379286
1230 0.00378611
1107 0.00378606
1853 0.00378434
1222 0.00378222
1312 0.00378212
1883 0.00377964
2395 0.0037776
922 0.00377135
854 0.00376844
2033 0.00376518
2556 0.00376378
2546 0.00376378
1984 0.00376298
2998 0.00375502
3115 0.00375086
2835 0.00374495
2243 0.00374326
2128 0.00374017
1128 0.00373646
1409 0.00373248
2638 0.00373174
2539 0.00373134
1076 0.00372979
601 0.00372821
3467 0.00372666
1665 0.0037242
1849 0.00372301
1521 0.00372282
2393 0.00371941
305 0.00371884
2418 0.00371609
2253 0.0037155
2040 0.00371392
2578 0.00371156
1907 0.00370915
2654 0.00370861
79 0.00370355
2501 0.00369256
1451 0.00369248
1214 0.00368968
2039 0.00368905
1793 0.00368885
1101 0.00368493
2343 0.00368404
906 0.00368206
1483 0.00368099
2396 0.00367908
953 0.00367769
1940 0.00367741
2485 0.00367627
1528 0.00367427
3686 0.00367242
648 0.00367201
2241 0.00366841
521 0.00365813
1722 0.00364492
1764 0.00364012
1523 0.00363638
2161 0.00363524
1981 0.00363506
2368 0.00363465
2681 0.00363389
1123 0.00363385
1805 0.00363213
2067 0.00363125
2458 0.00363084
2042 0.00362949
1563 0.00362781
2273 0.00362744
2354 0.00362435
1750 0.00362316
921 0.00362278
1083 0.00362065
2300 0.00361907
3375 0.00361883
2816 0.00361872
1810 0.00361805
1530 0.00361798
1875 0.00361243
2165 0.00361044
2329 0.00360781
1029 0.00360079
1173 0.00358851
3367 0.00358681
1470 0.00358092
2508 0.00357944
2908 0.00357912
1902 0.00357906
1816 0.00357658
2429 0.00357282
2299 0.00357238
2212 0.00357143
1172 0.00357101
2115 0.00356991
2077 0.00356877
2151 0.00356838
2417 0.00356786
967 0.00356578
2550 0.00356535
1898 0.00356407
2191 0.00356283
2298 0.00356218
2190 0.0035608
2104 0.00355929
2615 0.00355061
2504 0.00354967
2220 0.00354216
1103 0.00353859
3243 0.00353824
2704 0.0035332
164 0.00353236
1364 0.00353
2110 0.00352768
1689 0.00352489
1846 0.00352485
2478 0.00352228
966 0.00352094
1685 0.00352073
1491 0.00352
2561 0.00351906
1997 0.00351719
2026 0.00351573
2043 0.00351213
2359 0.00350765
3199 0.00350544
1918 0.00350374
2506 0.003502
2385 0.003484
1590 0.00348218
2740 0.00347922
2280 0.00347736
336 0.0034773
1620 0.00347681
2811 0.00347548
1243 0.00347519
2254 0.00347222
1675 0.00346911
3250 0.00346883
2264 0.00346731
2521 0.00346611
1205 0.00346463
1305 0.00346451
2468 0.00346445
2109 0.0034639
1335 0.00345309
2122 0.00345121
2580 0.0034348
1864 0.00341789
1480 0.00341776
2533 0.00341478
1124 0.0034138
1868 0.00341274
1735 0.00341238
2432 0.00341229
2477 0.00341188
1272 0.00340552
1712 0.00340516
371 0.00340458
2083 0.00340136
1341 0.00340082
1823 0.00339731
945 0.00339443
2275 0.00339163
1697 0.00339138
994 0.00338839
3955 0.00338311
1774 0.00338138
1513 0.00337553
1191 0.00336789
1267 0.00336538
2134 0.00336512
1554 0.00336502
2512 0.00336484
2010 0.00336323
1542 0.0033601
3712 0.00335987
2144 0.00335829
1721 0.00335745
1149 0.00335005
2559 0.00334928
2046 0.00334768
2446 0.00334448
2379 0.00333376
2695 0.00333273
1280 0.00331622
2473 0.00331473
1535 0.0033139
3170 0.00331334
1608 0.00331113
2274 0.00331011
1538 0.00330676
60 0.00330493
2472 0.0033038
1291 0.00330375
2804 0.00329319
250 0.00328964
2573 0.00328947
2623 0.00328912
2108 0.00328738
1510 0.00328659
1851 0.00326448
2259 0.00326335
2850 0.00326109
1939 0.00326091
2499 0.00326
1437 0.00325856
2415 0.0032583
2062 0.0032578
1323 0.00325711
1942 0.00325658
2215 0.00325604
1509 0.00325417
1826 0.00325021
1388 0.00324998
34 0.00324956
2484 0.00324917
1659 0.00324848
671 0.00324209
2495 0.00323607
2630 0.00323487
1777 0.00323088
2219 0.00323019
2096 0.00322139
63 0.00322105
1836 0.00321876
2387 0.00321834
2692 0.00321431
442 0.00321175
208 0.00321163
1460 0.00320971
1074 0.00320882
750 0.00320881
1381 0.00320869
1163 0.00320502
1125 0.00320145
1048 0.0031995
1614 0.00319854
947 0.00319851
1271 0.0031957
2276 0.00319353
2237 0.00318336
2310 0.00317421
2057 0.00315768
2420 0.00315323
1683 0.00315264
1112 0.0031513
2285 0.00314982
1175 0.00314767
2454 0.00314458
1160 0.00314422
2469 0.00314415
2489 0.00313963
1152 0.00313351
2963 0.00312817
526 0.00311019
1056 0.00310527
1597 0.00310008
1623 0.00309813
997 0.00309649
3092 0.00309494
2479 0.00309449
1639 0.00309329
1789 0.00309105
1547 0.00308708
390 0.00308579
2261 0.00307954
2502 0.00304928
1861 0.00304747
2003 0.00304672
2391 0.00304535
1925 0.00304
2306 0.0030387
2386 0.00303757
2056 0.00303583
2445 0.00302923
1143 0.00301927
1618 0.00301026
2048 0.00300474
959 0.00299631
1040 0.00299543
676 0.00299493
1290 0.00299344
2234 0.00299307
1617 0.00299145
1339 0.00299026
2127 0.00298988
952 0.00298954
1819 0.00298544
2293 0.0029837
1811 0.00298355
1605 0.00298175
2554 0.00298094
2098 0.00297287
2467 0.00297082
1286 0.00295208
3704 0.00294969
3163 0.00294919
1209 0.00293915
2465 0.00293739
1741 0.00293678
927 0.00293636
1359 0.00293374
1632 0.00293335
2216 0.00293286
1900 0.0029319
2532 0.00293146
1891 0.00293089
3323 0.00293053
2084 0.00292868
1302 0.00292621
2121 0.00292522
1430 0.00292346
2205 0.00292182
1519 0.00291454
2147 0.00289356
1644 0.00288648
1652 0.002886
1653 0.00288431
1375 0.00288408
2350 0.00288365
1047 0.00288328
1075 0.00288315
1156 0.0028822
1003 0.00288093
2213 0.00288061
2493 0.00288044
1402 0.00288037
1506 0.00287996
2198 0.00287949
2917 0.00287891
1669 0.00287708
1289 0.00287463
1135 0.00287443
1842 0.00287203
2210 0.0028699
1877 0.00286932
1147 0.0028479
932 0.00283555
1049 0.00283407
1285 0.00283271
1458 0.00283157
1026 0.00282989
1637 0.00282883
2575 0.00282621
1336 0.00282591
1795 0.0028223
1288 0.00282212
1242 0.00282125
1091 0.00279733
1069 0.0027952
1393 0.00278705
2476 0.00278516
1182 0.00277845
1754 0.0027754
1287 0.00277422
2315 0.00276287
1207 0.00276098
851 0.00273258
1619 0.00272754
1765 0.00272513
1485 0.00272508
1886 0.00272288
2353 0.00272029
1195 0.00271848
2086 0.00271739
2563 0.00271132
3879 0.0026902
2746 0.00268782
2303 0.00267957
926 0.00267553
2568 0.00267547
1737 0.00267051
2653 0.0026685
1734 0.00266746
2288 0.00266634
1580 0.00266126
1181 0.0026609
1643 0.00265957
1952 0.0026498
1196 0.00264792
1769 0.00264599
3370 0.00263541
3112 0.00261797
1397 0.00261784
1832 0.00261432
2589 0.00261423
1796 0.00261417
999 0.00261331
1092 0.00261292
2544 0.00261047
2407 0.00260635
1411 0.00260417
2631 0.0026017
1856 0.00259415
1887 0.00257865
1130 0.00256141
1022 0.00255619
1380 0.00255523
1401 0.00252847
2802 0.00252239
1484 0.00252097
1263 0.00251361
1539 0.00251028
2571 0.0025102
1457 0.00250862
2518 0.00250756
1407 0.00250703
2137 0.00250566
1843 0.00250445
2177 0.00249977
2552 0.00249787
1953 0.00249748
2252 0.0024853
3854 0.00248015
2609 0.00245725
1054 0.00245653
1334 0.00245603
2330 0.00245508
2574 0.00245386
891 0.00244993
934 0.00244877
365 0.00244056
1700 0.00242801
3235 0.00242689
2044 0.00241099
288 0.00241038
1110 0.00240855
3202 0.00240421
2605 0.00240301
1782 0.00240044
983 0.00239912
875 0.00239876
883 0.00239856
1963 0.00239825
892 0.00239799
2179 0.00239362
1068 0.00239195
1079 0.0023912
1028 0.00238603
2305 0.0023727
3597 0.00236504
3094 0.00235862
571 0.00234328
1771 0.00234219
2579 0.00234142
1989 0.00234142
1994 0.00233868
2591 0.00233844
972 0.00233525
2185 0.00232985
3765 0.00231162
1517 0.00229619
2576 0.00229579
1365 0.00229548
1351 0.00229184
125 0.00227919
2635 0.00226075
2530 0.00224736
1572 0.00224421
1201 0.00224174
2519 0.00224169
1116 0.0022406
2392 0.00223785
2547 0.00222651
1293 0.00222283
907 0.00221211
1265 0.0021907
2249 0.00218987
2055 0.00218538
1753 0.00218251
385 0.00218092
2380 0.00217728
3134 0.0021701
2449 0.00214529
1556 0.00213649
2164 0.00213129
2287 0.00212821
2136 0.00212811
2239 0.00212755
2175 0.00209785
652 0.00208786
1987 0.00208518
1219 0.00207723
1389 0.0020762
2462 0.00206875
3408 0.0020641
1362 0.00203775
673 0.00203264
2065 0.00202753
1198 0.0020258
2798 0.00201044
3928 0.00200857
1084 0.00200835
1063 0.00200505
2295 0.00199628
1710 0.00198866
1278 0.00197519
2163 0.00197369
2606 0.00197333
1164 0.00197078
2058 0.00196622
2852 0.00194014
1724 0.00192564
1723 0.00192025
1340 0.00191844
2860 0.00187826
2572 0.00187482
1532 0.00186948
1398 0.00186204
1180 0.00185972
1414 0.00182931
2427 0.00181705
2383 0.00181272
2613 0.00181059
2536 0.00180964
610 0.0017843
1775 0.00176538
2522 0.0017624
1039 0.00176147
1395 0.00172
153 0.00166991
2208 0.00165651
1524 0.00164907
234 0.0016398
2021 0.00159727
2311 0.00159645
1772 0.00159586
2855 0.00158985
207 0.00153324
1233 0.00150152
1874 0.00149651
2599 0.00147121
2496 0.00143759
1821 0.00143638
1239 0.00143578
2722 0.00140961
860 0.00140836
3125 0.00134766
656 0.00127823
2524 0.00123696
2258 0.00117006
1969 0.00113775
3282 0.00110982
638 0.00107654
624 0.00102392
674 0.00102391
692 0.00101928
1417 0.00097812
1755 0.000976249
1463 0.00097122
585 0.000970749
608 0.000970539
613 0.000970461
1690 0.00094526
607 0.000917651
602 0.000917637
801 0.000914198
1439 0.000901141
1651 0.000886496
668 0.000864299
1967 0.000838983
335 0.000788803
1176 0.000783441
2442 0.000759736
3006 0.000694131
358 0.00066282
292 0.000631715
11 0.000630707
550 0.000610046
210 0.000575622
447 0.000556769
1276 0.000548042
74 0.000526474
215 0.000525995
209 0.000524893
37 0.000473876
287 0.000473377
43 0.000472774
18 0.000472042
3798 0.000443272
114 0.000419554
1262 0.000411564
15 0.000367435
12 0.000367435
3709 0.000338397
3451 0.000338069
3974 0.000286271
3650 0.000285427
3935 0.000284887
3856 0.000284887
3820 0.000284887
2596 0.000271649
3230 0.000263197
3853 0.00023309
3748 0.00023309
3729 0.00023309
3570 0.00023309
3453 0.00023309
1119 0.000228237
1466 0.000172847
1145 0.000172847
2569 0.000168874
2470 0.000168874
2457 0.000168874
2269 0.000168874
2195 0.000168874
2079 0.000168874
3183 0.000160985
3071 0.000160985
3031 0.000160985
2842 0.000160985
1834 0.00012201
1581 0.00012201
1560 0.00012201
1386 0.00012201
1206 0.00012201
1096 0.00012201
918 0.00012201
911 0.00012201
