3980 0.133676
0 0.0638128
3437 0.0505285
4030 0.0466583
686 0.0446053
4023 0.0441767
3998 0.0379551
698 0.0374024
3982 0.0356985
885 0.0340206
4025 0.0337228
4016 0.0336112
4007 0.0335927
3990 0.0334234
4014 0.0306091
3994 0.0305843
4031 0.0304597
867 0.0303385
3997 0.0298979
4017 0.0297441
4021 0.0294517
4000 0.0290938
881 0.0289262
870 0.0285059
3055 0.0283225
3127 0.028067
2774 0.0280093
3074 0.0279765
776 0.0279663
4009 0.0279463
4027 0.0279157
275 0.0278816
4 0.0278179
91 0.0276991
181 0.0275925
8 0.0275895
259 0.0275833
4004 0.0274314
3986 0.0269697
1684 0.0267702
872 0.0265592
874 0.0265504
2930 0.0263935
3181 0.0262523
3131 0.0262189
3180 0.0261822
2732 0.0261809
328 0.0260407
195 0.0259566
218 0.0259415
78 0.0259226
306 0.025869
273 0.0257843
3995 0.0257427
4038 0.0253571
3251 0.0251056
4026 0.024994
879 0.024968
564 0.024577
364 0.0245258
895 0.0244513
312 0.0240163
3981 0.0236651
3725 0.0236595
3538 0.0236114
3743 0.0236044
89 0.0235572
319 0.0233815
179 0.0233698
414 0.0233597
871 0.0232627
583 0.0231929
4020 0.0231863
3999 0.0230048
175 0.0229881
3200 0.0228558
2861 0.0226881
2817 0.0226026
227 0.0225654
3147 0.0225482
3372 0.0225425
643 0.0225276
3868 0.0224853
578 0.0224752
198 0.0224608
2902 0.0224216
615 0.0223821
4019 0.0223635
662 0.022294
143 0.0222523
661 0.0222441
873 0.0222048
2691 0.0221738
658 0.0221583
627 0.0221445
600 0.022141
441 0.0220319
887 0.0220302
348 0.0220179
2792 0.0220165
3037 0.0220152
399 0.0219797
3141 0.0219697
659 0.0219606
599 0.0219487
501 0.0219256
532 0.0218022
3616 0.0217904
2670 0.0217448
640 0.0217203
49 0.0214826
681 0.0214086
675 0.0213809
670 0.021366
3473 0.0213123
99 0.0213024
219 0.0212155
866 0.0211943
41 0.0211085
3628 0.0210681
3988 0.0210521
3989 0.0210447
95 0.0209119
4002 0.0208089
3318 0.0207652
3987 0.0207428
632 0.0207266
147 0.0206626
3053 0.0206567
107 0.0206164
2703 0.0206016
4001 0.0204959
828 0.0204923
4012 0.0204484
4029 0.0204291
6 0.0204191
650 0.0203718
1890 0.0203115
858 0.0202434
177 0.0202082
3546 0.0201906
577 0.02018
2421 0.0200132
3985 0.0198863
115 0.0197876
3325 0.0197808
3799 0.0197653
582 0.0195199
4018 0.0194787
3993 0.0194741
2959 0.0194627
2972 0.0194183
3382 0.0193513
3638 0.0193352
3662 0.0193327
1002 0.0191642
713 0.0191299
1105 0.0190893
3739 0.0190594
3996 0.0190076
3354 0.0190064
3218 0.0189552
3679 0.0189136
3439 0.018913
3912 0.0188992
393 0.0188766
2487 0.0187991
635 0.0187988
3122 0.018778
326 0.0187736
3917 0.0186659
3309 0.018625
192 0.0186134
2281 0.0185884
278 0.0185185
3008 0.0184554
705 0.0184433
3283 0.0182989
3314 0.0182884
3423 0.0182561
453 0.0182365
3490 0.0181878
230 0.0181558
2879 0.0181371
855 0.0180585
717 0.0180053
225 0.0179966
732 0.0179753
3774 0.0179377
852 0.0179093
3105 0.0178707
343 0.017838
4013 0.0178235
595 0.0177776
264 0.0176799
137 0.0176683
3918 0.0175883
110 0.0175564
3567 0.0175505
3830 0.0175439
3874 0.0175273
3595 0.0174766
889 0.0173662
3789 0.0173516
757 0.0172731
805 0.0172554
3624 0.0172399
2535 0.0171567
1586 0.0171378
2982 0.0171339
437 0.0170904
592 0.0170875
1046 0.0170805
19 0.0170653
3549 0.0170357
2483 0.017035
3883 0.0169938
3898 0.0169887
3649 0.0169874
2595 0.01698
3695 0.0169699
806 0.016958
3562 0.0169401
3720 0.0169212
2799 0.0168132
863 0.0167787
3613 0.0167361
3571 0.0167198
3479 0.0166862
1912 0.0166509
3757 0.016611
2889 0.0166094
894 0.0166048
3932 0.0165995
1194 0.0164724
876 0.0164724
3836 0.0164612
714 0.0164269
665 0.0164214
3819 0.0164125
647 0.0162567
116 0.0162336
729 0.0162151
23 0.0161952
839 0.016195
719 0.0161611
3892 0.016159
310 0.0161574
579 0.0161547
856 0.0161509
642 0.0161507
33 0.0160974
3657 0.0160956
581 0.0160888
476 0.0160433
282 0.0160159
3701 0.0159716
3523 0.0159308
3516 0.0159015
2094 0.0158957
256 0.0158927
233 0.015873
244 0.0158527
3957 0.0158335
3481 0.0158292
2527 0.0158259
42 0.0158118
3759 0.0157868
20 0.0157674
745 0.0157357
68 0.0157085
3949 0.0156405
3846 0.0156009
3746 0.0155804
3536 0.0155201
3407 0.0155132
3268 0.0155131
3933 0.0154707
182 0.0154497
830 0.0154318
193 0.0154034
3465 0.0153856
3579 0.0153744
823 0.0153215
111 0.0153131
1208 0.0153118
878 0.0152665
694 0.015265
214 0.0152199
2437 0.0151352
747 0.0151032
149 0.0150879
14 0.0150562
2699 0.0150477
781 0.0150165
833 0.0149845
3837 0.0149562
3751 0.0149339
3581 0.0149327
3442 0.0149156
824 0.0148709
884 0.0148462
3541 0.014817
226 0.014757
3500 0.0147325
3519 0.0147119
2106 0.0147075
771 0.0146865
798 0.0146645
3587 0.0146637
25 0.0146506
56 0.0146428
822 0.014606
573 0.0145866
171 0.0145713
2245 0.0145607
271 0.0144964
3923 0.0144538
3675 0.0144336
1499 0.014423
3975 0.0144108
2558 0.0143995
864 0.0143878
3446 0.0143717
3708 0.0142715
697 0.0142547
2301 0.0142452
144 0.0142234
3478 0.014216
804 0.0141983
1837 0.0141777
1097 0.014169
818 0.0140666
3747 0.0140578
3776 0.0140523
3455 0.0140351
337 0.0139935
81 0.0139298
1027 0.0139094
3791 0.0139017
1627 0.0138903
351 0.0138887
2949 0.0138808
3894 0.0138696
67 0.0138675
1030 0.0138597
3271 0.0138387
3669 0.0138275
3863 0.0138072
3857 0.0138063
3521 0.0137826
3716 0.0137695
1733 0.013702
4003 0.0136896
3864 0.0136864
3476 0.0136827
3911 0.0136691
1202 0.0136663
4005 0.0136593
789 0.0136552
3647 0.0136304
877 0.0136278
3813 0.0136211
1118 0.0136179
174 0.0135617
3700 0.0135499
886 0.0135362
861 0.0135274
28 0.0135183
296 0.0135045
1895 0.0134892
1368 0.0134821
1548 0.0134641
1138 0.013441
263 0.0134383
955 0.0134058
3920 0.0134045
576 0.013334
3594 0.0133243
1798 0.0133009
346 0.0132945
3960 0.013266
3639 0.0132534
1240 0.0131917
3629 0.0131695
1216 0.0131669
712 0.0131053
3502 0.0131018
3655 0.0130974
1956 0.0130829
26 0.0130629
3861 0.0130307
688 0.0130118
654 0.0129929
201 0.0129817
322 0.0129783
1889 0.0129694
327 0.0129641
3696 0.0129612
827 0.0129563
901 0.0129552
3919 0.0129531
119 0.0129496
386 0.0129447
630 0.0129336
3580 0.012911
2650 0.0129056
1333 0.0128849
724 0.0128673
979 0.0128568
3742 0.012843
888 0.0128086
252 0.0127976
903 0.0127842
277 0.01277
167 0.0127693
21 0.0127661
3599 0.0127524
3513 0.0127243
1452 0.0127135
4011 0.0127115
2886 0.0127015
131 0.0126399
3921 0.0125101
3311 0.0124795
157 0.0124629
963 0.0124271
784 0.0124207
1533 0.0124124
1378 0.0123778
2776 0.0123076
320 0.0123063
53 0.012281
93 0.0122641
4036 0.0122585
853 0.0122581
1880 0.0122557
92 0.0122466
1788 0.0122441
1218 0.0122359
1601 0.0122144
243 0.012176
3596 0.0121751
703 0.01214
3216 0.0120992
1468 0.0120874
3487 0.0120776
3506 0.0120769
1016 0.012064
1403 0.0120487
249 0.012026
3322 0.0119975
184 0.0119927
3553 0.0119715
239 0.0119617
1043 0.0119239
1111 0.0119233
834 0.0119134
3066 0.0118914
3128 0.0118688
145 0.011837
101 0.0118308
3126 0.0118278
4037 0.0117946
197 0.0117871
3545 0.0117822
2170 0.011777
17 0.0117764
3963 0.0117446
3749 0.0117272
695 0.0117162
94 0.0116979
90 0.0116881
4028 0.0116809
127 0.0116765
3444 0.0116633
2349 0.0116545
2486 0.0116459
3530 0.0116299
3967 0.0116265
3938 0.0116178
3849 0.0116171
245 0.0116164
180 0.0115949
1137 0.0115769
281 0.011573
882 0.0115594
3787 0.0115359
2444 0.0115305
3809 0.0115244
594 0.0115179
3682 0.0115032
284 0.0114978
1787 0.0114935
194 0.0114928
910 0.0114744
680 0.0114614
2320 0.0114379
617 0.0114259
1776 0.0114211
200 0.0114178
702 0.0114155
203 0.011402
909 0.0113982
2313 0.0113884
1657 0.0113856
2167 0.0113841
893 0.0113834
736 0.0113758
3584 0.0113454
266 0.0113407
102 0.0113243
815 0.0113231
3551 0.0113183
3740 0.0112968
628 0.0112934
1568 0.0112725
2076 0.0112675
768 0.0112595
3992 0.0112486
3783 0.0112465
251 0.011239
956 0.0111989
32 0.0111777
800 0.0111664
3954 0.0111272
728 0.0111229
3991 0.0111127
356 0.0111078
2034 0.0110942
3793 0.0110894
4033 0.0110685
842 0.0110517
992 0.0110432
299 0.0110409
619 0.0110319
9 0.0110294
2 0.0110232
302 0.0110161
140 0.0110122
3531 0.0110077
122 0.0109819
707 0.0109765
242 0.0109615
1992 0.0109512
58 0.0109275
253 0.0109126
464 0.010898
572 0.0108819
97 0.0108757
766 0.010874
1232 0.0108707
782 0.0108501
653 0.0108414
467 0.0108161
3924 0.010808
1253 0.0107903
820 0.0107847
1177 0.0107793
829 0.0107766
3887 0.0107619
3728 0.0107515
80 0.0107474
2204 0.0107328
411 0.0107123
254 0.0107117
36 0.0107049
3676 0.0107001
3727 0.0106942
1071 0.0106911
3722 0.0106906
3680 0.0106785
1319 0.0106742
904 0.0106636
301 0.0106616
1988 0.0106464
315 0.0106446
938 0.0106278
752 0.0106088
726 0.0105961
3905 0.0105949
689 0.010594
819 0.0105907
3585 0.0105835
3710 0.0105762
86 0.0105426
3801 0.0105194
2017 0.0105021
725 0.0104736
3336 0.0104665
3489 0.010454
1493 0.0104416
498 0.0104259
3829 0.0104017
3814 0.0104003
636 0.0103902
286 0.010379
3835 0.0103632
3745 0.0103631
2622 0.0103606
2983 0.0103468
383 0.0103379
787 0.0103366
3593 0.010336
3867 0.0103277
773 0.0102973
3652 0.0102888
2168 0.0102732
3825 0.010255
2207 0.0102438
187 0.0102421
304 0.0102408
3529 0.0102257
3713 0.0102179
616 0.0102044
677 0.0101801
309 0.0101771
3806 0.0101704
3604 0.0101674
401 0.0101551
3945 0.0101543
40 0.0101196
3723 0.010085
3665 0.0100737
204 0.0100181
3838 0.0100158
774 0.0100115
770 0.0099984
135 0.00999641
47 0.00996635
644 0.00995259
3633 0.00994122
3951 0.0099374
333 0.00992751
384 0.00991516
2439 0.00991452
684 0.00989002
3753 0.00988375
597 0.00986879
3758 0.00985666
618 0.00982573
188 0.00982443
825 0.00980867
3508 0.00979806
24 0.00978642
552 0.00978552
377 0.00978002
1371 0.00977904
3636 0.00976955
98 0.00974638
678 0.0097367
170 0.00972322
1648 0.00971329
3504 0.0097041
3885 0.00967801
3505 0.00963059
3906 0.00962895
3871 0.00961919
780 0.00960403
199 0.0095837
1224 0.00958232
3961 0.00957745
3964 0.00956357
3844 0.00955946
3948 0.00955292
1687 0.00955252
2926 0.00954409
3558 0.00954301
609 0.00954175
3756 0.00953465
625 0.00953426
2513 0.00952672
3464 0.00952542
2426 0.00951259
589 0.00950584
173 0.00950385
2401 0.00950201
3610 0.00948119
272 0.00946773
3401 0.0094639
516 0.00946108
3083 0.00944788
1197 0.00944091
1693 0.00942227
810 0.00940966
767 0.00940584
3611 0.00940345
2456 0.00939968
3738 0.00939277
457 0.0093815
958 0.00936456
1045 0.00935581
3376 0.00934647
3848 0.0093402
3847 0.00933616
3925 0.00933613
330 0.00927978
186 0.00927361
1254 0.00927079
3568 0.00927015
2217 0.0092687
3907 0.00926243
3690 0.00925971
849 0.00922902
2721 0.00920903
3028 0.00919802
71 0.00919384
3794 0.00918674
2450 0.00918568
162 0.00917476
3606 0.00916562
3810 0.00915548
285 0.00915443
454 0.00914034
3091 0.00913181
746 0.00912759
2671 0.00912439
3684 0.00911794
424 0.00911556
2824 0.00910584
3590 0.00910345
100 0.00909975
554 0.00908883
1314 0.00907547
551 0.00907256
172 0.0090612
3804 0.00906025
708 0.00905847
3447 0.00904133
764 0.00900059
280 0.00899214
3544 0.00897002
797 0.00896074
3338 0.00895524
3469 0.00893476
486 0.00891296
739 0.00890927
152 0.00890255
376 0.00887067
3833 0.00886411
603 0.00886086
108 0.00886041
3466 0.00885837
912 0.0088526
509 0.00883911
775 0.00883367
46 0.00883091
2839 0.00883036
4006 0.00882571
307 0.0088242
261 0.00880896
241 0.00879191
2364 0.00877312
1136 0.00876203
155 0.0087556
3672 0.0087499
3427 0.00873648
1951 0.00873169
3698 0.00873038
255 0.00872108
3897 0.00872068
323 0.00871881
718 0.00871748
791 0.00871578
3486 0.00870229
3862 0.00866966
518 0.00866137
325 0.00865862
3851 0.00865456
3822 0.00864948
4032 0.00863786
3495 0.00863531
687 0.00861796
2528 0.00861404
313 0.00861184
2805 0.00861136
3900 0.00860911
720 0.00859868
3826 0.0085946
816 0.00858192
749 0.00856492
3790 0.00854949
1307 0.00853239
793 0.0085146
3930 0.00850732
2113 0.00850547
2754 0.00850167
696 0.00849929
2515 0.00848521
142 0.00847372
3677 0.00847069
3812 0.00846588
754 0.00846241
3460 0.00845972
760 0.00845853
3425 0.00845786
2263 0.00844603
2126 0.0084365
339 0.00842368
3711 0.00842364
3947 0.00841798
82 0.00841256
1747 0.00841213
3850 0.00840872
664 0.00839097
1607 0.00838784
2834 0.00837169
814 0.00836476
847 0.00836227
236 0.00835998
118 0.00835534
3445 0.00834901
727 0.00834687
1995 0.0083441
1629 0.00832414
3766 0.0083008
3908 0.00828698
483 0.00828131
3824 0.00827074
369 0.00826987
332 0.00826122
3363 0.00825757
3641 0.00825537
3761 0.00824652
738 0.00823837
3640 0.00823673
3782 0.00823479
848 0.00822636
623 0.00822558
742 0.00821618
817 0.00820934
3956 0.00820602
899 0.0081884
357 0.00818726
3634 0.00816316
1705 0.00816285
260 0.00816274
605 0.00815717
3488 0.0081425
734 0.00813359
2001 0.00813223
3705 0.00812692
2321 0.00806949
2284 0.008068
2171 0.00806299
213 0.0080593
1980 0.00805458
1927 0.00804502
1363 0.00804143
3443 0.00803315
1972 0.00802954
150 0.00802775
1555 0.00802102
796 0.00801798
1360 0.00800278
3617 0.00799374
329 0.00796853
3661 0.00794876
3877 0.0079313
293 0.00791917
139 0.00791691
1996 0.00790722
3971 0.00790262
112 0.00790232
3752 0.00789679
113 0.00789585
1494 0.00789408
2548 0.00786988
3526 0.00785182
3952 0.0078442
3904 0.00784075
840 0.00783287
64 0.00782535
3718 0.00782309
769 0.00782193
611 0.00782107
3800 0.00781892
3577 0.00781397
3966 0.00781147
2565 0.00780438
2006 0.00780311
2490 0.00780106
563 0.00779466
3548 0.00779307
3643 0.00778438
3927 0.00777285
3775 0.00775951
189 0.00775825
1511 0.00775646
758 0.00775569
1919 0.00775442
3979 0.00775193
217 0.00775153
2997 0.00775147
3468 0.00774149
3472 0.00774081
3731 0.00773387
584 0.00773054
3664 0.00770878
3449 0.00769704
3637 0.00769656
1961 0.00768401
3426 0.00768121
3870 0.00767486
3915 0.00767223
3821 0.00765684
3090 0.00765375
2640 0.00765183
3968 0.00764107
792 0.00763957
1825 0.00760876
3685 0.00760752
159 0.00759081
3456 0.0075892
342 0.00758334
622 0.00757664
48 0.00757284
291 0.00757261
3950 0.00756914
2657 0.00756799
1822 0.00756078
3501 0.00755769
109 0.00755651
531 0.00754993
3121 0.00753424
809 0.00753387
2361 0.00752985
3608 0.00752205
475 0.00751678
2933 0.00751366
3734 0.00750811
1838 0.00750092
2412 0.00749242
3592 0.00747838
3983 0.00747572
1567 0.00747192
505 0.00746831
3648 0.0074475
685 0.00744693
3626 0.00744518
31 0.00744227
3554 0.00743571
3576 0.00742973
1973 0.00742649
3969 0.00742591
598 0.0074195
803 0.00741741
755 0.00741729
88 0.00741726
795 0.00741277
3569 0.00740898
2129 0.00740488
169 0.00740393
2645 0.00739826
151 0.0073906
2944 0.00738609
3063 0.00737871
3733 0.00737387
412 0.00736339
2365 0.00736166
166 0.00736118
2255 0.00735895
2488 0.00735677
3869 0.00734105
731 0.00732855
2466 0.00732262
3498 0.00732224
2041 0.00731715
3764 0.00731168
1442 0.00730782
3586 0.00730714
3402 0.00729003
2620 0.00728034
1960 0.00727546
3448 0.00726969
2538 0.00725498
3714 0.00724904
1144 0.00724701
428 0.00724382
896 0.00724321
1277 0.00722733
865 0.00722474
1000 0.00722468
7 0.00721979
3045 0.00721308
868 0.00720743
3537 0.00719711
2962 0.0071953
2647 0.00718808
807 0.00718167
3644 0.00717999
1808 0.00717857
3256 0.00717795
2648 0.00716358
3899 0.00716218
1186 0.00715602
612 0.00715597
2838 0.00715304
2061 0.00714577
3706 0.00713397
3902 0.00712848
2966 0.00712327
3012 0.00712036
1433 0.0071156
3823 0.00711073
3926 0.00710959
1174 0.00710857
3026 0.00709139
857 0.00708986
3939 0.00708193
633 0.00707979
2024 0.00706827
1472 0.00705654
3477 0.00705527
1050 0.00705195
2986 0.00704664
2156 0.00704401
124 0.00704081
3077 0.0070351
3615 0.00702082
1914 0.00701721
2669 0.00701175
3842 0.00700536
626 0.00700016
324 0.00699441
3768 0.00698529
682 0.00698362
3232 0.00697894
3003 0.00696777
3605 0.00696211
3078 0.00694244
740 0.00694208
786 0.00693418
380 0.0069321
262 0.00692315
3972 0.00691341
3565 0.00691008
3539 0.00690598
3397 0.00690556
701 0.00689952
2049 0.00689586
422 0.00689343
220 0.00689162
205 0.00688642
1991 0.0068826
3482 0.00687519
1998 0.00687511
711 0.00686985
3797 0.00686691
1935 0.00686604
3155 0.00686454
3528 0.00686391
2742 0.00685963
1055 0.00685952
1676 0.00685924
2782 0.00685854
52 0.00685149
2863 0.00685017
3719 0.00684436
3511 0.00684389
2890 0.00683584
1840 0.00682256
3499 0.00682102
196 0.0068179
3771 0.00681326
13 0.00681065
748 0.0067988
1322 0.0067984
1133 0.00679468
1615 0.00678826
211 0.0067881
2738 0.00678362
1905 0.00678351
2999 0.00677764
838 0.00677646
2378 0.006773
2018 0.00676791
3612 0.00676752
1328 0.00676436
468 0.00676323
3510 0.00675853
753 0.00675837
1806 0.00675149
1459 0.00674566
2022 0.00674164
504 0.00673907
57 0.00673557
5 0.00673292
3901 0.00672969
3300 0.0067292
443 0.00672803
3735 0.00672155
908 0.00671057
2724 0.00670647
3082 0.00670647
3702 0.00670183
553 0.00669928
666 0.00669351
2767 0.00669107
2397 0.00668451
2047 0.00668342
588 0.00668328
691 0.00667874
1441 0.0066743
3625 0.00666074
334 0.00665328
269 0.00664795
2004 0.00664609
1975 0.00664601
631 0.00664321
1479 0.00664127
2621 0.00663567
3463 0.00663487
2317 0.00663243
3514 0.00662963
104 0.00661955
3101 0.00661518
779 0.00661052
2159 0.00660649
2202 0.00660559
2916 0.00660318
3896 0.0065987
835 0.00659449
2786 0.00659104
1014 0.0065898
3417 0.00658667
2659 0.00658441
1760 0.0065831
2173 0.00658298
1410 0.00657475
2906 0.00656137
3691 0.00655779
3674 0.00655603
777 0.00655406
1104 0.00655311
3602 0.00655187
3873 0.0065449
2236 0.00654339
1585 0.0065325
1866 0.00653012
2928 0.00652696
890 0.0065247
472 0.00652346
2335 0.00651732
500 0.00651448
2683 0.00651213
3566 0.00650996
1896 0.00650784
3744 0.00650501
3663 0.00650255
3730 0.00650233
1204 0.0064997
783 0.00649788
513 0.00649426
389 0.00649026
3717 0.0064879
3737 0.00648749
3560 0.00648743
845 0.00647684
373 0.00647638
3509 0.00647082
3931 0.00646824
51 0.00646587
1192 0.00646548
3803 0.006461
3280 0.00646098
802 0.00645481
1783 0.00644886
917 0.00644521
1266 0.0064448
2694 0.0064445
2960 0.00644033
1703 0.00643555
3054 0.00643166
1583 0.00642677
575 0.00641481
2447 0.00641267
1564 0.00640756
185 0.00640642
1462 0.00640459
2679 0.00639361
1421 0.00638939
3715 0.00638878
3291 0.00638407
2877 0.00638267
3518 0.00637973
3387 0.00637327
469 0.00637307
1424 0.00636873
77 0.0063664
3534 0.006364
3903 0.00634109
2935 0.00633976
3233 0.00632876
3840 0.00632363
3692 0.00632141
3470 0.00631897
133 0.00631893
1235 0.0063163
1573 0.00631513
2956 0.00631324
3535 0.00630589
862 0.00630493
381 0.00630116
44 0.00629992
3860 0.00629947
1345 0.00629646
3084 0.00629303
832 0.00629205
83 0.00627949
247 0.00627945
3598 0.00627925
1469 0.00627153
1505 0.00626869
2730 0.00626145
265 0.00625683
1 0.00625563
3778 0.00625159
3 0.00624573
3348 0.00623938
763 0.00623524
3659 0.00623225
3525 0.00623012
237 0.00623009
2160 0.00622726
1936 0.00622461
3368 0.00622441
2978 0.00621933
3792 0.00620982
231 0.00620946
3540 0.00620627
2951 0.00620479
3116 0.00619741
3916 0.00619603
559 0.00618715
141 0.00618232
62 0.00618151
1562 0.00617985
158 0.00617742
3231 0.00617665
2719 0.00616883
3946 0.0061653
3601 0.00615963
3815 0.00615735
202 0.00615669
3781 0.00615503
3786 0.00615022
1057 0.00615011
1591 0.00614991
2027 0.00614087
1784 0.00613898
1041 0.0061375
2497 0.00613317
741 0.00612893
3866 0.00612628
1252 0.00612522
3290 0.00612513
61 0.00611843
3162 0.00611275
2788 0.00610915
709 0.00610618
224 0.00610532
3542 0.00609362
3033 0.00608776
2915 0.00608544
2448 0.00608194
3493 0.00608109
395 0.00607617
455 0.00606616
359 0.00606517
811 0.00606299
3324 0.00605159
3441 0.00604619
2943 0.00603825
397 0.00603634
499 0.00603279
3962 0.00602305
2091 0.00601903
730 0.00601776
3263 0.00601241
3051 0.00599325
2627 0.00598791
1593 0.0059852
2910 0.00598186
465 0.00597928
1588 0.00597853
3320 0.00597156
154 0.00596609
2927 0.0059629
3653 0.00596288
2225 0.00596083
3000 0.00595934
2664 0.00595812
3909 0.0059495
3434 0.00594903
2411 0.00594656
3458 0.00594651
2107 0.00594597
3645 0.00594585
460 0.00594577
2885 0.00593856
3891 0.00593416
1352 0.00593188
869 0.00592826
3721 0.00592659
84 0.00592555
2587 0.0059179
1085 0.00591249
130 0.00590539
2371 0.00590519
3687 0.00590103
3557 0.00589611
1064 0.00589579
2909 0.005893
3019 0.00589223
850 0.0058913
1899 0.00588667
1711 0.00588214
3888 0.0058784
3779 0.00587793
2771 0.00587425
525 0.00587312
3802 0.00586775
3139 0.00586548
2116 0.00586371
3564 0.00586206
2583 0.00585879
29 0.00585679
1212 0.00585149
2231 0.00584623
168 0.00584254
3694 0.00584158
361 0.0058414
799 0.00583946
1831 0.00583861
3858 0.00583735
3096 0.00582662
2755 0.00582457
2614 0.00582204
859 0.00581692
4034 0.00581059
3875 0.00580712
1725 0.00580575
1127 0.0058033
2342 0.00580242
497 0.00580117
3773 0.0058009
3632 0.00579916
355 0.0057991
2633 0.00579717
3366 0.00579703
547 0.00578856
3623 0.00578843
283 0.0057795
3524 0.00577849
3591 0.00577761
1888 0.00577642
1803 0.00577571
3699 0.00577481
3474 0.00577462
3693 0.00577051
1304 0.0057696
2661 0.00575661
353 0.00575511
2757 0.00574714
1356 0.00574555
3035 0.00574505
2097 0.00574429
1797 0.00574166
733 0.00573216
3327 0.00572571
1636 0.00572369
778 0.00572026
2384 0.00571923
238 0.00571746
2808 0.00570832
3808 0.00570803
1910 0.00570794
831 0.00570391
1642 0.00570282
2494 0.00569261
2192 0.00569126
1800 0.00567602
2676 0.0056685
772 0.00566224
128 0.00566177
1544 0.00565769
561 0.00565504
790 0.00565234
3555 0.00565174
2778 0.00565163
1957 0.00564889
3532 0.00564716
2111 0.00564222
2777 0.00564051
3308 0.00564012
2152 0.00563528
1317 0.00563513
539 0.00563337
1964 0.00563147
517 0.00561696
2570 0.00561271
2431 0.00559969
2341 0.005597
1387 0.00559539
3056 0.0055929
303 0.00559104
3396 0.00558755
3392 0.0055768
1325 0.00557082
574 0.00556922
3769 0.00554941
148 0.00554837
1596 0.00554528
3872 0.00554458
2634 0.00554326
2286 0.0055416
3559 0.00554134
1504 0.00554024
3076 0.00553443
2734 0.00553006
3104 0.00552853
2585 0.00552606
3635 0.00552184
3841 0.00551717
2120 0.00551354
370 0.00551133
350 0.00550972
620 0.0055064
228 0.00550632
3880 0.0055058
939 0.00550422
621 0.00549735
2375 0.00549638
3884 0.00549461
3651 0.00549225
2800 0.00548958
3405 0.00548739
3483 0.00548612
59 0.00547916
3475 0.00547587
347 0.00546623
419 0.00546589
2866 0.00546203
1264 0.005461
1259 0.00546043
1742 0.00545775
737 0.00545772
2440 0.00545718
2836 0.00545543
1486 0.00545526
1227 0.00545076
2706 0.00544909
2015 0.00544767
1033 0.00544674
2716 0.00544607
1786 0.00544459
706 0.00544306
232 0.00544173
270 0.00544012
3646 0.00543961
2750 0.00543923
3061 0.00543784
1730 0.00543317
794 0.00543281
2873 0.00543097
1274 0.00543032
506 0.00542472
2297 0.00542091
2639 0.00540946
1871 0.00540926
2228 0.00540518
1701 0.0054023
2867 0.00539941
400 0.0053971
3726 0.0053929
1663 0.00539089
2872 0.00538935
2663 0.00538904
308 0.00538757
2644 0.00538727
2422 0.00538208
813 0.00537891
3630 0.00537656
596 0.00536681
566 0.00536264
1098 0.00535927
3119 0.00535448
1854 0.00534824
3881 0.00534792
459 0.00534565
1431 0.00534478
2905 0.00534329
2789 0.00534023
3132 0.00534012
663 0.00533937
3038 0.00533607
1270 0.00533273
2314 0.00533076
929 0.00533067
1664 0.00532781
3459 0.00532318
846 0.00532299
3561 0.00532242
1729 0.00531984
3496 0.00531895
3533 0.00531845
538 0.00531301
1779 0.0053088
161 0.00530763
223 0.00530642
2011 0.00530641
3226 0.00530212
1709 0.00530173
431 0.00530093
1070 0.0052982
3362 0.00529475
2925 0.0052876
2357 0.00528541
1628 0.00528281
1087 0.00528264
3187 0.00528101
2481 0.00528001
2157 0.0052793
1261 0.00527063
2911 0.00526647
2864 0.00526583
2851 0.00526119
2133 0.00525914
2865 0.00525607
429 0.00525229
1536 0.00525224
2248 0.00525179
2035 0.00524923
2199 0.00524911
1857 0.00524205
3072 0.00523833
3020 0.00523477
837 0.00523342
72 0.00523267
1893 0.0052318
3619 0.00523161
693 0.0052308
522 0.00522276
765 0.00522149
2505 0.00522149
477 0.00521217
1366 0.00521071
1802 0.00520868
836 0.00520678
2051 0.00520523
190 0.00519868
3365 0.00519614
1061 0.00519493
1298 0.00519389
3010 0.00519216
2346 0.00519208
1661 0.0051865
248 0.00518182
3497 0.0051809
466 0.00517745
2793 0.00517707
1297 0.00517369
3707 0.00516905
2534 0.00516859
3248 0.00516682
374 0.00516263
3886 0.00516132
1931 0.00516042
2244 0.00515924
3440 0.00515861
3671 0.00515674
331 0.00515575
2636 0.00515271
2626 0.00515108
1358 0.00515104
257 0.00515022
716 0.00514858
2862 0.00514706
3339 0.00514615
544 0.00514603
3174 0.0051448
3154 0.00514425
1134 0.00514254
2827 0.00513848
2810 0.00513699
1236 0.00513356
1576 0.00512979
1275 0.00512919
481 0.00512129
3022 0.0051168
3168 0.00511434
396 0.00511411
1921 0.00511384
514 0.00511091
1032 0.00510959
1958 0.00510019
2146 0.00509196
129 0.00508974
1347 0.00508931
1990 0.00508845
3398 0.00508318
2009 0.00508247
349 0.00508165
2658 0.00507926
76 0.00507843
1814 0.00507805
3330 0.00506885
2229 0.00506841
2901 0.00506778
121 0.00506666
2698 0.00506309
3433 0.00505791
722 0.00505245
438 0.00504852
478 0.00504828
1338 0.00504654
3351 0.00504464
3831 0.0050417
1731 0.00504023
555 0.00503653
96 0.00503603
417 0.00503532
22 0.00503417
297 0.00502722
3295 0.00502684
3201 0.00502424
1171 0.00502297
120 0.0050194
2628 0.00501588
3583 0.00501301
928 0.00500941
1827 0.00500669
258 0.00500425
1611 0.00500301
2893 0.00500162
1974 0.00499996
2809 0.00499907
2337 0.00499731
2455 0.00499544
3622 0.00498862
3360 0.00498537
1053 0.00498119
3620 0.00497858
3207 0.00497843
3252 0.00497662
2100 0.00497391
1985 0.00497351
1162 0.00497272
3152 0.00496667
2289 0.00496385
406 0.00496205
2985 0.00495091
1426 0.0049509
3195 0.00495085
1978 0.00494561
2340 0.00493898
808 0.00493803
2206 0.00493709
3855 0.0049333
1976 0.00493191
2347 0.00493191
2405 0.00492982
1187 0.00492649
2474 0.00492642
2969 0.00492499
2503 0.00492498
2089 0.00491728
788 0.00491666
2604 0.00491071
1634 0.00490169
2598 0.0049004
3828 0.00490017
3266 0.00489996
1833 0.00489974
2660 0.00489921
3667 0.00489847
3184 0.0048979
366 0.00489611
1892 0.00489596
1067 0.00488979
436 0.00488909
1937 0.00488854
844 0.00488684
354 0.00488672
1945 0.00488552
3412 0.00488356
942 0.00488103
843 0.0048793
2913 0.00487801
3609 0.00487661
3827 0.00487493
2920 0.00487476
1157 0.00487453
456 0.00487173
1804 0.00487154
937 0.00486867
2283 0.00486595
1999 0.00486446
423 0.00486246
2142 0.00485947
580 0.00485932
3369 0.00485864
542 0.00485021
507 0.00484749
2025 0.00484695
484 0.00484616
1860 0.00484192
1599 0.00484099
2266 0.00483161
1666 0.00482821
1434 0.00482708
493 0.00482483
402 0.00482392
2081 0.00482015
3185 0.00482011
3017 0.00481854
1295 0.00481826
3607 0.00481661
3136 0.00481458
3057 0.00481355
2220 0.00480968
126 0.00480913
2729 0.00480833
1698 0.00480817
2464 0.00480723
1820 0.00480532
212 0.00480469
1768 0.0048007
3137 0.00480023
1199 0.00479964
2849 0.0047995
2880 0.00479814
408 0.00479793
132 0.00479738
3454 0.00479686
3556 0.00479328
222 0.00479297
3284 0.00479206
463 0.00479169
556 0.00479143
2543 0.00479065
178 0.00478224
3750 0.004781
534 0.00478075
363 0.00477771
2651 0.00477649
276 0.00477628
3214 0.0047756
2181 0.00477449
3503 0.00477263
2184 0.0047719
73 0.00477033
2994 0.00476902
3142 0.00476315
3668 0.00476265
2054 0.00476078
3621 0.00475372
503 0.00475117
1680 0.00474793
2807 0.00474398
990 0.00473769
3670 0.00473597
2507 0.00473594
2689 0.00473478
1478 0.00473403
3002 0.00473369
123 0.00473108
1126 0.00473088
39 0.00473086
957 0.0047253
1525 0.00471022
1475 0.00470948
1770 0.00470879
1876 0.00470677
2668 0.00470526
1719 0.00469794
2000 0.0046958
1844 0.00469544
3816 0.00469524
1630 0.00469347
489 0.00468983
3937 0.0046891
2828 0.00468728
3976 0.00468403
2728 0.00468137
3471 0.004681
1148 0.00467914
1100 0.0046786
567 0.00467751
85 0.00467311
3350 0.00467056
492 0.00466915
3970 0.00466749
3394 0.00466003
762 0.0046531
1482 0.00465137
1943 0.00465087
1640 0.00464633
1749 0.00464602
657 0.00464582
637 0.00464558
3080 0.00464554
2841 0.004643
1159 0.00464199
1373 0.00464069
3150 0.00464035
2327 0.00464
2403 0.00463685
2088 0.00463627
533 0.00463569
1231 0.00463451
2693 0.00463219
2333 0.00463128
3087 0.00462946
2837 0.00462649
1471 0.00462168
2023 0.00462077
1282 0.00462008
510 0.00461879
1835 0.00461334
1129 0.00461197
785 0.00461169
2922 0.00461052
1589 0.00460714
520 0.00460599
3344 0.00459262
639 0.00459124
2459 0.00458297
2328 0.00458175
529 0.00458148
407 0.00457896
2178 0.00457863
470 0.00457466
367 0.00457422
1613 0.00456811
1559 0.00456273
3953 0.00456222
1052 0.00456154
2577 0.00456149
2560 0.00456053
1036 0.00455959
3114 0.00455359
2509 0.00454684
2940 0.0045417
2919 0.0045402
2500 0.00453771
1714 0.00453348
3347 0.00452966
3198 0.00452951
524 0.00452747
1086 0.00452644
3140 0.00452466
2607 0.00452301
404 0.00452031
1716 0.00452007
2763 0.00451637
3153 0.00451596
2726 0.00451572
924 0.00451549
3321 0.00451257
2833 0.0045089
3485 0.00450884
2336 0.00450765
3229 0.00450757
274 0.00450398
2423 0.00450171
519 0.00449907
1131 0.00449791
2674 0.00449432
1922 0.00449142
2618 0.00449118
2564 0.00449102
1610 0.00448539
1584 0.00448398
156 0.00448331
2894 0.00448274
1983 0.00448273
3406 0.00448181
3480 0.00448156
1078 0.00447673
679 0.00447615
3527 0.004476
1495 0.00447593
3120 0.00447414
3642 0.00447267
2677 0.00447212
1926 0.00446845
1917 0.00446812
1968 0.00446682
3220 0.00446676
2904 0.00446657
3086 0.00446637
3573 0.00446481
3098 0.00446282
321 0.0044623
3081 0.00446162
2453 0.00446029
3627 0.00446
3149 0.00445908
3269 0.00445879
2869 0.00445718
1566 0.00445611
2526 0.0044534
3515 0.0044495
3001 0.004446
3107 0.0044452
970 0.00444437
2078 0.00444041
961 0.00443973
1284 0.00443697
2993 0.00443519
1707 0.00443275
557 0.00443202
3374 0.00443097
2090 0.00443042
1283 0.00442593
1962 0.0044245
2369 0.00442372
2037 0.00442252
1622 0.00442082
432 0.00441747
2773 0.00441624
2666 0.00441362
2323 0.00441301
3145 0.00441268
2600 0.00441153
1376 0.00440844
3772 0.00440802
2316 0.00440787
2324 0.00440781
2240 0.00440291
2103 0.00439873
474 0.00439662
1383 0.00439546
2326 0.00439351
1515 0.00439113
2188 0.00439099
3785 0.00438995
3302 0.00438856
3073 0.00438807
1390 0.00438422
1938 0.00438261
2764 0.0043823
3060 0.00438205
2820 0.00438056
1654 0.00437992
1621 0.00437974
1273 0.00437838
568 0.00437834
3895 0.00437816
3064 0.00437748
1423 0.00437116
2309 0.00437107
3052 0.00437101
3172 0.00436817
117 0.0043658
1066 0.00436186
2030 0.00436084
2038 0.00436006
2931 0.00435952
1415 0.00435622
1399 0.00435576
2642 0.00435394
372 0.00435228
1165 0.00435077
1862 0.00434891
1099 0.00434687
723 0.00434228
1824 0.0043415
391 0.0043391
546 0.00433755
3025 0.00433644
826 0.00433262
3760 0.00432863
2992 0.00432832
1574 0.00432579
452 0.00432568
2988 0.00432194
3277 0.00432066
1993 0.00432031
3227 0.00431743
2214 0.00431738
2760 0.00431689
3264 0.00431673
2007 0.00431406
3130 0.00431406
3221 0.00431253
3240 0.00431227
2331 0.00430911
3293 0.00430598
2238 0.00430555
3491 0.00430194
289 0.00430061
1292 0.00429982
2741 0.0042992
3239 0.00429908
1587 0.00429901
87 0.00429118
3878 0.00428837
3965 0.00428812
3818 0.00428725
1348 0.00428507
206 0.00428373
3345 0.00428312
2697 0.00428254
3385 0.00428217
3182 0.00428014
1624 0.00427972
1011 0.00427902
2615 0.00427663
3929 0.00427652
2632 0.00427461
3027 0.00427332
2542 0.00427296
2282 0.00427032
3876 0.00426755
2271 0.00426616
2260 0.00426368
105 0.00426234
3438 0.0042613
1537 0.00425876
1672 0.00425771
2410 0.00425695
2172 0.00425668
2611 0.00425614
1394 0.00425598
1158 0.00425562
360 0.00425423
2602 0.0042539
1193 0.00425281
1894 0.00425178
2381 0.00424943
977 0.00424879
1915 0.00424247
403 0.0042417
3049 0.00424029
300 0.00424019
515 0.00423809
1577 0.00423647
3547 0.00423635
1251 0.00423619
3852 0.00423574
163 0.00423416
3303 0.00423378
1979 0.00423351
134 0.00423324
1355 0.00422726
45 0.0042268
3419 0.00422507
3578 0.00422427
2973 0.0042239
2461 0.0042156
2064 0.00421518
3113 0.00421298
3255 0.00421144
1612 0.00421053
3660 0.00420972
930 0.00420966
2123 0.00420871
2441 0.00420863
3550 0.0042084
2131 0.0042061
1379 0.00420488
2233 0.00420208
1545 0.00420043
1384 0.00420037
1020 0.00420024
30 0.00420005
1746 0.00419994
54 0.00419874
3040 0.00419727
1715 0.00419547
3095 0.00419193
433 0.00419192
2043 0.00418696
3299 0.00418674
508 0.00418607
3297 0.00418587
2428 0.0041853
345 0.0041851
2781 0.00418067
2806 0.00417788
314 0.00417344
1082 0.0041709
2117 0.00417048
3656 0.00416696
2435 0.00416689
1474 0.00416669
2268 0.00416591
3807 0.00416294
1320 0.00416199
75 0.00416133
3274 0.00416117
2680 0.0041587
3222 0.00415794
1667 0.00415532
1453 0.00415524
1257 0.0041533
2974 0.00415028
2601 0.0041501
1089 0.00414514
3762 0.00414013
3285 0.00413872
1554 0.00413856
2853 0.00413838
1427 0.00413715
3267 0.00413674
2187 0.00413582
1739 0.00413392
1225 0.00413228
3011 0.00413216
2294 0.00413014
2815 0.00412554
1502 0.0041251
1751 0.00412451
2758 0.00412449
2073 0.00412427
3169 0.00412029
427 0.00411915
2717 0.0041174
1088 0.00411466
461 0.00411151
2843 0.00410947
3158 0.00410691
2224 0.00410653
2190 0.00410619
3614 0.00410414
1260 0.00410246
444 0.00409744
1184 0.00409015
751 0.00408908
3910 0.00408866
2032 0.00408823
2748 0.00408585
2932 0.00408327
1785 0.00408184
645 0.00407868
2033 0.0040765
480 0.004076
2376 0.00407455
1946 0.0040739
2590 0.00407364
2934 0.00407233
2625 0.00407202
543 0.00407082
2201 0.0040706
1391 0.00406969
2059 0.00406879
3241 0.0040662
38 0.00406438
975 0.00406251
1154 0.00406199
1696 0.00406125
2624 0.00406103
2743 0.00405646
1645 0.00405483
229 0.00405323
1009 0.00405304
1507 0.00404734
3085 0.00404664
1959 0.00404586
3029 0.00404444
176 0.00404379
2139 0.0040424
1367 0.00404239
1829 0.00404105
2780 0.00403919
1541 0.0040342
3176 0.00402905
378 0.00402889
3196 0.00402844
2068 0.00402582
3522 0.00402449
2087 0.00402252
1743 0.00402173
3462 0.00402044
3059 0.00401901
1691 0.00401664
2197 0.00401573
1396 0.0040145
1234 0.0040137
2936 0.0040136
1188 0.00401294
2093 0.0040105
3435 0.00400939
2050 0.00400641
2955 0.00400179
216 0.0040013
1023 0.00400116
2822 0.00400087
1021 0.00400023
1213 0.00399952
1448 0.00399657
2829 0.00399619
2655 0.00399478
1971 0.00399478
2409 0.00399465
3507 0.00399335
2656 0.00399145
3047 0.00398698
1839 0.00398681
1337 0.00398593
2265 0.0039845
1109 0.00398332
2578 0.00398013
2072 0.00397982
2360 0.00397882
1017 0.00397877
946 0.00397748
545 0.00397556
2275 0.00397456
1010 0.00397366
2540 0.0039708
2884 0.00397071
1185 0.00397053
3943 0.00396971
2218 0.00396939
1432 0.0039692
1909 0.00396883
3106 0.00396638
2176 0.00396482
548 0.00396367
1549 0.00396356
2193 0.003962
3108 0.00396159
821 0.00396134
2912 0.00396104
3839 0.00396051
651 0.00395925
2896 0.00395899
2989 0.00395883
1766 0.00395738
1413 0.00395505
606 0.00395441
2302 0.0039525
1656 0.00395216
3811 0.00395123
2945 0.00395117
136 0.00394937
2069 0.00394682
743 0.00394627
2937 0.00394537
3179 0.00394515
2292 0.00394412
1941 0.00394172
1736 0.00393864
1655 0.0039379
1019 0.00393748
1113 0.00393682
3631 0.0039345
3036 0.00392985
3767 0.00392953
2791 0.0039288
1428 0.00392607
1918 0.00391782
2630 0.00391726
1496 0.00391624
3188 0.00391533
450 0.00391482
925 0.00391226
70 0.00391222
295 0.00390431
3416 0.00390191
2492 0.00389916
3065 0.00389667
1211 0.00389615
398 0.00389401
1051 0.00389376
3770 0.0038929
3178 0.00389065
1037 0.00388252
2649 0.00388246
3958 0.00387919
2523 0.00387411
3666 0.00387372
2138 0.00386991
3697 0.00386731
964 0.00386586
3780 0.00386493
2121 0.00386426
246 0.0038642
3138 0.00386397
1977 0.00386396
2593 0.00386328
1534 0.00386298
759 0.00385845
1454 0.00385291
2813 0.00385286
1660 0.00385273
3115 0.00385226
756 0.00385086
435 0.00384943
3420 0.00384934
3452 0.00384902
2555 0.00384778
1377 0.0038437
3346 0.00384181
2939 0.0038418
3563 0.00384083
2299 0.00383911
590 0.00383905
948 0.003838
2586 0.00383563
160 0.00383542
1551 0.00383283
2482 0.0038327
2711 0.00383237
1268 0.00383153
941 0.00383052
1072 0.00382716
2278 0.0038208
2149 0.00381849
2460 0.00381752
1546 0.00381273
1166 0.00381221
3310 0.00381209
1332 0.00381102
3763 0.00381033
523 0.00380984
3353 0.00380897
1841 0.00380825
3275 0.00380738
1966 0.00380721
1221 0.00380671
1882 0.00380296
841 0.00380278
2874 0.00380215
2991 0.0038013
2154 0.00380089
1799 0.00380046
3177 0.00380032
2344 0.00379589
362 0.00379175
1947 0.00379079
2200 0.00378987
3247 0.00378776
2354 0.0037877
3378 0.00378649
2074 0.00378643
2124 0.00378571
1238 0.00378449
1222 0.00378392
2638 0.00378294
2897 0.00378246
3754 0.00378096
3914 0.0037787
2402 0.00377796
944 0.00377655
3703 0.00377578
3146 0.00377538
3099 0.00377409
1929 0.00377292
3845 0.00377059
2102 0.00377017
1920 0.00376955
916 0.00376902
3206 0.00376852
368 0.00376847
1404 0.00376605
993 0.00376528
2700 0.00375863
2339 0.00375856
902 0.00375822
2395 0.00375623
2125 0.00375617
1813 0.00375609
2045 0.00375605
2153 0.00375593
2550 0.00375461
2370 0.00375294
2020 0.00375294
2957 0.00375294
3805 0.00375237
527 0.0037511
1904 0.00374919
3683 0.00374769
1847 0.00374735
387 0.00374549
3332 0.00374468
2356 0.00374323
2118 0.00374251
3450 0.0037415
2856 0.00374143
2108 0.00374132
1758 0.00373904
294 0.00373768
1102 0.00373564
3673 0.00373317
1153 0.00373271
3298 0.00373192
1522 0.00373134
2277 0.00372931
1859 0.00372886
3261 0.00372864
2084 0.00372855
2561 0.0037276
2276 0.00372422
3023 0.0037215
3335 0.00371772
1073 0.00371689
3913 0.00371668
1879 0.00371611
704 0.0037125
1228 0.0037108
2104 0.00370978
3658 0.00370965
2352 0.0037083
672 0.00370788
2520 0.00370635
2241 0.00370608
2419 0.00370443
2881 0.00370409
1080 0.00370316
1565 0.00370177
1447 0.00369682
2005 0.00369574
344 0.00369554
3618 0.0036933
2688 0.00369078
3329 0.00368901
1616 0.00368891
2678 0.00368833
1793 0.00368774
1647 0.00368224
2140 0.00368086
1695 0.00367942
103 0.00367879
954 0.00367775
1132 0.00367296
3070 0.00367221
985 0.00366983
2818 0.00366957
55 0.00366802
3331 0.0036658
980 0.00366484
3272 0.00366343
2373 0.00366262
2888 0.00366214
2929 0.00366202
3062 0.00366148
1828 0.00366063
2374 0.00366056
2095 0.00366056
2682 0.00366005
2795 0.00365961
3287 0.00365873
3253 0.0036572
317 0.00365684
2667 0.00365489
1178 0.00365332
473 0.00364953
3411 0.00364901
379 0.00364453
3893 0.00364204
2105 0.00364164
3784 0.00364124
3219 0.00364122
3004 0.00364115
3543 0.00364109
981 0.00363605
3224 0.003636
1018 0.00363485
1708 0.00363334
974 0.00363242
2414 0.00363237
1229 0.00363192
2150 0.0036315
415 0.0036297
1732 0.00362849
2511 0.00362736
2559 0.00362682
1250 0.00362501
434 0.00362473
1299 0.00362219
2979 0.00362204
2784 0.00362174
2114 0.00362103
2870 0.00362063
690 0.00361956
2363 0.00361511
3383 0.00361462
146 0.0036146
2510 0.00361442
2745 0.00361375
2031 0.00361373
2749 0.00361172
1106 0.00361106
2308 0.00361074
1570 0.00360906
2463 0.00360896
1488 0.00360838
1872 0.00360785
382 0.00360779
1200 0.00360743
1120 0.00360735
2290 0.0036073
479 0.00360726
1189 0.00360555
1759 0.0036026
2083 0.0036005
2592 0.00359938
2766 0.00359606
413 0.00359437
1420 0.00359351
3574 0.00359144
1203 0.00358532
591 0.0035831
2468 0.00358081
3244 0.00358007
2617 0.00357908
3384 0.00357844
2071 0.00357821
1255 0.00357626
2921 0.0035762
2756 0.00357223
2322 0.00357058
2573 0.00356824
2040 0.00356824
2247 0.00356805
2223 0.0035657
2710 0.00356466
3941 0.00356423
1308 0.0035642
2451 0.00356408
3278 0.00356354
2821 0.00356342
2629 0.00356244
50 0.00355807
2382 0.00355685
2899 0.00355646
3013 0.00355492
462 0.00355089
1598 0.00354805
1807 0.00354599
1467 0.00354374
1557 0.00354245
3265 0.00354055
2541 0.00354029
439 0.0035398
1059 0.00353949
3117 0.00353665
3089 0.00353279
2539 0.00353166
3424 0.00353075
2196 0.00353051
1425 0.00353004
2903 0.00352965
1662 0.00352844
2082 0.00352709
1516 0.00352699
1641 0.00352404
1353 0.00352361
1248 0.00352357
1531 0.00352291
3517 0.00352246
2871 0.0035188
1258 0.0035177
2211 0.00351725
1650 0.00351556
2319 0.00351517
3257 0.00351492
3342 0.00351119
2887 0.00350968
1671 0.00350731
3014 0.00350639
2257 0.00350458
2796 0.0035017
2739 0.0035016
715 0.00350035
2112 0.00349873
3364 0.00349481
931 0.00349478
3238 0.0034946
2404 0.00349115
3246 0.00348829
2446 0.00348782
2619 0.00348659
2553 0.00348598
2924 0.00348179
3103 0.00348177
3724 0.00348119
1076 0.00348049
430 0.00347984
3428 0.00347909
2785 0.00347742
2471 0.00347687
3389 0.00347673
1986 0.00347521
1582 0.00347513
2715 0.00347268
458 0.00347065
3386 0.00347045
2174 0.00347023
2279 0.00346761
2690 0.00346747
570 0.00346573
1090 0.00346526
3279 0.0034651
2119 0.00346467
1902 0.00346313
1142 0.00346306
3361 0.00346192
3234 0.00346034
3588 0.00345992
290 0.00345424
2769 0.00345397
2334 0.0034537
2332 0.00345336
1720 0.00345319
1101 0.00344881
1476 0.00344479
2854 0.00344393
1569 0.00343797
3741 0.00343784
2491 0.00343598
641 0.00343558
3403 0.00343477
1603 0.00343204
2718 0.00343143
65 0.00342477
1791 0.0034242
1553 0.00342336
2127 0.0034229
3005 0.00342198
3111 0.00342038
2681 0.00341817
2039 0.00341809
1669 0.00341804
496 0.00341707
3410 0.00341568
1169 0.00341025
2253 0.00340764
1984 0.0034058
106 0.00340444
2183 0.00340375
1343 0.00340372
2351 0.0034031
1122 0.00340293
1867 0.00340173
1604 0.00340035
1717 0.00339736
991 0.00339522
1934 0.00339429
3777 0.00339412
3395 0.00339411
2359 0.00339339
1450 0.00339303
2608 0.00339203
2537 0.00339139
2665 0.00339104
2348 0.00339086
2975 0.00339076
1550 0.00339036
3432 0.00339015
394 0.00338895
66 0.00338849
388 0.00338503
2325 0.00338498
2696 0.003384
3940 0.00338341
1686 0.00338255
3258 0.00338042
2063 0.00337876
2958 0.00337824
1279 0.00337678
2416 0.00337522
2504 0.00337494
165 0.00337308
1329 0.00337276
2581 0.00337228
2408 0.00337134
1683 0.00337034
1146 0.00336942
69 0.00336293
2122 0.00336094
1911 0.00336077
1167 0.00336067
1923 0.00336026
2394 0.00335897
445 0.0033571
1868 0.0033562
2291 0.0033554
2180 0.00335471
1361 0.00335398
1529 0.00335369
1237 0.00335261
2562 0.00335208
3977 0.00335126
1326 0.00335034
3021 0.00334962
3046 0.00334662
2406 0.0033444
16 0.00334301
2946 0.00334123
3273 0.00334048
1694 0.00333758
2675 0.00333724
1750 0.00333687
1226 0.00333642
3048 0.00333371
1702 0.00333199
2823 0.00333148
2950 0.00333005
880 0.00332976
2846 0.00332854
410 0.00332694
3371 0.0033268
2603 0.0033242
392 0.00332305
1692 0.00332279
3934 0.0033215
2256 0.00332092
1718 0.00332011
1155 0.0033193
1150 0.00331611
3212 0.00331539
2832 0.00331365
2377 0.00331147
1726 0.00331116
812 0.00331094
1013 0.00331029
1954 0.00331029
2053 0.00330832
3237 0.00330802
3123 0.00330684
1256 0.00330601
3213 0.00330317
2713 0.00330122
3944 0.00329702
1626 0.00329518
1310 0.00329437
311 0.00329311
1330 0.00329157
1756 0.00329136
2868 0.00329124
2582 0.00328912
1547 0.00328478
1706 0.00328422
3484 0.00328387
3600 0.00328339
1816 0.00328292
1873 0.00328274
3124 0.0032783
3817 0.00327697
2918 0.00327694
2772 0.00327685
3164 0.00327608
1500 0.0032744
2812 0.00327333
1757 0.00327325
1763 0.00327308
1315 0.00327268
1230 0.00327243
2610 0.00326804
3079 0.00326612
2216 0.00326558
710 0.00326495
2898 0.00326477
3193 0.00326363
537 0.00326272
2251 0.00326198
409 0.00325827
490 0.00325761
3391 0.0032534
2424 0.00325051
1794 0.0032482
1309 0.00324678
2858 0.00324558
1456 0.00324308
560 0.0032426
2643 0.00324236
1761 0.00324078
298 0.00323788
2662 0.00323698
3032 0.00323548
3166 0.0032348
2646 0.00323377
2954 0.00323368
2430 0.00323351
898 0.00323283
2616 0.00323159
2775 0.00322817
1175 0.00322809
2875 0.00322802
2237 0.0032269
1597 0.00322637
1060 0.00322535
949 0.00322462
3381 0.00322248
1933 0.00322191
3204 0.00322146
2250 0.00321642
1139 0.00321583
2086 0.00321492
1108 0.00321287
1249 0.0032123
2307 0.00321216
1665 0.0032103
2672 0.00321015
2970 0.00320909
240 0.00320858
1210 0.003208
1321 0.00320661
1349 0.00320613
1903 0.00320591
2161 0.00320034
700 0.00319819
2372 0.00319637
2458 0.0031963
2169 0.00319581
1878 0.00319534
3316 0.0031953
1477 0.00319353
1792 0.00318948
943 0.0031889
2434 0.00318763
1997 0.00318598
2654 0.0031839
1006 0.00318371
2227 0.0031832
3129 0.00318008
2318 0.00317839
2857 0.00317616
587 0.00317587
2358 0.00317522
1518 0.0031746
2840 0.00317401
2803 0.00317044
2495 0.00316955
2549 0.00316929
1168 0.00316708
1594 0.00316653
2042 0.00316414
1029 0.00316373
1341 0.00316259
655 0.00315924
1681 0.0031591
549 0.00315861
268 0.00315683
1357 0.0031525
1970 0.00315208
1318 0.00315167
341 0.00314948
3512 0.00314941
1443 0.00314915
2521 0.00314855
3034 0.00314695
1608 0.00314626
3834 0.00314573
1744 0.00314542
1331 0.0031448
3118 0.00314416
2052 0.00314347
2725 0.00314331
2036 0.0031407
2132 0.00313903
586 0.00313896
2433 0.00313849
1141 0.00313714
2212 0.00313395
3936 0.00313378
3882 0.00313321
3245 0.00313072
3377 0.00313038
352 0.00312602
3678 0.0031253
3349 0.00312509
1079 0.0031245
1483 0.00312397
3157 0.00312272
1245 0.0031211
1620 0.00312095
1649 0.00312028
3190 0.00312022
669 0.00311984
2386 0.00311963
3343 0.00311723
1928 0.00311713
1815 0.00311676
2145 0.00311638
3304 0.00311548
2779 0.00311465
2273 0.00311462
2848 0.00311309
2761 0.00311298
1932 0.00311005
761 0.00310986
1848 0.00310858
3301 0.00310841
3236 0.00310785
1306 0.00310592
3356 0.00310496
3135 0.00310417
35 0.00310346
2551 0.00310095
2765 0.00310089
2533 0.00309974
1823 0.00309838
923 0.00309823
2753 0.00309659
951 0.00309315
1311 0.00309173
3102 0.00309098
996 0.00308901
3333 0.003089
3889 0.00308831
2996 0.00308768
2787 0.00308697
3223 0.00308683
3832 0.00308652
2085 0.0030856
421 0.00308408
1374 0.00308172
318 0.00308102
2191 0.00308044
3288 0.00307668
1114 0.00307616
1382 0.0030731
1748 0.00306902
2338 0.0030684
2300 0.00306714
1809 0.00306627
3400 0.00306608
1215 0.00306323
2727 0.00306049
1944 0.00306008
3167 0.00305758
660 0.00305728
1281 0.00305455
3191 0.00305436
1124 0.00305393
2948 0.00305312
2246 0.00305179
3422 0.00305088
2566 0.00305071
3205 0.00304978
2128 0.00304385
1740 0.00304333
2770 0.00304248
2976 0.00304164
2826 0.00304099
3859 0.00303902
2242 0.00303838
646 0.00303663
1908 0.00303595
1161 0.00303538
3922 0.00303519
2508 0.00303368
1370 0.00303322
2070 0.00303214
1735 0.00303145
2835 0.00303029
1677 0.00303009
614 0.00302974
950 0.00302901
2709 0.00302884
27 0.00302789
1179 0.00302692
528 0.003026
2831 0.00302404
634 0.00302392
1552 0.00302349
1497 0.00302289
1419 0.00302162
3654 0.00301977
1520 0.0030195
1600 0.00301941
1015 0.00301783
1217 0.00301552
3242 0.00301523
2230 0.00301487
1924 0.00301448
2101 0.00301374
3228 0.00301195
1812 0.00301118
3520 0.00300943
1673 0.00300856
2115 0.00300802
1464 0.00300602
2588 0.00300587
1445 0.00300519
2148 0.00300504
2194 0.00300483
2567 0.00300477
3430 0.00300284
1473 0.00300261
3355 0.00300036
340 0.00299865
2575 0.00299625
1625 0.00299519
1635 0.00299426
1303 0.00299385
984 0.00299135
2579 0.0029902
3259 0.00298995
969 0.00298895
425 0.00298379
3294 0.00298363
1670 0.00298124
1858 0.00298115
1861 0.00298082
960 0.00297881
2546 0.00297847
2425 0.00297594
2165 0.00297554
987 0.00297425
2597 0.0029718
1005 0.00296873
2751 0.00296817
966 0.00296813
3413 0.00296794
1752 0.00296765
1406 0.002966
1335 0.00296365
3572 0.00296345
1578 0.00296325
2686 0.00296318
2203 0.00295956
1916 0.00295853
3042 0.00295751
3307 0.0029572
971 0.00295563
1864 0.00295502
1509 0.00295432
1948 0.00295215
1173 0.00295023
536 0.00294992
558 0.00294768
2109 0.00294703
2162 0.00294415
936 0.00294382
4010 0.00294297
1048 0.00294082
683 0.00294032
2720 0.00293946
1668 0.00293927
2731 0.00293244
1121 0.00293182
482 0.00293022
962 0.00292809
2046 0.00292747
1778 0.0029267
2028 0.00292572
1107 0.00292314
1689 0.00292239
2892 0.00292163
3211 0.00291625
3312 0.00291587
3681 0.00291575
235 0.00291543
2469 0.00291517
2673 0.00291496
2623 0.00291448
3890 0.00291425
2514 0.00291322
2232 0.00291135
1514 0.00291131
4008 0.00291092
3317 0.00291037
1438 0.00290779
2135 0.00290738
3208 0.00290731
1190 0.00290362
1429 0.00290112
2556 0.00290044
3250 0.00289999
3399 0.00289769
3173 0.002897
2329 0.00289495
1704 0.00289333
3069 0.00289243
2436 0.00289081
1446 0.00288968
2914 0.00288837
2712 0.00288699
2685 0.00288454
2631 0.00288399
2467 0.00288262
4015 0.00287999
1324 0.00287924
1773 0.00287477
2907 0.00287451
1563 0.00287378
2484 0.00286862
1372 0.00286786
3984 0.00286554
1214 0.00286454
2594 0.00286247
471 0.00286066
1062 0.00286023
1617 0.00285948
1117 0.00285894
3209 0.00285836
921 0.00285828
1125 0.00285806
511 0.00285705
3328 0.00285655
1849 0.00285427
988 0.00285369
3415 0.00285223
2016 0.00285194
2684 0.00285169
1301 0.00285014
1044 0.00284968
2345 0.00284941
2552 0.00284887
3431 0.00284835
604 0.00284815
1305 0.00284799
2189 0.00284736
3144 0.00284588
2254 0.00284572
2267 0.00284386
1940 0.00284263
2923 0.00284143
721 0.00284055
1721 0.00283948
3262 0.00283767
3337 0.00283757
2941 0.00283593
1170 0.00283524
495 0.00283459
1675 0.00283196
2143 0.00283115
3736 0.00283049
3341 0.00283023
2961 0.00282889
2144 0.0028287
1842 0.00282775
1269 0.00282571
2702 0.00282566
1845 0.00282328
420 0.00281954
1767 0.00281745
1183 0.00281737
4035 0.00281711
4024 0.00281638
4022 0.00281625
2964 0.00281478
2485 0.00281475
1163 0.00281101
1699 0.00281072
3194 0.00281062
3143 0.00280975
1850 0.00280772
968 0.00280739
1115 0.00280706
2501 0.00280672
1291 0.00280668
1487 0.00280266
1781 0.00279887
667 0.00279699
338 0.0027957
487 0.00279443
418 0.00279409
1965 0.00279365
1590 0.00279114
1267 0.0027884
1409 0.00278601
915 0.00278561
2002 0.00277991
1191 0.00277976
1543 0.00277568
2735 0.00277414
1688 0.0027737
3388 0.00277047
2098 0.00276942
1801 0.00276691
1682 0.00276549
1955 0.00276516
221 0.00276458
1339 0.00276244
1327 0.00276241
1633 0.00275528
405 0.00275424
1465 0.00275414
1762 0.00275238
2498 0.00275054
3203 0.0027503
79 0.00274892
2708 0.00274816
2968 0.00274809
1741 0.002747
2475 0.00274489
2010 0.0027448
3973 0.00274411
2783 0.00273963
1925 0.00273559
1619 0.00273197
3148 0.00272986
512 0.00272968
1004 0.00272958
1949 0.00272818
491 0.0027274
3075 0.00272729
1480 0.00272217
2261 0.00272193
1342 0.00271676
1035 0.00271607
2967 0.00271466
1810 0.00271348
2226 0.00271263
2850 0.00271136
3843 0.0027104
1527 0.00270775
1728 0.00270692
2062 0.00270679
3041 0.00270512
1412 0.00270388
494 0.00270327
982 0.00270203
2056 0.00270074
1242 0.00270015
1205 0.00269875
1491 0.00269791
1302 0.00269518
900 0.00269209
426 0.00269201
1369 0.00269076
3030 0.00268935
3097 0.00268883
2984 0.00268828
2368 0.00268771
3260 0.00268682
1058 0.00268344
1440 0.00268229
1906 0.00268171
2517 0.00267671
2209 0.00267545
1939 0.00267254
3494 0.00267031
978 0.00267024
2264 0.0026699
2398 0.00266957
997 0.00266857
2026 0.00266802
3068 0.00266725
1898 0.0026665
2589 0.00266546
1712 0.00266411
2952 0.00266235
1408 0.00266078
1606 0.0026586
1296 0.00265842
1083 0.0026534
940 0.00265303
2134 0.00265268
1271 0.00265193
1881 0.00265167
1294 0.00265133
2797 0.00265037
913 0.00265027
2235 0.00264929
2158 0.00264903
986 0.00264769
2080 0.00264705
3171 0.00264643
1024 0.00264498
2844 0.00264094
1280 0.00263911
1094 0.00263836
735 0.0026372
3189 0.00263667
2759 0.00263548
1637 0.00263541
1901 0.00263493
1884 0.00263246
2506 0.00262895
1512 0.00262849
2499 0.00262734
2489 0.00262505
2516 0.0026228
1344 0.00262203
3100 0.00262185
1451 0.00262096
2438 0.00261743
3225 0.00261724
1246 0.00261619
3755 0.00261376
967 0.00260845
2296 0.00260808
449 0.00260421
1243 0.0026035
1444 0.00260173
3404 0.00260118
1530 0.0026003
1077 0.00259653
2306 0.00259438
3379 0.00259331
3390 0.00259317
2977 0.00258933
947 0.00258907
3050 0.00258889
1288 0.00258888
2701 0.0025883
3270 0.00258771
2768 0.00258737
1388 0.00258717
3186 0.00258642
3018 0.00258494
2418 0.00257843
1981 0.00257622
3156 0.00257519
1128 0.00257417
973 0.00257255
2130 0.00257227
2445 0.0025717
1826 0.00257074
1181 0.00256919
3043 0.00256824
919 0.00256795
3165 0.00256767
2066 0.00256644
1359 0.00255941
3978 0.00255903
1609 0.00255629
3313 0.00255289
2747 0.00255137
502 0.00254936
3016 0.00254823
2008 0.00254796
1818 0.00254769
2563 0.00254737
2825 0.00254235
1789 0.00253904
1930 0.002538
1540 0.00253799
1350 0.00253649
2637 0.00252609
2981 0.00252405
2029 0.00252193
2525 0.00252085
699 0.00251769
933 0.00251721
3067 0.00251627
1300 0.00251308
3276 0.00251266
10 0.00251191
3603 0.00251162
2762 0.00250921
2012 0.00250206
279 0.00250093
2480 0.00249906
649 0.00249802
1592 0.00249774
1503 0.00249652
2479 0.00249583
2794 0.00249267
2953 0.00249182
2420 0.0024915
1172 0.00249125
2895 0.00248971
3359 0.00248552
1001 0.00248539
1392 0.00248485
3159 0.00248304
2478 0.00248042
989 0.0024793
1886 0.00247534
1149 0.00247518
1508 0.00247463
2272 0.00247426
2938 0.00247373
2990 0.00247196
3457 0.00247119
3340 0.00247006
485 0.00246791
2947 0.00246717
3296 0.00246112
1605 0.00246112
1950 0.00245916
3796 0.00245868
1380 0.0024583
2744 0.00245527
3373 0.00245471
995 0.00245115
2847 0.00244961
1713 0.00244936
1316 0.00244762
3795 0.00244584
2222 0.00244319
1727 0.00244307
2315 0.00244236
2388 0.00244224
526 0.00244158
1247 0.00243894
1313 0.00243273
2687 0.00243209
1685 0.00243136
2987 0.0024302
3461 0.0024282
2814 0.00242744
1623 0.0024269
2705 0.00242479
3788 0.00241907
3689 0.00241839
3039 0.00241818
1678 0.00241689
2366 0.00241529
2099 0.00241405
1897 0.00241375
965 0.00241322
2151 0.00241107
1038 0.00240765
3160 0.00240551
1492 0.00240548
2591 0.00240507
2443 0.00240408
1638 0.00240406
2399 0.00240152
3393 0.00240132
2396 0.00240105
1449 0.00240103
530 0.00239968
2980 0.00239864
446 0.00239734
541 0.00239404
3292 0.00239271
2179 0.00238794
2574 0.00238739
2213 0.00238739
1595 0.00238665
1081 0.00238425
3352 0.00238078
1416 0.00237967
3215 0.0023785
3289 0.002378
1869 0.00237413
2557 0.00237135
562 0.00237119
1953 0.00237061
3286 0.00237051
1561 0.00237014
2472 0.00236848
1790 0.00236608
1290 0.00236474
1632 0.00236203
2790 0.00235779
1008 0.00235734
1674 0.00235692
2532 0.00235451
1334 0.00235366
2280 0.00235345
1907 0.002347
2304 0.00234139
2141 0.00234113
3254 0.00234055
488 0.00233895
1156 0.00233327
1764 0.00232747
2473 0.00232629
3007 0.00232608
2462 0.00232559
3414 0.00232503
2477 0.0023238
2882 0.00232246
1528 0.00232218
3589 0.00232064
1093 0.00231791
3243 0.0023171
897 0.00231462
2385 0.00231437
1123 0.00230744
2014 0.00230689
1422 0.00230678
2077 0.0023062
138 0.00230506
1312 0.00230444
2830 0.00230233
2707 0.00230162
2512 0.00230053
1875 0.00230026
3249 0.00229996
1323 0.00229975
1346 0.00229667
3315 0.0022946
1040 0.0022885
316 0.00228699
540 0.00228589
2221 0.00228395
2965 0.002283
1659 0.00228259
1198 0.00228198
1110 0.00227982
3161 0.0022772
920 0.00227378
3582 0.00227184
1003 0.00227107
569 0.00227033
1580 0.00226799
3492 0.00226576
2367 0.00226337
2736 0.00226337
2353 0.00226187
3058 0.00226008
2391 0.00225765
3959 0.0022574
593 0.00225705
1526 0.00225578
1738 0.00225523
535 0.00225266
3326 0.00225024
3133 0.00224758
952 0.00224708
998 0.00224225
953 0.00223736
2270 0.00223552
3306 0.00223411
2819 0.00223231
1042 0.0022294
1455 0.00222822
2392 0.00222802
3409 0.00222216
451 0.00222099
2389 0.00222012
2641 0.00221871
2845 0.00221817
1418 0.00221708
1028 0.00221697
2164 0.00221515
2060 0.00221509
1025 0.00221504
2003 0.00221294
416 0.00221113
1026 0.00220816
906 0.00220489
2198 0.00220414
1244 0.00220292
2343 0.00220279
1753 0.00220209
267 0.00219956
1852 0.00219889
1470 0.00219507
3163 0.00219431
905 0.00218861
3151 0.0021858
191 0.00218117
2407 0.00217963
2415 0.00217942
2075 0.00217939
2417 0.00217554
1207 0.00217226
565 0.00216989
1643 0.00216906
1289 0.00216802
2733 0.00216667
1575 0.00216652
60 0.00216129
3110 0.00216075
2653 0.00215522
976 0.00215463
1795 0.00215462
2801 0.00215456
2737 0.00215253
1223 0.00215249
2891 0.00215187
1870 0.00215136
375 0.00214952
2545 0.00214715
3421 0.00213765
2259 0.00213682
1513 0.00213555
1963 0.00213343
1523 0.00213329
2210 0.00213315
2554 0.00213145
2995 0.00212961
1375 0.00212563
2465 0.00212549
3024 0.00212483
1722 0.00212462
914 0.00212452
3319 0.00212357
1679 0.00211885
1489 0.00211868
601 0.00211654
1865 0.00211641
1461 0.00211583
1644 0.00211342
2652 0.00211186
927 0.00210952
1863 0.00210857
2859 0.00210627
3688 0.00210596
1405 0.00210531
1817 0.0021033
2215 0.00209682
2452 0.00209501
1049 0.00209342
1811 0.00209271
1780 0.00209262
440 0.00209248
2878 0.00208641
3009 0.0020808
2285 0.00207483
3044 0.00207416
3170 0.00207386
2390 0.00206719
2876 0.0020649
1745 0.00206329
2612 0.00206219
2723 0.00206135
1160 0.00206063
1653 0.00206014
2058 0.00205892
1994 0.00205847
934 0.00205508
3358 0.0020476
2092 0.00204673
983 0.00204663
2155 0.00204501
2362 0.00204438
1481 0.0020422
3334 0.00204201
1539 0.00204062
3175 0.00204001
2274 0.00203615
3732 0.00203544
3942 0.00203319
3552 0.0020314
1435 0.00203074
3429 0.00202875
3199 0.00202843
3217 0.00202566
2387 0.00202444
2400 0.00202341
1012 0.00202246
2752 0.00201976
2971 0.00201856
959 0.00200252
2379 0.00200205
1765 0.00200155
1772 0.00199642
3380 0.00199421
3192 0.00199408
2166 0.00199164
3109 0.00198741
521 0.00198192
3093 0.00197957
3712 0.00197829
1385 0.00197712
3305 0.00197422
1982 0.00196849
1381 0.00196754
1075 0.00196708
1652 0.00196445
2182 0.00196295
2013 0.00196174
2429 0.00196137
1241 0.00196096
932 0.00195433
1095 0.00195348
2312 0.0019525
2900 0.00194969
1819 0.0019493
3210 0.00194779
1065 0.00194766
1737 0.00194742
1286 0.00194725
1498 0.00194551
1501 0.00194219
2449 0.00194071
1437 0.00193859
1913 0.00193779
1112 0.00193564
1639 0.00193542
3357 0.00193507
994 0.00193358
676 0.00193327
1614 0.00193109
3197 0.00193105
2547 0.00192994
1351 0.00192956
3575 0.00192904
2908 0.00192601
1272 0.00191914
1135 0.00191886
2413 0.00191703
63 0.00191166
1989 0.0019104
1602 0.0019098
1571 0.00190893
2110 0.00190742
1400 0.00190639
1209 0.00190212
1340 0.00190016
2917 0.00189836
1851 0.00189617
2019 0.001893
1354 0.00189155
1140 0.00188833
3088 0.00188825
854 0.00188498
3418 0.00188473
1056 0.00187314
1631 0.00187105
2355 0.00187092
208 0.0018708
1007 0.00187043
1402 0.00186878
3281 0.00186843
2531 0.00185987
1436 0.00185946
2243 0.00185692
3865 0.00185438
1885 0.00184015
2529 0.00183105
2234 0.00182817
1891 0.00182197
1182 0.00182192
1457 0.00181894
2816 0.00181864
2262 0.00181773
1853 0.00181224
1538 0.00180718
2519 0.00180693
1054 0.00180638
1220 0.00179853
183 0.00179374
744 0.00179287
2067 0.00178884
3015 0.00177948
2186 0.00177484
1535 0.00177389
1877 0.00177198
2136 0.00176678
2057 0.0017619
1074 0.00175962
1130 0.00175924
1579 0.00175771
2609 0.00175508
1830 0.00175224
1846 0.00175042
2606 0.0017502
935 0.00173991
851 0.00173451
3467 0.00173031
1458 0.00172789
999 0.00172435
2883 0.00172004
250 0.00171857
371 0.00171588
1883 0.00171024
1180 0.00170622
1782 0.00169524
750 0.00169349
1646 0.00168699
2804 0.00168345
2518 0.00168073
1285 0.00167989
1201 0.00167577
1287 0.00167464
1103 0.00167196
2580 0.0016703
2502 0.00166966
3436 0.00166859
1724 0.00166437
1987 0.00166249
305 0.00166039
3686 0.00165972
1336 0.00165962
1796 0.00165837
1519 0.00165293
1278 0.00164809
3375 0.00164768
922 0.0016423
2096 0.00163801
164 0.00163647
1805 0.00163642
3092 0.00163141
1832 0.0016301
2293 0.00162786
1490 0.00162666
2055 0.00162472
1393 0.00161952
1754 0.00161427
2330 0.00161229
2287 0.00160853
3367 0.00160353
1658 0.00160296
1460 0.00160059
1047 0.00160034
1485 0.0016002
336 0.00159779
448 0.0015957
1774 0.0015909
1031 0.00158775
1734 0.00158449
1364 0.00158335
2714 0.00158301
1195 0.0015824
442 0.0015802
2536 0.00157571
2584 0.00156906
2432 0.00156859
1034 0.00156251
648 0.00155809
1855 0.00155449
1152 0.00155405
1092 0.00155037
2998 0.00153854
1558 0.00153772
1697 0.0015349
2576 0.00153401
1942 0.00153372
2393 0.00153241
629 0.00152869
1398 0.0015183
2311 0.00151336
1900 0.00151223
1723 0.00149869
2310 0.00149332
2942 0.00147687
2147 0.00147155
2695 0.00146778
3955 0.00146404
1219 0.00145267
1196 0.00145246
1542 0.00145206
1618 0.00144912
390 0.00144431
34 0.00143687
1151 0.00143075
1407 0.00142331
2704 0.00142051
1293 0.0014189
2295 0.00141628
2048 0.00140709
1068 0.00140618
1389 0.00140283
2811 0.00140149
671 0.00139873
1572 0.00138968
2740 0.0013895
3112 0.00137791
2239 0.00137364
945 0.00137131
1521 0.00136585
3323 0.00135975
2544 0.00135819
1506 0.00134922
2746 0.00134317
1524 0.00134084
2350 0.00133862
2454 0.00133799
2298 0.00133504
2476 0.00133177
2571 0.00133066
2205 0.00133
972 0.00132805
2303 0.00132507
1532 0.00132435
3202 0.00131658
3370 0.00131338
1397 0.0013125
1510 0.0013098
2137 0.00130727
2692 0.00129707
1063 0.00128441
1091 0.00128222
2963 0.0012762
1069 0.00127559
3235 0.00127119
1769 0.00125571
875 0.00125336
2044 0.00124929
1265 0.00124784
1484 0.00124762
1777 0.00124398
365 0.00124223
2802 0.00123995
883 0.00123695
3879 0.00123189
1843 0.00121444
288 0.001209
891 0.00120522
2288 0.00119714
2258 0.00119482
2219 0.00118907
3704 0.00118902
1143 0.0011848
1836 0.00118313
1856 0.00118157
926 0.00117859
892 0.00117311
2427 0.00117044
3854 0.001168
1411 0.00116199
1952 0.00115497
2572 0.00115055
1710 0.00114591
2605 0.00114452
2493 0.00113926
1556 0.00113631
2635 0.00112774
2568 0.00112227
1116 0.00111716
1164 0.00111636
3765 0.00111318
1263 0.00110907
1887 0.00110192
2852 0.00109395
1365 0.00108399
1414 0.00108047
1147 0.00107787
2163 0.00106997
1517 0.00106894
1430 0.0010612
2177 0.00105342
1700 0.00103948
3597 0.00103782
385 0.00103528
2613 0.00103409
1084 0.00102865
571 0.0010228
2383 0.00102213
2530 0.00101915
907 0.00101851
2496 0.00101543
1771 0.00099388
2065 0.000990014
1401 0.000987714
2185 0.000984183
1022 0.000974055
125 0.000967539
1039 0.000957184
2305 0.000956893
2021 0.000922273
2249 0.000919367
3094 0.00091721
3928 0.000913506
2252 0.000912654
3408 0.000906874
673 0.000859942
207 0.000853951
2380 0.000847015
153 0.000846288
234 0.000839235
2599 0.00082947
2175 0.000814931
1362 0.000811984
610 0.000800812
1821 0.000795515
2208 0.000784608
3134 0.000782385
2798 0.000779195
1874 0.000770855
2522 0.000765946
652 0.000763578
2855 0.000745231
2860 0.00070912
2722 0.000665458
1239 0.000659711
1395 0.000650189
860 0.000637729
1439 0.000635764
1775 0.000628093
1233 0.000602915
3125 0.000588917
2524 0.000574985
656 0.000568603
1463 0.000545662
801 0.000522106
602 0.000521641
1417 0.000499757
1969 0.000495977
3282 0.000477193
607 0.000473652
692 0.000458556
624 0.000457872
613 0.000426079
1755 0.000423336
1690 0.000423278
674 0.000410199
1651 0.000386425
11 0.000380578
585 0.000378349
638 0.00037833
608 0.000378321
668 0.000362406
3006 0.000353694
1967 0.000324602
18 0.000316985
114 0.000316652
1176 0.000304786
209 0.000301228
292 0.000301222
43 0.000301184
37 0.000300678
550 0.000289593
15 0.000285462
210 0.000285178
287 0.000285159
215 0.000285026
2442 0.000283074
358 0.000274242
335 0.000269534
74 0.000269394
12 0.000269332
3570 0.000260817
3748 0.0002607
1276 0.000251428
447 0.000242495
3453 0.00022899
3856 0.00019764
3853 0.000181674
3709 0.000181642
1262 0.000169231
3798 0.000166
3820 0.00016594
3650 0.000150073
3935 0.000134343
3974 0.000134298
3729 0.000134251
3183 0.000123106
3451 0.000118414
2269 0.000110099
2195 9.44955e-05
2596 9.43709e-05
3071 9.15404e-05
2569 7.86424e-05
2470 7.86424e-05
2457 7.86424e-05
1834 7.68025e-05
1560 7.68025e-05
1386 7.68025e-05
3031 7.57681e-05
3230 7.57576e-05
2079 6.29139e-05
1581 6.11285e-05
1145 6.11285e-05
1119 6.11285e-05
918 6.11285e-05
911 6.11285e-05
2842 5.99747e-05
1466 4.54545e-05
1206 4.54545e-05
1096 4.54545e-05
