1 1.0
532 1.0
130 1.0
849 1.0
683 1.0
639 1.0
227 1.0
704 1.0
319 1.0
890 1.0
646 1.0
402 1.0
383 1.0
631 1.0
479 1.0
628 1.0
968 1.0
637 1.0
977 1.0
636 1.0
630 1.0
757 1.0
659 1.0
784 1.0
884 1.0
923 0.2690662865288667
852 0.2078127749428119
836 0.15627189908899788
758 0.14904366654637316
716 0.1411439114391144
736 0.1405365942690272
945 0.13895610093328725
992 0.1370585134422773
463 0.1358360536815379
989 0.13528872593950503
567 0.1351947097722263
365 0.13462208289794497
773 0.13418367346938775
689 0.1330542409901711
620 0.13297777777777778
763 0.1320428620808849
737 0.13191881918819187
846 0.13139059304703476
634 0.1313206149286905
705 0.13111033519553073
673 0.13038256990907532
788 0.129783693843594
721 0.1296453419311047
614 0.12867204947603506
697 0.127378707354706
837 0.12342096278593377
618 0.1218014329580348
276 0.11736842105263158
825 0.08429319371727749
514 0.08340634308743648
898 0.07991838122768237
741 0.07778568885724457
456 0.07676240208877284
632 0.07591997141836371
817 0.07281635411387058
742 0.06942752740560293
609 0.06614229531641044
955 0.06274310840520886
743 0.06026490066225165
962 0.05910041841004184
672 0.05844845908607864
958 0.054817275747508304
617 0.05344219706810169
517 0.052875200284849565
887 0.05258514205046762
507 0.05072944297082228
766 0.04744958481613286
717 0.046698597331508725
664 0.04653699327395019
645 0.04651982378854626
415 0.04358108108108108
669 0.04298681281041274
937 0.0421032577633835
907 0.04200615607459714
512 0.0416223875309954
919 0.04143091805073919
797 0.04032114183764496
745 0.03801116915871014
110 0.03689284390063033
600 0.03670801206838753
313 0.036185383244206774
952 0.036010082823190494
477 0.035763175906913074
49 0.03454291695743196
598 0.034038950042337
623 0.03367697594501718
806 0.03146683879296434
553 0.03098137535816619
979 0.030800821355236138
951 0.030755864465682015
50 0.030474233864064372
947 0.0293015332197615
596 0.029208794735997433
554 0.029197080291970802
802 0.028663561447509853
330 0.028603749191984485
663 0.028550906805530615
649 0.027617756692646562
723 0.027537511032656663
585 0.027365408692541584
43 0.02704164413196322
714 0.026604973973395025
640 0.026232394366197183
354 0.025899012483696665
841 0.02570135746606335
403 0.02494209869944771
378 0.024912891986062717
833 0.024249825540823448
587 0.024165507649513213
71 0.023960535588442564
327 0.023892666789193162
267 0.0236784140969163
642 0.023647438194195628
112 0.023441481229828434
679 0.023178807947019868
392 0.023132615221613986
208 0.023121387283236993
591 0.023112208892025407
487 0.023067653640902047
883 0.02289525869839553
786 0.022851296043656207
134 0.02274422073079791
647 0.022723418687468203
613 0.022696476964769646
733 0.022695772695772696
516 0.0226691042047532
777 0.022412318220701454
719 0.022337056176029338
930 0.02209261223047013
929 0.022042362665748234
279 0.021639690358902182
559 0.021574973031283712
816 0.021523457205313602
699 0.021517553793884484
933 0.021449704142011833
523 0.021414779708618572
538 0.02132954141485958
710 0.02125471374700034
391 0.021094151946492883
865 0.020902281832433374
840 0.020833333333333332
335 0.020787343635025754
431 0.02040816326530612
931 0.020107719928186715
753 0.02005730659025788
588 0.0198252688172043
469 0.01976087678512122
98 0.019717326819054266
556 0.019625176803394626
334 0.019562511115063134
496 0.019374333451830785
108 0.01932876471621859
980 0.019076484221786413
927 0.018803997967135354
509 0.018785336494619734
429 0.01853146853146853
926 0.018521665250637212
421 0.018504946866984243
847 0.018386816999132697
544 0.018364223771467438
903 0.018197879858657243
547 0.018100298904018597
570 0.018063314711359402
708 0.018043025676613464
590 0.017739130434782608
678 0.017739130434782608
447 0.01767588379418971
860 0.017445132245357344
462 0.017293100405858478
905 0.017021979838043298
428 0.01699764389094581
527 0.016995118423431568
442 0.016964285714285713
299 0.016905549430356485
192 0.016850183516850182
569 0.016849946789641718
572 0.016809665557695676
296 0.016777948981338813
433 0.01661951909476662
502 0.016585692745853576
343 0.01654715940430226
579 0.01647100052567023
144 0.016445623342175066
347 0.016337522441651705
681 0.016291836373295555
826 0.01610692254969157
140 0.016002977298101972
528 0.01580061899332139
510 0.01579128046687264
914 0.015724900639364093
85 0.015672205438066467
344 0.015616866215512754
99 0.015526802218114602
76 0.015522593997930321
148 0.015517804639006861
644 0.015362371227182361
597 0.015318075328888087
328 0.01529472417941227
302 0.015267175572519083
139 0.015265894984063076
75 0.015193370165745856
602 0.015174253793563448
220 0.01516812865497076
484 0.015159621901194935
776 0.015151515151515152
900 0.014941114431358763
822 0.014825273561595482
511 0.01480733636210668
104 0.01477211313276887
446 0.014746703678001388
322 0.014735678762202983
465 0.01469559132260322
91 0.01469521044992743
125 0.014629049111807733
200 0.014603385330235646
246 0.014593467685892982
823 0.01457286432160804
97 0.014533912462412295
260 0.014525726286314315
101 0.01449763991908294
207 0.014495225102319235
323 0.01443335709194583
397 0.014415651278530976
385 0.01438367620003345
120 0.014336313037611738
102 0.01432713627835579
22 0.014319407008086253
803 0.014313482947517229
34 0.014212827988338192
136 0.01419916698220371
349 0.014175257731958763
15 0.014122394082044385
158 0.014055853523210654
241 0.014036867918146456
12 0.013939838591342627
627 0.013917525773195877
230 0.01390110856941756
217 0.01390110856941756
262 0.01384487072560467
360 0.013781697905181918
582 0.013779527559055118
529 0.013720888246975989
117 0.013715277777777778
32 0.013714866237724348
352 0.013710368466152529
461 0.01368629569602017
922 0.013633980073413739
26 0.01353461738677772
224 0.013526416295353278
592 0.013478032557325399
608 0.013347383210396909
179 0.013335642535503983
73 0.013318534961154272
135 0.013287843418926198
292 0.013225991949396205
361 0.013186416184971099
610 0.013186416184971099
90 0.013151152860802732
277 0.013051146384479718
908 0.013036085395805782
662 0.013033784942548449
651 0.012942779291553134
525 0.012909632571996028
851 0.012876227265411235
353 0.012848689771766696
448 0.012785072563925363
643 0.012781381152231973
918 0.01274643099932019
122 0.012721734456190646
413 0.012716549944710652
100 0.012695144964831017
350 0.012662742999821652
250 0.01266268026732325
925 0.012658227848101266
149 0.012646457132229868
8 0.012593538966964775
406 0.012531752751905165
892 0.012512681772066284
612 0.012493492972410203
141 0.012493307156880244
661 0.012463216202181063
231 0.01245995016019936
499 0.012435601350151003
306 0.01239596245794227
103 0.012387791741472172
674 0.012345679012345678
259 0.012338958446742878
186 0.012336719883889695
345 0.012328284607256075
380 0.012321774335504312
832 0.012303851640513551
39 0.012276214833759591
563 0.012258878673156661
47 0.012255772646536413
9 0.012249245517486242
541 0.012247714335000862
611 0.012244897959183673
264 0.012241379310344828
482 0.012214551248008496
506 0.012205754141238012
197 0.012201784738663268
213 0.012195121951219513
359 0.012193112539133301
236 0.012180052956751985
5 0.012154306852210675
452 0.012134189864382585
388 0.012098230408089564
194 0.012065046336772163
11 0.0119625520110957
240 0.011955745895788723
20 0.01195219123505976
151 0.011948690915480583
485 0.011923549009293355
161 0.011911207363291824
265 0.01191075322932394
573 0.011823166552433173
326 0.01182074805928017
242 0.011783327470981358
40 0.01178101178101178
457 0.011771097428467946
61 0.011760382212421904
307 0.011730205278592375
204 0.011711711711711712
45 0.011655436168275359
519 0.011627906976744186
92 0.011592102879913059
216 0.011583679114799447
641 0.011565836298932384
358 0.01155651859877212
698 0.01150412087912088
730 0.011496285815351963
124 0.01146991353449797
215 0.011441647597254004
237 0.011430678466076696
48 0.011430612609394535
113 0.01141552511415525
435 0.011357769747031492
229 0.011338635979015061
52 0.01124916051040967
36 0.011224489795918367
336 0.011203983638627067
88 0.01119800924280128
957 0.011191198786039453
178 0.01116940260619394
720 0.011147069399496584
815 0.011126564673157162
414 0.01111485348602223
368 0.011101000909918108
290 0.011051759071652238
150 0.011026753434562546
949 0.01102333272092596
707 0.011013215859030838
443 0.011000343760742524
94 0.010938602681721948
294 0.010912343470483005
504 0.010911074740861976
291 0.010862068965517242
297 0.010829103214890017
214 0.010822510822510822
426 0.010801080108010801
244 0.010788237341221507
35 0.010771675790217199
171 0.01072234762979684
520 0.010686755430974072
191 0.010666666666666666
412 0.010638297872340425
159 0.010636411983690836
470 0.01062347614071752
690 0.010621348911311737
273 0.010602490743857287
490 0.010583877227024167
320 0.010577101503061792
325 0.010560941828254847
2 0.010480349344978166
589 0.010456796917996699
27 0.010450025282319232
379 0.010438782731776362
272 0.010438056125941135
180 0.01043115438108484
666 0.010428931875525653
60 0.01042556827892668
738 0.010420409629895796
337 0.010412722453616054
726 0.010391978122151322
275 0.010377679482817285
74 0.010331702011963024
44 0.010305794897786788
374 0.010266225856968854
376 0.010243055555555556
304 0.010235947258848022
225 0.010230179028132993
293 0.01022604951560818
301 0.010205817315870046
137 0.010202317136434377
372 0.010176843510176843
375 0.010156971375807941
552 0.010147918816649467
129 0.010140845070422535
33 0.010140273787392259
430 0.010126132527980104
526 0.010062893081761006
568 0.010052055286304075
245 0.01004382761139518
95 0.01004277478147666
238 0.01003584229390681
346 0.010012295801861935
266 0.010008203445447087
96 0.009988149652954123
665 0.009950248756218905
251 0.009945580784387315
3 0.009928106812735364
498 0.00992063492063492
685 0.00989574129704895
455 0.009892398472752516
206 0.009879647925273936
223 0.009841160220994474
56 0.009831200148395475
423 0.009764309764309764
444 0.009754398188468908
474 0.00974025974025974
269 0.009736444519053214
458 0.009705372616984401
193 0.009703504043126684
107 0.009690257830074408
66 0.00967741935483871
809 0.009654203967000176
880 0.009648518263266712
768 0.009646887513651257
518 0.00961901169370049
521 0.009603631918980268
24 0.009598603839441536
394 0.009593969504882645
342 0.00955988455988456
164 0.009532374100719424
234 0.009515096065873741
54 0.009499910378203979
29 0.00949534024969228
432 0.009456703133691824
28 0.009445958219800182
46 0.009433962264150943
638 0.009418282548476454
126 0.009416877942774357
464 0.009384587619563256
59 0.009372746935832732
655 0.00935074100211715
176 0.0093423703975087
4 0.00933237616654702
437 0.00932441942294159
62 0.009300723389596968
963 0.009281961471103328
387 0.009237875288683603
154 0.009231841142658074
118 0.009226794611551946
493 0.009218223719198724
466 0.009202986629623199
23 0.009191880505553428
79 0.009185441941074523
408 0.009172558761704567
64 0.009155832265152902
856 0.00914798206278027
21 0.0091324200913242
438 0.009128946367440091
522 0.009105809506465124
531 0.009098567818028643
333 0.009069533087000335
156 0.009039740747057821
481 0.009028233749179252
535 0.009023641941887746
57 0.009013881377321075
581 0.009010570091838503
976 0.008994983566856945
123 0.008976964769647697
146 0.008973438621679828
80 0.008963786303334529
478 0.008960573476702509
845 0.00895736295234683
183 0.00894774516821761
30 0.008915304606240713
483 0.008902077151335312
329 0.008855827134254339
389 0.008854454897620365
401 0.008818666176740767
756 0.008803728638011392
170 0.008789386401326699
184 0.008789237668161434
51 0.008760951188986232
271 0.008730691739422432
177 0.008710503842869342
393 0.00869256696824552
195 0.008688097306689836
55 0.008684253645747993
69 0.008682062858135093
440 0.008664627930682976
145 0.008661008141347654
160 0.008651129943502825
106 0.008634943964725335
371 0.008631772268135905
38 0.008631772268135905
491 0.008630187293426368
86 0.008623724040830694
381 0.008605234851201148
6 0.008604906627608934
936 0.008592910848549946
243 0.008559460936077217
181 0.008554624844056318
288 0.00852575488454707
451 0.008521214273033907
210 0.008516678495386799
89 0.0084985835694051
395 0.008484255180290423
19 0.0084820639688991
377 0.008443093549476529
132 0.008421429851281132
489 0.008371927324545779
339 0.008370345063204646
261 0.008339376359680928
252 0.008334843268708099
31 0.008310249307479225
340 0.008289781942692377
321 0.008289241622574956
0 0.008235724743777453
308 0.00823252688172043
280 0.008225411270563528
390 0.008216783216783216
196 0.008204193254329991
562 0.00817391304347826
286 0.008149817929599444
356 0.00811981234211476
404 0.008097894547417672
18 0.008094435075885328
116 0.008090866656293761
17 0.008090614886731391
81 0.008084800574919152
165 0.00806728458633711
189 0.008047945205479452
7 0.008044656049909702
63 0.008013937282229966
812 0.008011653313911144
309 0.00800417609187402
820 0.007973068745570517
453 0.007972270363951473
400 0.00795847750865052
558 0.00793507664562669
143 0.007932489451476793
417 0.007931034482758621
285 0.00792393026941363
37 0.007914175167077032
305 0.007889877455094847
500 0.007845283707352673
263 0.00784313725490196
362 0.007799535346830402
303 0.007796917497733454
513 0.007753303964757709
157 0.007716590669940372
87 0.007708856220867695
138 0.007640369580668088
357 0.007617360496014172
859 0.007603248660791429
981 0.007592373882233845
182 0.007573089115885875
480 0.007563301545544229
128 0.007559774964838256
278 0.00755939524838013
338 0.007553135429474793
284 0.007504020010720028
41 0.007475365273530411
316 0.007457509538674991
115 0.007407407407407408
896 0.007383100902378999
258 0.007361963190184049
460 0.007332722273143905
593 0.007324729682595047
295 0.007301808066759388
938 0.00728500355366027
152 0.007267983600447261
318 0.007257164123557871
450 0.0072438771990341495
427 0.007222124361458517
700 0.007220216606498195
543 0.007199297629499561
68 0.007195507195507196
93 0.007174103237095363
232 0.007169682485489928
274 0.007166376137904319
14 0.0071387227474435655
654 0.007134363852556481
281 0.0071301247771836
25 0.007127099949092143
174 0.007109847138286527
168 0.007098653076083
419 0.007096069868995633
434 0.007062146892655367
199 0.006985857897427159
332 0.006943208118212569
515 0.006935047361299053
131 0.006914893617021276
351 0.006847027388109553
373 0.006796473181484203
166 0.006779661016949152
167 0.0067784516589368534
121 0.006769334912844813
212 0.006713720089516268
546 0.0067028985507246374
411 0.0066541545811295
706 0.006642066420664207
222 0.006613296206056387
218 0.00656261085491309
913 0.006553984132459468
185 0.006547513714386834
367 0.006517379679144385
105 0.006463195691202872
425 0.006429719592784426
494 0.0063480867571856815
615 0.006346835915624417
142 0.006339144215530904
16 0.006307977736549165
173 0.006303724928366762
201 0.0062871114215857496
695 0.006181318681318681
211 0.006180257510729614
111 0.006144393241167435
311 0.006137120813606874
83 0.006130790190735695
990 0.006123163051084675
256 0.006013745704467354
169 0.006008583690987125
549 0.006003274513370929
114 0.005945945945945946
255 0.0057855722292533
473 0.005780346820809248
283 0.005779334500875657
667 0.005767214260747991
58 0.005755144750610394
459 0.005738396624472574
249 0.00570902394106814
233 0.005698005698005698
198 0.005661712668082095
760 0.005648653737525889
84 0.005628517823639775
424 0.005611290596837273
317 0.005580558055805581
366 0.005575539568345324
155 0.00555655135328912
314 0.005546609411343711
172 0.00553059108192188
407 0.005429694813705299
754 0.005390835579514825
82 0.005385996409335727
748 0.005385684503127172
486 0.005232767953807289
418 0.0051915503043322596
10 0.005177514792899409
300 0.005159388243965358
974 0.005127298444130127
686 0.005110132158590308
540 0.0050778605280974946
133 0.005073477956613016
441 0.005017921146953405
65 0.004912280701754386
778 0.004908376963350785
566 0.004876286797905003
282 0.004863644259162758
495 0.004830917874396135
789 0.004803415762319872
869 0.004781169547627804
235 0.004751461988304093
405 0.004703211157963023
420 0.00469060075771243
950 0.004654369936217893
42 0.004642857142857143
221 0.0046210720887245845
370 0.004616477272727273
331 0.004604214627235701
765 0.004600955583082641
248 0.004599816007359705
917 0.004551023980395589
537 0.004525674499564839
564 0.004524068041983352
13 0.004475043029259896
1000 0.004473438956197577
399 0.0043659832953682615
70 0.004362240446693422
545 0.004290244357396008
508 0.004236540158870256
956 0.004196038939241357
696 0.004180298073427844
209 0.004165943412601979
814 0.004099760847283909
355 0.004094864357618154
109 0.00401899890390939
530 0.004016765630457562
728 0.004016064257028112
416 0.003990976921742148
921 0.0039166815025814495
190 0.0038814396612561752
906 0.003808864265927978
268 0.003718788737382681
72 0.0036894449791466154
226 0.003655638822884299
348 0.0036447343180510262
891 0.0036159826432833123
324 0.0036112934996717005
205 0.0035797386790764273
488 0.0035316969803990818
287 0.0035292041644609143
257 0.003519946362722092
727 0.0035112359550561797
791 0.0034854771784232365
542 0.0034383954154727794
162 0.003424657534246575
492 0.003424657534246575
396 0.003403188250044779
565 0.0033491979552265115
247 0.0033438929954241465
878 0.003312412831241283
77 0.0033066481030281933
978 0.0033066481030281933
939 0.003291753291753292
555 0.003290074940595869
219 0.00328893274132544
783 0.003260869565217391
616 0.003260123541523679
551 0.0032511978097193705
619 0.0032356299961933763
671 0.00322234156820623
363 0.003212715590125127
312 0.003131524008350731
497 0.0030979944562204466
855 0.003057004135946772
996 0.003038487508440243
725 0.0030292230933713473
954 0.0030257186081694403
811 0.0029767116091752757
163 0.0029569395675475884
550 0.0029025098173126175
409 0.002840909090909091
533 0.0028192371475953566
369 0.0027729636048526864
866 0.0027667300708974583
557 0.002725785934944576
364 0.0027070925825663237
341 0.002701242571582928
800 0.002701242571582928
650 0.0026848040093073204
872 0.0026714158504007124
539 0.0026529890343119913
824 0.0026338893766461808
953 0.0026311173478337133
560 0.0026055237102657635
310 0.0025724575544503517
991 0.0025673940949935813
932 0.002541757443718228
503 0.002537212449255751
969 0.0024769992922859165
747 0.002447289156626506
253 0.002437325905292479
818 0.0024208888120352758
601 0.0023954302561267735
536 0.002384883507613282
734 0.002352515381831343
935 0.002313475997686524
607 0.0023115220483641537
828 0.0021026809181706675
999 0.002102312543798178
621 0.0020430906389301636
254 0.0020036429872495446
67 0.0019913106444605358
270 0.0019267822736030828
713 0.001853099730458221
889 0.0018446781036709095
715 0.0018099547511312218
835 0.0017866714311238164
53 0.001772735330615139
228 0.001762114537444934
445 0.0017304031839418584
1001 0.0016972165648336728
471 0.0016931933626820183
187 0.001633097441480675
147 0.0015980113636363637
410 0.001587581584053625
548 0.0015860428231562252
652 0.0015831134564643799
895 0.0015557476231633535
1003 0.0015554787417905289
813 0.0015437392795883361
467 0.0014978468451600825
594 0.001486712506968965
501 0.0014864362690449647
586 0.0014181882644921113
476 0.0014131778837661192
971 0.001392757660167131
188 0.0013745704467353953
877 0.0013722126929674098
422 0.0013490725126475548
175 0.001273277096928219
843 0.0012330456226880395
203 0.001109672646569262
924 0.001092896174863388
735 0.0010440229685053071
599 0.0009209799226376865
692 0.0008947745168217609
792 0.0008892050506846879
298 0.0008865248226950354
807 0.0008833922261484099
468 0.0008677542519958348
867 0.0008653513326410523
751 0.000859106529209622
384 0.0008555783709787816
127 0.0008496176720475786
885 0.0008380824673147837
973 0.0007162041181736795
810 0.0007077140835102619
868 0.0007074637424831977
934 0.000703358537014243
870 0.0006916825177243646
571 0.0006904885206283445
762 0.0006862240521530279
739 0.0006748776784207862
119 0.0005866249511145874
995 0.0005690440060698028
987 0.0005628517823639775
718 0.0005626406601650412
505 0.0005523844595838704
886 0.0005398596364945115
625 0.0005368647100930566
964 0.0005353319057815846
915 0.0005347593582887701
782 0.0005302226935312832
985 0.0005291005291005291
687 0.0005277973258268825
997 0.0005271481286241434
576 0.0005262234695667427
289 0.0005259467040673212
454 0.0005221932114882506
894 0.0005198405822214521
799 0.0005162622612287042
972 0.0005155525004296271
910 0.0004978426817125788
796 0.0004932587964485367
854 0.00037771482530689327
909 0.0003743215422047539
770 0.0003718854592785422
975 0.00037167812674224123
439 0.0003708511032820323
794 0.00037037037037037035
862 0.0003696857670979667
764 0.0003681207436039021
398 0.0003679852805887764
475 0.0003671071953010279
1002 0.00036636746656896867
873 0.00036436509382401167
604 0.00036383481899217757
575 0.0003629105425512611
829 0.0003621220351258374
827 0.0003604253018561903
787 0.0003570790930191037
682 0.0003563156957063959
677 0.0003562522265764161
819 0.00035587188612099647
702 0.0003546728143287817
78 0.00035385704175513094
842 0.00035354428142124803
709 0.0003520506953001232
386 0.00035001750087504374
966 0.00035001750087504374
912 0.00034885749171463456
902 0.00034825004353125546
701 0.000346860908775581
998 0.0003466805338880222
624 0.00034578146611341634
729 0.00034518467380048324
584 0.00034376074252320387
153 0.00034258307639602604
472 0.0003418219107844813
881 0.00034094783498124785
749 0.0003399048266485384
771 0.00033950093362756747
656 0.00033927056827820186
983 0.00033875338753387534
970 0.0003374388392103931
626 0.0003365870077415012
916 0.0003360215053763441
668 0.00019069412662090009
899 0.00018925056775170325
874 0.00018635855385762206
904 0.0001854943424225561
688 0.00018477457501847746
965 0.00018155410312273057
805 0.00018112660749864155
315 0.00018109380659181456
761 0.00018005041411595248
893 0.00017937219730941703
858 0.00017937219730941703
694 0.0001793400286944046
767 0.00017930787161556393
239 0.000177999288002848
821 0.0001774937877174299
959 0.0001773049645390071
861 0.00017670966601873123
740 0.00017667844522968197
850 0.00017562346329469617
1004 0.00017543859649122806
888 0.0001752541184717841
984 0.00017476406850751484
857 0.00017470300489168413
780 0.00017467248908296942
775 0.00017448961786773688
534 0.00017421602787456446
722 0.00017385257301808066
994 0.00017349063150589867
804 0.00017349063150589867
449 0.00017322016282695306
629 0.00017310022503029253
676 0.0001724435247456458
752 0.00017238407171177384
382 0.00017208742040956807
605 0.000171939477303989
993 0.00017185083347654237
712 0.00017167381974248928
781 0.00017161489617298782
693 0.00017085255424568598
831 0.00017009695526450075
844 0.0001694628029147602
635 0.00016914749661705008
801 0.00016889039013680122
680 0.00016818028927009755
848 0.00016812373907195696
561 0.00016644474034620507
577 0.00016603021749958492
940 0.00016597510373443983
795 0.00016189088554314392
785 0.00015956598053295037
988 0
202 0
967 0
838 0
595 0
769 0
574 0
911 0
853 0
834 0
436 0
759 0
779 0
882 0
724 0
928 0
871 0
622 0
986 0
897 0
657 0
774 0
960 0
961 0
839 0
948 0
864 0
603 0
793 0
920 0
942 0
830 0
606 0
583 0
524 0
876 0
578 0
946 0
750 0
755 0
790 0
863 0
875 0
879 0
901 0
941 0
943 0
944 0
982 0
