27 0.04152286453839517
26 0.04152286453839517
42 0.037370578084555656
17 0.037370578084555656
7 0.033218291630716136
25 0.033218291630716136
22 0.033218291630716136
10 0.03262510785159621
19 0.03262510785159621
20 0.03114214840379638
6 0.03114214840379638
14 0.03114214840379638
11 0.024913718723037104
48 0.024913718723037104
28 0.024913718723037104
55 0.02372735116479724
58 0.02249155162496405
1 0.020761432269197584
43 0.020761432269197584
4 0.020761432269197584
33 0.020761432269197584
34 0.020761432269197584
53 0.020761432269197584
24 0.020761432269197584
46 0.01925150992234685
29 0.018685289042277828
60 0.018685289042277828
31 0.018685289042277828
35 0.018685289042277828
39 0.01779551337359793
9 0.016609145815358068
15 0.016042924935289044
41 0.01557107420189819
30 0.01557107420189819
52 0.015225050330744895
16 0.014829594477998274
44 0.014829594477998274
51 0.014829594477998274
38 0.01472174288179465
18 0.013840954846131723
8 0.012456859361518552
3 0.010380716134598792
45 0.010380716134598792
2 0.008897756686798965
21 0.008650596778832328
37 0.002965918895599655
62 0.0
5 0.0
57 0.0
12 0.0
13 0.0
56 0.0
23 0.0
32 0.0
36 0.0
61 0.0
50 0.0
40 0.0
59 0.0
47 0.0
54 0.0
49 0.0
