58 0.09242144177449169
47 0.09108159392789374
62 0.08963093145869948
33 0.08256880733944955
52 0.0817391304347826
50 0.08085808580858085
6 0.07426597582037997
31 0.07302231237322515
28 0.07297830374753451
34 0.07235621521335807
30 0.07023411371237458
18 0.06842105263157895
2 0.06794425087108014
39 0.06751824817518248
14 0.06679035250463822
27 0.06525911708253358
43 0.06420233463035019
61 0.06333973128598848
26 0.06273062730627306
44 0.06050420168067227
16 0.058519793459552494
7 0.05565529622980251
10 0.0549645390070922
46 0.05486725663716814
55 0.05415162454873646
1 0.05330882352941176
37 0.05244122965641953
20 0.05128205128205128
3 0.051233396584440226
9 0.04918032786885246
38 0.04752851711026616
48 0.04655493482309125
11 0.04389312977099236
41 0.043726235741444866
54 0.0419047619047619
57 0.04038461538461539
8 0.03949730700179533
19 0.03787878787878788
53 0.03741496598639456
21 0.03731343283582089
13 0.03682170542635659
4 0.035916824196597356
17 0.035916824196597356
45 0.03508771929824561
60 0.03495145631067961
35 0.034220532319391636
15 0.03314917127071823
29 0.03138075313807531
32 0.030245746691871456
49 0.026923076923076925
42 0.02610441767068273
25 0.025145067698259187
22 0.024955436720142603
23 0.024844720496894408
59 0.024179620034542316
51 0.02389705882352941
56 0.02142857142857143
24 0.020872865275142316
36 0.02033271719038817
5 0.020080321285140562
40 0.01818181818181818
12 0.015544041450777202
