33 0.11949685534591195
18 0.09944751381215469
50 0.09928057553956834
58 0.09696092619392185
52 0.09117221418234443
61 0.08456973293768547
28 0.07972027972027972
47 0.07781456953642384
30 0.07396449704142012
37 0.0732484076433121
3 0.07164179104477612
39 0.07035928143712575
27 0.0700152207001522
34 0.06767955801104972
4 0.06578947368421052
7 0.06382978723404255
8 0.06290322580645161
57 0.06167400881057269
31 0.06166219839142091
54 0.059541984732824425
43 0.058997050147492625
55 0.058992805755395686
6 0.057750759878419454
44 0.05763239875389408
16 0.05627705627705628
48 0.054945054945054944
26 0.0535966149506347
21 0.05357142857142857
15 0.053353658536585365
10 0.05116959064327485
38 0.04975124378109453
62 0.048701298701298704
45 0.048600883652430045
35 0.04775687409551375
11 0.045171339563862926
14 0.045171339563862926
29 0.04510108864696734
1 0.04496124031007752
46 0.04491017964071856
60 0.04148783977110158
41 0.041474654377880185
51 0.039735099337748346
2 0.039619651347068144
22 0.03857566765578635
36 0.037604456824512536
53 0.03674540682414698
23 0.03656597774244833
40 0.036390101892285295
32 0.03498542274052478
19 0.03417533432392273
20 0.033973412112259974
56 0.03365384615384615
9 0.03235294117647059
59 0.03201219512195122
25 0.030434782608695653
42 0.029745042492917848
49 0.027982326951399118
24 0.027190332326283987
5 0.02702702702702703
12 0.025423728813559324
17 0.02304147465437788
13 0.021885521885521887
