47 0.0594059405940594
28 0.04
1 0.03787878787878788
16 0.03636363636363636
17 0.036036036036036036
3 0.034482758620689655
2 0.03418803418803419
52 0.03333333333333333
35 0.030612244897959183
39 0.030303030303030304
33 0.029411764705882353
54 0.0273972602739726
6 0.026785714285714284
27 0.02586206896551724
14 0.025423728813559324
38 0.025423728813559324
61 0.024193548387096774
58 0.023622047244094488
13 0.020833333333333332
50 0.018691588785046728
24 0.018018018018018018
25 0.017857142857142856
4 0.017094017094017096
34 0.01694915254237288
53 0.016260162601626018
59 0.015503875968992248
31 0.015037593984962405
46 0.011904761904761904
60 0.011627906976744186
37 0.010869565217391304
22 0.010869565217391304
55 0.010309278350515464
18 0.01020408163265306
30 0.01020408163265306
48 0.010101010101010102
9 0.01
10 0.009900990099009901
26 0.00980392156862745
49 0.00980392156862745
45 0.009615384615384616
23 0.009433962264150943
57 0.009345794392523364
29 0.009009009009009009
32 0.009009009009009009
36 0.009009009009009009
15 0.008264462809917356
62 0.00819672131147541
7 0.008
40 0.007936507936507936
11 0
41 0
43 0
20 0
42 0
5 0
8 0
21 0
12 0
44 0
51 0
19 0
56 0
