47 0.07575757575757576
28 0.072
33 0.06363636363636363
39 0.057034220532319393
52 0.05454545454545454
61 0.05384615384615385
50 0.053231939163498096
26 0.04979253112033195
15 0.04743083003952569
58 0.04329004329004329
46 0.043137254901960784
62 0.04310344827586207
16 0.04263565891472868
20 0.0423728813559322
30 0.0411522633744856
7 0.040983606557377046
48 0.038461538461538464
6 0.038461538461538464
44 0.038461538461538464
54 0.03734439834024896
4 0.036
3 0.03508771929824561
57 0.03501945525291829
56 0.03424657534246575
23 0.03375527426160337
31 0.03308823529411765
2 0.03187250996015936
35 0.03139013452914798
11 0.030534351145038167
1 0.030534351145038167
9 0.03007518796992481
22 0.028925619834710745
24 0.028925619834710745
18 0.02877697841726619
42 0.028688524590163935
59 0.027777777777777776
60 0.027237354085603113
34 0.026515151515151516
45 0.02643171806167401
55 0.026119402985074626
38 0.025974025974025976
10 0.024489795918367346
29 0.0234375
40 0.022727272727272728
21 0.022222222222222223
37 0.022123893805309734
8 0.02181818181818182
41 0.021739130434782608
5 0.0211864406779661
17 0.020242914979757085
36 0.019762845849802372
14 0.01893939393939394
27 0.018018018018018018
43 0.01639344262295082
32 0.016
49 0.015625
53 0.015384615384615385
19 0.014388489208633094
25 0.012987012987012988
51 0.012605042016806723
12 0.01195219123505976
13 0.01195219123505976
