33 0.11800610376398779
18 0.11688311688311688
52 0.11187438665358194
50 0.1067472306143001
61 0.09730250481695568
14 0.09259259259259259
30 0.08695652173913043
39 0.08418891170431211
58 0.0801564027370479
27 0.07941176470588235
34 0.07860696517412935
47 0.07707129094412331
6 0.07456140350877193
62 0.07108549471661864
28 0.06779661016949153
10 0.06748466257668712
7 0.06733668341708543
57 0.06589958158995816
48 0.0657769304099142
3 0.065439672801636
8 0.06308851224105462
16 0.06296691568836713
31 0.06226053639846743
37 0.061611374407582936
26 0.06072874493927125
35 0.06025369978858351
44 0.0595959595959596
55 0.059375
46 0.059375
9 0.05759682224428997
54 0.05689488910318226
21 0.05526590198123045
4 0.05510204081632653
11 0.0537109375
15 0.05337361530715005
43 0.05268109125117592
41 0.05155642023346303
60 0.05055611729019211
2 0.0504364694471387
19 0.04979253112033195
45 0.048859934853420196
38 0.04797441364605544
29 0.04620123203285421
20 0.044933078393881457
59 0.04397537379067722
1 0.042843232716650435
23 0.04233870967741935
42 0.04218106995884774
53 0.04186489058039962
25 0.040774719673802244
56 0.040625
24 0.03425309229305423
17 0.032091097308488616
36 0.03137651821862348
40 0.03136882129277566
5 0.027833001988071572
51 0.02738336713995943
32 0.026776519052523172
22 0.02631578947368421
49 0.026239067055393587
12 0.023299161230195712
13 0.021341463414634148
