33 0.1283138918345705
52 0.11242908715832904
58 0.10272536687631027
18 0.10186199342825848
47 0.09885308574549427
14 0.09722222222222222
50 0.09690366972477064
62 0.08884297520661157
61 0.0880503144654088
28 0.0868377935554342
30 0.07941653160453808
48 0.07867494824016563
34 0.07751091703056769
2 0.07684426229508197
10 0.07627118644067797
6 0.07621009268795056
27 0.0750925436277102
39 0.0746184284906727
54 0.07364975450081833
15 0.06836248012718601
55 0.06647727272727273
26 0.06628571428571428
37 0.06560088202866593
3 0.06548856548856549
16 0.06490134994807892
7 0.0647410358565737
44 0.06453423120089787
31 0.06432105552501374
20 0.06213796735123749
57 0.061899679829242264
35 0.061522419186652764
29 0.06065400843881857
60 0.06054054054054054
43 0.06032608695652174
9 0.05830094392004442
8 0.05585980284775466
11 0.05526590198123045
41 0.05511811023622047
46 0.05496828752642706
38 0.05488761108207005
45 0.054184549356223174
21 0.052715654952076675
1 0.04918032786885246
19 0.04799107142857143
53 0.04771893025694809
4 0.0441834451901566
42 0.043256997455470736
51 0.0407725321888412
17 0.04045643153526971
22 0.039630836047774155
40 0.037169042769857434
25 0.035955056179775284
56 0.03507795100222717
5 0.03152916447714135
32 0.02905982905982906
23 0.02702702702702703
12 0.025423728813559324
36 0.025323275862068964
24 0.025174076057846814
13 0.024691358024691357
59 0.02400408580183861
49 0.023204419889502764
