33 0.09466019417475728
52 0.08855291576673865
61 0.08297872340425531
39 0.08185840707964602
50 0.08088235294117647
18 0.07788944723618091
62 0.07373271889400922
58 0.07045454545454545
28 0.06698564593301436
30 0.055944055944055944
57 0.05542168674698795
47 0.05486284289276808
9 0.05416666666666667
26 0.05365853658536585
2 0.05333333333333334
14 0.05263157894736842
31 0.05263157894736842
35 0.05042016806722689
43 0.04976303317535545
3 0.04946236559139785
55 0.04918032786885246
45 0.04784688995215311
37 0.04716981132075472
11 0.044009779951100246
29 0.04387990762124711
27 0.043478260869565216
10 0.043478260869565216
44 0.042986425339366516
46 0.04292929292929293
7 0.04176334106728538
1 0.041666666666666664
21 0.04112554112554113
20 0.04066985645933014
41 0.040268456375838924
16 0.04009433962264151
6 0.039627039627039624
54 0.0375
60 0.036734693877551024
24 0.036281179138321996
36 0.035046728971962614
8 0.034482758620689655
15 0.03058823529411765
38 0.03002309468822171
34 0.029925187032418952
23 0.027842227378190254
48 0.02654867256637168
42 0.02591792656587473
13 0.02481389578163772
17 0.024330900243309004
51 0.024271844660194174
19 0.023696682464454975
5 0.02288329519450801
59 0.022727272727272728
32 0.02195121951219512
12 0.020930232558139535
25 0.020179372197309416
40 0.01991150442477876
22 0.017699115044247787
49 0.015086206896551725
4 0.014218009478672985
56 0.013986013986013986
53 0.012755102040816327
