33 0.09836065573770492
52 0.0755287009063444
47 0.07277628032345014
58 0.07228915662650602
39 0.06534090909090909
30 0.06153846153846154
15 0.055384615384615386
61 0.054838709677419356
62 0.053475935828877004
54 0.052980132450331126
50 0.05198776758409786
7 0.05157593123209169
6 0.05102040816326531
18 0.05070422535211268
57 0.05042016806722689
26 0.04790419161676647
43 0.047752808988764044
38 0.0471976401179941
46 0.0469208211143695
44 0.046875
9 0.045714285714285714
34 0.04519774011299435
42 0.04456824512534819
10 0.04451038575667656
16 0.042440318302387266
2 0.042071197411003236
14 0.040372670807453416
27 0.040268456375838924
28 0.03939393939393939
22 0.036619718309859155
55 0.03636363636363636
3 0.03625377643504532
8 0.03592814371257485
48 0.03519061583577713
49 0.03468208092485549
45 0.033846153846153845
13 0.03333333333333333
35 0.033112582781456956
60 0.032448377581120944
36 0.029940119760479042
17 0.029069767441860465
59 0.028901734104046242
56 0.028423772609819122
19 0.028350515463917526
37 0.02735562310030395
21 0.02735562310030395
41 0.02727272727272727
31 0.026490066225165563
51 0.026239067055393587
23 0.025236593059936908
11 0.023529411764705882
32 0.023255813953488372
29 0.021604938271604937
20 0.021341463414634148
12 0.01929260450160772
25 0.019230769230769232
24 0.018633540372670808
5 0.018404907975460124
1 0.01818181818181818
4 0.01818181818181818
40 0.015151515151515152
53 0.008450704225352112
