33 0.13809910641754672
18 0.11550888529886914
52 0.11068111455108359
58 0.10132501948558068
50 0.10114192495921696
61 0.09135004042037187
47 0.09061224489795919
28 0.0855106888361045
30 0.08108108108108109
26 0.0792838874680307
14 0.07686017988552739
39 0.07608695652173914
27 0.07511380880121396
10 0.07344150298889837
6 0.07284172661870504
62 0.07093425605536333
34 0.07063197026022305
3 0.07045840407470289
46 0.06974981046247157
44 0.06699751861042183
9 0.06591639871382636
16 0.06436041834271923
43 0.06342991386061081
31 0.0631911532385466
37 0.06214227309893704
54 0.06124093473005641
38 0.05988515176374077
2 0.059676044330775786
7 0.059431524547803614
35 0.059429477020602216
57 0.058299595141700404
15 0.05813953488372093
55 0.057707509881422925
48 0.05701078582434515
8 0.05537459283387622
45 0.05432937181663837
60 0.05423728813559322
21 0.05298570227081581
20 0.05267295597484277
29 0.05180533751962323
11 0.05037159372419488
19 0.04804560260586319
4 0.04654771140418929
42 0.04311008468052348
40 0.04121306376360809
1 0.040370058873002525
53 0.03902065799540933
25 0.03735408560311284
17 0.03546712802768166
32 0.03542009884678748
22 0.03471634208298052
41 0.03274087932647334
56 0.03164029975020816
36 0.031417624521072794
23 0.030854430379746837
24 0.02976190476190476
49 0.028830313014827018
12 0.027565084226646247
51 0.0272
13 0.024744027303754267
59 0.024518388791593695
5 0.02404965089216447
