52 0.12293344637558287
33 0.12284577993813522
18 0.11705685618729098
58 0.10621761658031088
14 0.0986643688065489
50 0.09493401447424436
10 0.08788501026694046
39 0.08761734465802413
7 0.08547008547008547
30 0.0844943820224719
47 0.08333333333333333
34 0.08247882300490414
61 0.08185840707964602
28 0.07981220657276995
3 0.0766884531590414
62 0.07487091222030981
46 0.07462686567164178
2 0.07344379758172861
55 0.07330508474576271
6 0.07216035634743875
26 0.07203962179198559
48 0.07128226136829169
38 0.0700472711645896
27 0.06895037329819939
54 0.06663957740755791
31 0.06408655846858094
44 0.0639759553456419
16 0.06347826086956522
8 0.06328600405679513
43 0.0621587568248635
21 0.061787905346187555
35 0.06136267456622937
11 0.05716760502381984
15 0.05714285714285714
20 0.05704407951598963
37 0.05480607082630692
9 0.05370843989769821
4 0.05309364548494983
45 0.05249343832020997
41 0.05040237187632359
1 0.04930795847750865
57 0.047213951509995744
60 0.04619907601847963
42 0.0453554295682512
19 0.04495372410753636
51 0.0449034575662326
17 0.04486062717770035
22 0.043928719436386245
29 0.04336283185840708
25 0.04159519725557462
24 0.03595890410958904
12 0.035037878787878785
40 0.03428819444444445
32 0.03391232423490488
23 0.0323785803237858
59 0.031937850668968495
49 0.030251384746484873
56 0.02880481513327601
53 0.028617492946392584
13 0.024324324324324326
5 0.02267864783910997
36 0.021758436944937832
18 0.12367957746478873
33 0.12299915754001685
58 0.12070446735395189
52 0.1188997338065661
61 0.09678782755705832
50 0.08958938199917046
62 0.08359133126934984
6 0.08319467554076539
27 0.08190045248868778
14 0.08106978687839532
28 0.08045509955302722
39 0.07822410147991543
30 0.07787234042553191
47 0.07742934572202866
16 0.07457322551662174
34 0.07401382675884506
10 0.07359705611775529
7 0.07311733800350263
44 0.07033898305084746
26 0.068218954248366
3 0.06694214876033058
15 0.06611570247933884
2 0.06471359860078706
35 0.06366267052501033
11 0.06308307418924922
43 0.06125897760878749
31 0.06099656357388316
55 0.060568086883876354
38 0.06023102310231023
37 0.059583333333333335
46 0.059113300492610835
1 0.05874125874125874
57 0.05742411812961444
60 0.05677579776212184
48 0.05674378000872981
54 0.055944055944055944
20 0.054567502021018593
8 0.054266958424507655
21 0.052825552825552825
42 0.05267740531127558
9 0.052284890901605596
45 0.05141037306642402
29 0.04830917874396135
19 0.04798962386511025
4 0.047658862876254184
17 0.043402777777777776
41 0.04286387187941592
25 0.038461538461538464
22 0.03643724696356275
24 0.034218820351193155
32 0.03383947939262473
53 0.03295786399666249
51 0.03217821782178218
40 0.031592803861342694
12 0.031462585034013606
56 0.03102111158983197
59 0.030915086562242376
23 0.0297723292469352
36 0.028329809725158563
5 0.026845637583892617
49 0.02476107732406603
13 0.024213075060532687
