18 0.0355203
58 0.0343297
52 0.0307202
14 0.0297357
33 0.0289278
10 0.0280491
7 0.0233399
28 0.0224466
34 0.0219861
39 0.021535
30 0.0215022
15 0.0213062
46 0.021171
2 0.0211432
55 0.0209491
6 0.0207072
50 0.0198109
38 0.0187312
61 0.0186415
26 0.0184526
47 0.0183552
44 0.0182381
27 0.0182247
43 0.017167
42 0.0169223
16 0.0167168
21 0.0164955
62 0.016202
48 0.0161304
3 0.0158454
31 0.0156309
35 0.0155172
19 0.0151089
11 0.015067
8 0.0149598
37 0.0143487
9 0.0140932
41 0.0138607
57 0.013803
1 0.0137947
60 0.0136444
20 0.0136137
25 0.0131452
54 0.0130245
51 0.0122906
29 0.0122411
22 0.0121491
17 0.0119748
45 0.0117324
4 0.00975261
53 0.00897814
24 0.00798204
56 0.00772094
40 0.0074599
32 0.00688735
23 0.0068608
49 0.00674059
59 0.00630244
12 0.00573521
5 0.00568288
36 0.00550039
13 0.00509402
