33 0.12377963737796374
18 0.1215786123488224
52 0.11313987610042386
58 0.10847797062750333
10 0.09132271693207669
28 0.08651226158038147
61 0.08186738836265223
50 0.08177117000646413
14 0.0806070826306914
2 0.07925407925407925
39 0.07586206896551724
43 0.07584830339321358
34 0.07554462403373155
30 0.07436918990703852
6 0.0740255486406813
7 0.07327731092436975
47 0.07309184993531695
62 0.07169056352117373
27 0.06950308541734329
46 0.06912442396313365
15 0.06806637317981713
26 0.06719745222929936
35 0.06575725778244142
54 0.06561319134318104
44 0.06324786324786325
31 0.06277463904582549
37 0.06268115942028986
55 0.05982053838484546
11 0.05830388692579505
48 0.05772870662460568
3 0.05650419124495498
57 0.0546448087431694
60 0.05453940804788826
38 0.053820598006644516
19 0.05277132426153336
29 0.052199606040709126
8 0.051512130275839146
16 0.05083655083655084
41 0.05030181086519115
21 0.04977838390726219
9 0.04958100558659218
1 0.049315068493150684
42 0.04747267759562841
20 0.04518469656992084
45 0.04173678895994615
17 0.03922249219021173
22 0.03858185610010428
25 0.0385502471169687
51 0.03756476683937824
24 0.034518828451882845
23 0.03415492957746479
4 0.033847184986595176
53 0.032759761747187296
32 0.03181370941292227
49 0.03143350604490501
56 0.029402564904598062
13 0.027070063694267517
36 0.024889191953631096
40 0.023427041499330656
5 0.02245088868101029
12 0.02157567832625041
59 0.01899335232668566
