38 0.05555555555555555
7 0.04918032786885246
1 0.046511627906976744
18 0.0392156862745098
6 0.031746031746031744
3 0.029411764705882353
44 0.02127659574468085
19 0.02127659574468085
15 0.02040816326530612
49 0.02
48 0.0196078431372549
27 0.018518518518518517
60 0.017857142857142856
30 0.017857142857142856
55 0.017543859649122806
33 0.017543859649122806
36 0.017543859649122806
50 0.017241379310344827
59 0.01694915254237288
42 0.016666666666666666
10 0.015384615384615385
8 0.015384615384615385
11 0
16 0
41 0
43 0
2 0
20 0
28 0
29 0
37 0
45 0
62 0
9 0
4 0
52 0
5 0
14 0
57 0
58 0
31 0
21 0
46 0
12 0
34 0
13 0
17 0
25 0
35 0
39 0
51 0
53 0
56 0
23 0
26 0
32 0
22 0
24 0
61 0
40 0
47 0
54 0
