33 0.06748466257668712
47 0.047619047619047616
50 0.045454545454545456
3 0.04375
55 0.04
61 0.03977272727272727
52 0.03954802259887006
18 0.03550295857988166
27 0.03428571428571429
46 0.033707865168539325
7 0.03355704697986577
26 0.03333333333333333
56 0.032467532467532464
30 0.03205128205128205
15 0.031446540880503145
28 0.028901734104046242
34 0.027932960893854747
12 0.027624309392265192
62 0.027472527472527472
29 0.0273224043715847
60 0.02702702702702703
48 0.025157232704402517
35 0.025157232704402517
37 0.024844720496894408
16 0.024242424242424242
45 0.023668639053254437
38 0.023391812865497075
51 0.023391812865497075
31 0.022988505747126436
14 0.022727272727272728
57 0.022598870056497175
43 0.022099447513812154
17 0.021621621621621623
53 0.02127659574468085
39 0.020512820512820513
10 0.02027027027027027
9 0.019230769230769232
49 0.019230769230769232
13 0.018518518518518517
22 0.018433179723502304
58 0.018292682926829267
2 0.017543859649122806
54 0.017241379310344827
24 0.01694915254237288
36 0.016666666666666666
44 0.016574585635359115
41 0.016042780748663103
5 0.015306122448979591
1 0.014925373134328358
11 0.011560693641618497
42 0.010638297872340425
59 0.006578947368421052
40 0.006289308176100629
8 0.006211180124223602
4 0.006060606060606061
32 0.006024096385542169
21 0.005649717514124294
6 0.005376344086021506
20 0
25 0
19 0
23 0
