33 0.1281725888324873
18 0.11233053582956747
52 0.1075725406935598
50 0.10303830911492734
58 0.09201623815967523
27 0.08897742363877822
61 0.08850174216027874
14 0.08396421197522368
62 0.08389261744966443
39 0.08333333333333333
26 0.08257477243172952
30 0.08015768725361366
47 0.07889413351314903
28 0.07800941492938802
3 0.07748344370860927
34 0.07280219780219781
35 0.06969099276791585
57 0.0680796403339756
10 0.06789340101522842
2 0.06721623335447051
31 0.06680161943319839
55 0.06530343007915568
54 0.06521739130434782
16 0.06488294314381271
46 0.06447368421052632
7 0.06375
48 0.06364251861882193
21 0.06326530612244897
60 0.06285355122564425
44 0.06275579809004093
43 0.06105834464043419
38 0.06091030789825971
20 0.06038487060384871
8 0.05988409529942048
6 0.05845942228335626
37 0.05822613405551794
4 0.05689424364123159
1 0.05474934036939314
9 0.05419029615626969
15 0.053952321204516936
19 0.05187713310580205
42 0.05131578947368421
29 0.050697084917617236
45 0.04778393351800554
11 0.04332634521313766
22 0.04177718832891247
25 0.041666666666666664
40 0.03986928104575163
17 0.03967065868263473
41 0.03900709219858156
23 0.038408779149519894
49 0.03748411689961881
59 0.03595206391478029
56 0.03591549295774648
5 0.035398230088495575
53 0.03504043126684636
24 0.033156498673740056
32 0.03206997084548105
51 0.029429797670141016
36 0.026755852842809364
12 0.021963824289405683
13 0.016350555918901243
