18 0.12145545796737767
58 0.10740379931807112
33 0.10440771349862259
52 0.10358659745162813
14 0.09295276584996211
10 0.08396560445118867
50 0.08164872669992124
34 0.08022652194431336
47 0.07745952677459526
61 0.07659467604218985
30 0.07569620253164557
27 0.07194994786235662
39 0.07149901380670612
28 0.06970974944182586
15 0.0682699767261443
46 0.06790284669626534
7 0.06788198608779084
3 0.06759098786828423
26 0.06752730883813307
2 0.066815144766147
44 0.06559917355371901
6 0.0641399416909621
55 0.06353655687923382
62 0.06301703163017032
43 0.061573259612968084
60 0.05908639523336644
21 0.0590007532011047
31 0.05798212005108557
16 0.05634481098001445
57 0.05620549338758901
35 0.055929570170895906
9 0.05294408708560119
37 0.05279034690799397
48 0.051663128096249115
8 0.05126890540886952
11 0.0508390918065153
42 0.050474762618690654
38 0.04994954591321897
29 0.04889228418640183
1 0.04818969913309536
54 0.047115384615384615
20 0.045645201085615594
45 0.04394454616793094
22 0.043901222249937644
19 0.04324734446130501
41 0.042548018477996594
25 0.04164613109906358
51 0.03767698584113271
4 0.034760705289672546
53 0.03352806705613411
17 0.03265792610250298
40 0.031578947368421054
24 0.029533805223334146
56 0.027704485488126648
59 0.026505404014410705
12 0.026202953787517864
49 0.02607212475633528
32 0.024654088050314465
36 0.022738268021286888
5 0.022425850012056908
23 0.020252561353347628
13 0.020045673686881503
