18 0.08395228449246005
58 0.0790558070916213
14 0.07217861688587188
52 0.06698409263066768
10 0.0628846942962659
33 0.06046750871577985
15 0.05396909962706446
34 0.05343989970224103
46 0.05168343256004927
7 0.049365873376787425
30 0.0474091538106709
28 0.04713340683572216
38 0.046922329542207236
55 0.04667578659370725
39 0.04638743455497382
2 0.044769010954119705
6 0.04427406727498515
44 0.041703018670389114
42 0.03949675157265133
21 0.03877053853729332
47 0.03873163353500432
50 0.036497554004287364
43 0.03608118266098722
48 0.03585552333245452
26 0.035466775377089275
19 0.03524365665857062
16 0.03508862060107886
61 0.03359201172192978
41 0.03328593248011798
37 0.0330986655458653
27 0.03260633680555555
35 0.03234594808797305
31 0.03227069351230425
1 0.03209618400418191
11 0.031982942430703626
9 0.031011527845429453
8 0.030928390538283314
25 0.0305929298613598
60 0.03037156704361874
3 0.030128238141834476
22 0.02949075508728437
17 0.02946691668899009
51 0.0293297531756687
57 0.0287440962876441
62 0.027121270825261525
20 0.026899480887210947
29 0.025924610623509717
45 0.024210526315789474
54 0.02408660351826793
4 0.019944484424796956
53 0.01944869024403099
24 0.016614800358668705
56 0.01491992279200793
23 0.014640289657343758
32 0.0132829373650108
40 0.012090063631913853
49 0.011988983096613922
5 0.01108315039888633
12 0.011080476512511055
59 0.010566558700153985
13 0.009517664139377319
36 0.009485163581029674
