58 0.10381925766541152
18 0.10270461375287254
33 0.09438870308435526
52 0.09312899966318626
10 0.09046023628989597
14 0.08517298187808896
28 0.0753787187442964
39 0.07376740684983063
50 0.06971784776902887
2 0.0679152809382111
7 0.06777408637873754
30 0.06757703081232493
46 0.06703096539162114
34 0.06663187195546277
61 0.06662859318484675
47 0.06426385583134989
55 0.06295442454335876
38 0.06277552459883619
15 0.060516733136812904
26 0.059068075523990994
6 0.0576544315129812
27 0.057407737564628275
43 0.055664936459638444
62 0.055614220344948964
31 0.05307362401715511
48 0.05304857044436789
11 0.052342606149341143
16 0.05118450631160298
35 0.050985136536467336
20 0.050532394874571375
3 0.050505050505050504
8 0.050350656356770364
19 0.048479427549194994
57 0.04703147353361946
54 0.04698216735253772
44 0.046949152542372884
42 0.04647218453188602
21 0.04643962848297214
37 0.046413502109704644
1 0.046239837398373985
45 0.04488999290276792
60 0.04411247803163445
41 0.0425531914893617
9 0.04119985543910372
17 0.03941730934018852
25 0.03895860648061435
29 0.03855421686746988
22 0.03819444444444445
51 0.03644194136160345
4 0.033290885937784245
53 0.028930817610062894
56 0.028598130841121495
24 0.028269815709429234
32 0.024481106971793506
49 0.023094688221709007
23 0.02230610844200412
40 0.021695895859699874
5 0.019079885877318115
13 0.0183585313174946
59 0.018333050415888643
36 0.01760312944523471
12 0.017382235355466714
