58 0.09382526822859645
18 0.09232613908872901
52 0.08795871559633027
10 0.08003489259622724
33 0.07652287014957729
14 0.07513477088948788
7 0.06732191925597125
28 0.061990039207375225
55 0.06192606545797033
30 0.06082398829839103
34 0.060501890684083875
46 0.05995879865553508
39 0.05937710060497423
2 0.05765493413949471
15 0.057430951337132836
6 0.05459166758757874
50 0.053767046724793204
26 0.05351733423089869
38 0.052372784448256146
43 0.05229649840836744
61 0.05179669796050502
47 0.050759707371975236
44 0.04850579839429081
16 0.048252911813643926
27 0.04797289913670637
3 0.04679036533364066
21 0.04551584625758597
42 0.04516342756183746
48 0.04479488058507599
35 0.04405532009814856
62 0.043473499780989924
11 0.04317111459968603
19 0.04273598413922238
8 0.041027280477408355
37 0.040834542006024765
31 0.04030226700251889
9 0.03994327582131884
57 0.03886543249972935
54 0.03745064861816131
41 0.03736079511435756
20 0.036901165299956844
1 0.036217075386012716
60 0.036065573770491806
25 0.03598858898398069
51 0.03513544145982092
17 0.033516483516483515
45 0.033129112775130476
29 0.031451266638042076
22 0.029923528759835973
4 0.027990107913669064
53 0.02448021462105969
24 0.0208662305436499
56 0.02025665500053028
40 0.019575315195753153
32 0.018518518518518517
23 0.017869260348337482
36 0.017803493935684877
49 0.01737738653252544
59 0.016735966735966737
5 0.01651073197578426
13 0.01530016351319785
12 0.014295139652518144
