33 0.11771700356718193
52 0.10506798516687268
18 0.09696969696969697
50 0.0948905109489051
61 0.09016393442622951
58 0.08888888888888889
47 0.08225616921269095
6 0.07995079950799508
26 0.07329192546583851
44 0.072992700729927
27 0.07257072570725707
28 0.07228915662650602
14 0.07048984468339307
31 0.0667433831990794
7 0.06666666666666667
8 0.06356968215158924
46 0.06242350061199511
2 0.06134969325153374
39 0.06033376123234917
62 0.0602125147579693
37 0.0589622641509434
43 0.058361391694725026
34 0.0572737686139748
35 0.05587892898719441
10 0.05506883604505632
48 0.05392156862745098
60 0.0535031847133758
57 0.05333333333333334
54 0.0532994923857868
3 0.052318668252080855
9 0.05199516324062878
55 0.051807228915662654
38 0.05078125
15 0.04949238578680203
11 0.04875
4 0.047018348623853214
20 0.04642409033877039
16 0.0451693851944793
30 0.045023696682464455
53 0.044136191677175286
42 0.04409857328145266
17 0.04323094425483504
1 0.04257907542579075
45 0.042270531400966184
29 0.0399002493765586
19 0.037484885126964934
41 0.03712035995500562
25 0.037082818294190356
56 0.03602484472049689
21 0.03416856492027335
13 0.03359173126614987
49 0.03309692671394799
51 0.03229974160206718
36 0.029925187032418952
24 0.0280970625798212
22 0.02619047619047619
23 0.025991792065663474
32 0.023809523809523808
59 0.022781774580335732
12 0.02195121951219512
40 0.021164021164021163
5 0.021003500583430573
