0 1 0.3125
0 2 0.3125
0 3 0.3125
0 4 0.3571428571428571
1 0 0.3846153846153846
1 2 0.4166666666666667
1 4 0.4166666666666667
2 0 0.3846153846153846
2 1 0.3846153846153846
2 3 0.3846153846153846
3 0 0.3846153846153846
3 2 0.4166666666666667
3 4 0.4166666666666667
4 0 0.3571428571428571
4 1 0.3571428571428571
4 3 0.3571428571428571
4 9 0.625
9 4 0.625
9 5 0.35714285714285715
9 6 0.35714285714285715
9 8 0.35714285714285715
5 6 0.3125
5 7 0.3125
5 8 0.3125
5 9 0.3571428571428571
6 5 0.3846153846153846
6 7 0.4166666666666667
6 9 0.4166666666666667
7 5 0.3846153846153846
7 6 0.3846153846153846
7 8 0.3846153846153846
8 5 0.3846153846153846
8 7 0.4166666666666667
8 9 0.4166666666666667
