34 173
34 348
34 414
34 428
173 348
173 414
173 427
173 464
173 549
173 649
198 348
198 351
198 364
198 393
198 399
198 441
198 476
198 501
198 549
198 564
348 349
348 350
348 351
348 352
348 353
348 354
348 355
348 356
348 357
348 358
348 359
348 360
348 361
348 362
348 363
348 364
348 365
348 366
348 367
348 368
348 369
348 370
348 371
348 372
348 373
348 374
348 375
348 376
348 377
348 378
348 379
348 380
348 381
348 382
348 383
348 384
348 385
348 386
348 387
348 388
348 390
348 391
348 392
348 393
348 394
348 395
348 396
348 397
348 398
348 399
348 400
348 401
348 402
348 403
348 404
348 405
348 406
348 407
348 408
348 409
348 410
348 411
348 412
348 413
348 414
348 415
348 416
348 417
348 418
348 419
348 420
348 421
348 422
348 423
348 424
348 425
348 426
348 427
348 428
348 429
348 430
348 431
348 432
348 433
348 434
348 435
348 436
348 437
348 438
348 439
348 440
348 441
348 442
348 443
348 444
348 445
348 446
348 447
348 448
348 449
348 450
348 451
348 452
348 453
348 454
348 455
348 456
348 457
348 458
348 459
348 460
348 461
348 462
348 463
348 464
348 465
348 466
348 467
348 468
348 469
348 470
348 471
348 472
348 473
348 474
348 475
348 476
348 477
348 478
348 479
348 480
348 481
348 482
348 483
348 484
348 485
348 486
348 487
348 488
348 489
348 490
348 491
348 492
348 493
348 494
348 495
348 496
348 497
348 498
348 499
348 500
348 501
348 502
348 503
348 504
348 505
348 506
348 507
348 508
348 509
348 510
348 511
348 512
348 513
348 514
348 515
348 516
348 517
348 518
348 519
348 520
348 521
348 522
348 523
348 524
348 525
348 526
348 527
348 528
348 529
348 530
348 531
348 532
348 533
348 534
348 535
348 536
348 537
348 538
348 539
348 540
348 541
348 542
348 543
348 544
348 545
348 546
348 547
348 548
348 549
348 550
348 551
348 552
348 553
348 554
348 555
348 556
348 557
348 558
348 559
348 560
348 561
348 562
348 563
348 564
348 565
348 566
348 567
348 568
348 569
348 570
348 571
348 572
348 1025
349 434
349 478
349 508
349 534
350 369
350 384
350 397
350 407
350 419
350 426
350 433
350 455
350 484
350 497
350 504
350 519
350 527
350 528
350 531
350 543
350 546
350 552
350 561
350 563
351 364
351 454
351 564
352 368
352 375
352 394
352 398
352 404
352 408
352 409
352 412
352 431
352 456
352 462
352 479
352 484
352 492
352 493
352 494
352 503
352 517
352 525
352 536
352 538
352 542
353 363
353 366
353 370
353 373
353 376
353 388
353 391
353 394
353 400
353 404
353 408
353 409
353 412
353 417
353 419
353 420
353 428
353 430
353 431
353 432
353 446
353 460
353 462
353 471
353 475
353 482
353 483
353 484
353 487
353 492
353 493
353 496
353 497
353 500
353 503
353 513
353 514
353 515
353 517
353 520
353 524
353 526
353 537
353 538
353 540
353 542
353 544
353 559
353 560
353 561
353 566
353 567
353 580
353 601
353 606
353 637
353 641
353 651
353 930
353 936
353 976
353 1012
353 1080
353 1114
353 1122
353 1155
353 1237
353 1313
353 1320
353 1349
353 1358
353 1374
353 1397
353 1425
353 1427
353 1487
353 1512
353 1514
353 1543
353 1574
353 1606
353 1616
353 1645
353 1673
353 1677
353 1679
353 1692
353 1694
353 1740
353 1744
353 1778
353 1790
353 1844
353 1878
353 1881
353 1882
354 355
354 359
354 361
354 376
354 382
354 396
354 397
354 403
354 450
354 452
354 458
354 463
354 470
354 474
354 481
354 489
354 497
354 500
354 507
354 510
354 519
354 531
354 547
354 555
354 557
355 359
355 361
355 367
355 373
355 376
355 382
355 396
355 397
355 402
355 403
355 410
355 412
355 418
355 452
355 455
355 460
355 463
355 470
355 474
355 475
355 481
355 489
355 497
355 500
355 510
355 515
355 519
355 528
355 531
355 543
355 546
355 547
355 548
355 553
355 555
355 557
355 565
356 411
356 472
357 369
357 397
357 419
357 424
357 457
357 459
357 469
357 477
357 486
357 505
357 509
357 516
357 518
357 551
357 554
357 563
359 361
359 367
359 376
359 391
359 396
359 403
359 405
359 422
359 452
359 455
359 470
359 474
359 475
359 481
359 489
359 491
359 530
359 531
359 546
359 547
359 555
359 557
359 562
360 362
360 365
360 370
360 373
360 376
360 387
360 388
360 395
360 402
360 412
360 415
360 417
360 422
360 428
360 432
360 438
360 442
360 444
360 460
360 461
360 463
360 495
360 497
360 506
360 507
360 510
360 513
360 514
360 520
360 523
360 524
360 542
360 543
360 544
360 548
360 553
360 555
360 558
360 561
360 565
360 567
360 570
361 376
361 396
361 405
361 450
361 463
361 470
361 474
361 475
361 481
361 489
361 500
361 519
361 530
361 531
361 547
361 555
361 557
361 562
361 568
362 371
362 373
362 412
362 413
362 415
362 445
362 460
362 463
362 473
362 482
362 492
362 495
362 535
362 542
362 558
362 560
362 570
363 366
363 367
363 368
363 370
363 373
363 374
363 376
363 378
363 385
363 388
363 402
363 409
363 412
363 414
363 417
363 419
363 432
363 436
363 444
363 455
363 461
363 463
363 475
363 481
363 482
363 483
363 484
363 487
363 492
363 493
363 497
363 500
363 506
363 507
363 514
363 515
363 517
363 521
363 524
363 525
363 526
363 527
363 538
363 542
363 544
363 553
363 559
363 561
363 565
363 566
363 580
363 591
363 606
363 637
363 651
363 656
363 669
363 936
363 976
363 1080
363 1113
363 1122
363 1155
363 1179
363 1237
363 1318
363 1320
363 1332
363 1349
363 1358
363 1374
363 1400
363 1425
363 1427
363 1506
363 1512
363 1514
363 1545
363 1574
363 1606
363 1616
363 1645
363 1671
363 1673
363 1677
363 1692
363 1740
363 1744
363 1767
363 1790
363 1844
364 393
364 399
364 441
364 476
364 501
364 564
365 408
365 513
365 520
365 556
366 368
366 373
366 374
366 376
366 378
366 391
366 394
366 395
366 400
366 402
366 404
366 408
366 412
366 417
366 428
366 430
366 431
366 434
366 436
366 438
366 446
366 460
366 475
366 482
366 483
366 484
366 492
366 493
366 496
366 497
366 503
366 513
366 514
366 515
366 517
366 520
366 524
366 526
366 538
366 539
366 542
366 544
366 548
366 553
366 555
366 559
366 566
366 580
366 606
366 637
366 651
366 930
366 936
366 976
366 1001
366 1012
366 1080
366 1113
366 1122
366 1142
366 1155
366 1179
366 1237
366 1300
366 1313
366 1320
366 1349
366 1358
366 1374
366 1397
366 1400
366 1408
366 1427
366 1446
366 1490
366 1512
366 1514
366 1549
366 1574
366 1616
366 1631
366 1645
366 1673
366 1692
366 1694
366 1740
366 1767
366 1790
366 1801
366 1844
366 1878
366 1882
367 373
367 376
367 378
367 391
367 396
367 403
367 412
367 416
367 422
367 452
367 455
367 474
367 475
367 481
367 483
367 489
367 490
367 491
367 502
367 504
367 519
367 525
367 546
367 547
367 548
367 553
367 555
367 566
368 371
368 374
368 375
368 378
368 395
368 398
368 404
368 408
368 409
368 412
368 416
368 419
368 431
368 456
368 462
368 479
368 493
368 494
368 497
368 500
368 503
368 517
368 521
368 525
368 526
368 527
368 536
368 538
368 553
368 559
369 378
369 380
369 381
369 397
369 407
369 419
369 424
369 433
369 435
369 442
369 455
369 457
369 469
369 477
369 486
369 509
369 516
369 518
369 551
369 554
369 561
369 563
370 373
370 374
370 376
370 378
370 387
370 388
370 392
370 395
370 397
370 402
370 412
370 413
370 414
370 415
370 416
370 417
370 419
370 420
370 423
370 428
370 430
370 431
370 432
370 436
370 438
370 439
370 451
370 452
370 456
370 458
370 460
370 461
370 465
370 469
370 471
370 475
370 483
370 492
370 497
370 506
370 507
370 514
370 515
370 520
370 523
370 524
370 525
370 527
370 540
370 542
370 544
370 548
370 553
370 555
370 559
370 561
370 563
370 565
370 566
370 567
370 591
370 604
370 645
370 646
370 666
370 669
370 683
371 460
371 542
372 410
372 421
372 422
372 429
372 444
372 455
372 460
372 530
372 531
372 539
372 543
372 545
372 547
372 558
372 568
372 570
373 374
373 376
373 378
373 387
373 388
373 390
373 391
373 392
373 395
373 397
373 400
373 402
373 408
373 412
373 413
373 414
373 417
373 421
373 423
373 425
373 428
373 431
373 434
373 436
373 438
373 439
373 446
373 450
373 456
373 460
373 461
373 463
373 465
373 471
373 473
373 475
373 483
373 491
373 492
373 496
373 497
373 498
373 500
373 502
373 506
373 507
373 513
373 514
373 515
373 517
373 520
373 523
373 524
373 525
373 527
373 528
373 542
373 544
373 545
373 546
373 548
373 553
373 556
373 558
373 559
373 561
373 563
373 565
373 566
373 567
373 580
373 587
373 590
373 591
373 604
373 606
373 614
373 634
373 637
373 641
373 645
373 651
373 669
373 680
373 683
374 376
374 378
374 391
374 402
374 412
374 414
374 417
374 418
374 419
374 420
374 430
374 431
374 432
374 438
374 439
374 444
374 451
374 456
374 460
374 461
374 463
374 465
374 475
374 482
374 483
374 488
374 492
374 496
374 497
374 500
374 504
374 506
374 507
374 510
374 513
374 514
374 515
374 517
374 520
374 521
374 523
374 524
374 525
374 526
374 527
374 535
374 544
374 545
374 553
374 556
374 559
374 561
374 563
374 565
374 566
374 567
374 569
374 570
374 591
374 614
374 669
374 683
375 398
375 404
375 408
375 409
375 431
375 456
375 479
375 484
375 493
375 494
375 503
375 525
375 526
375 538
376 378
376 387
376 388
376 390
376 391
376 394
376 395
376 396
376 397
376 400
376 402
376 405
376 410
376 412
376 413
376 414
376 417
376 419
376 420
376 423
376 426
376 428
376 431
376 432
376 434
376 436
376 438
376 439
376 442
376 444
376 446
376 450
376 452
376 456
376 458
376 460
376 461
376 463
376 465
376 471
376 473
376 475
376 481
376 482
376 483
376 487
376 488
376 489
376 490
376 491
376 492
376 496
376 497
376 500
376 502
376 506
376 507
376 511
376 513
376 514
376 515
376 517
376 519
376 520
376 523
376 524
376 525
376 526
376 527
376 531
376 538
376 542
376 544
376 545
376 546
376 547
376 548
376 553
376 555
376 556
376 557
376 559
376 561
376 563
376 566
376 567
376 570
376 580
376 586
376 587
376 591
376 604
376 606
376 610
376 614
376 634
376 637
376 645
376 646
376 651
376 652
376 669
376 673
376 676
376 683
376 1095
376 1179
376 1300
376 1313
376 1357
376 1358
376 1374
376 1487
376 1616
376 1767
376 1777
377 383
378 391
378 394
378 400
378 412
378 414
378 417
378 423
378 426
378 428
378 431
378 434
378 436
378 452
378 456
378 461
378 465
378 471
378 475
378 482
378 483
378 484
378 487
378 488
378 492
378 495
378 496
378 497
378 500
378 502
378 506
378 513
378 514
378 515
378 517
378 524
378 527
378 542
378 544
378 553
378 559
378 561
378 563
378 566
378 580
378 591
378 604
378 614
378 637
378 641
378 651
378 669
378 676
379 532
380 424
380 457
380 486
380 505
380 509
380 516
380 518
380 554
381 419
381 424
381 457
381 469
381 486
381 509
381 516
381 551
381 554
382 403
382 410
382 452
382 470
382 474
382 500
382 531
382 547
382 555
383 387
384 464
384 552
385 423
385 436
385 461
385 483
385 507
385 524
386 401
386 532
387 395
387 400
387 402
387 406
387 408
387 412
387 415
387 417
387 428
387 436
387 438
387 444
387 461
387 465
387 503
387 506
387 507
387 513
387 514
387 517
387 520
387 523
387 524
387 525
387 544
387 556
387 559
387 561
387 567
387 570
388 400
388 404
388 412
388 415
388 421
388 438
388 444
388 445
388 450
388 452
388 463
388 465
388 475
388 483
388 487
388 492
388 493
388 496
388 497
388 500
388 503
388 507
388 513
388 523
388 537
388 544
388 548
388 557
388 559
388 566
388 567
390 450
390 475
390 539
391 394
391 400
391 412
391 414
391 417
391 423
391 428
391 431
391 438
391 446
391 456
391 458
391 460
391 465
391 475
391 482
391 483
391 484
391 487
391 488
391 490
391 491
391 492
391 493
391 497
391 500
391 502
391 503
391 506
391 512
391 513
391 514
391 515
391 517
391 524
391 525
391 527
391 539
391 544
391 548
391 553
391 556
391 559
391 561
391 563
391 566
391 567
391 580
391 591
391 614
391 637
391 669
392 394
392 404
392 412
392 423
392 428
392 430
392 431
392 436
392 456
392 460
392 465
392 473
392 475
392 482
392 483
392 487
392 492
392 493
392 497
392 500
392 503
392 506
392 514
392 515
392 525
392 527
392 537
392 538
392 542
392 553
392 556
392 559
392 560
392 561
392 566
392 567
393 399
393 441
393 501
393 564
394 398
394 400
394 408
394 414
394 436
394 438
394 475
394 479
394 488
394 492
394 503
394 511
394 512
394 513
394 515
394 517
394 520
394 538
394 542
394 544
394 556
394 559
394 566
394 601
394 614
394 620
394 676
394 683
395 398
395 400
395 402
395 404
395 408
395 412
395 413
395 414
395 417
395 419
395 421
395 422
395 423
395 425
395 428
395 430
395 431
395 436
395 438
395 451
395 452
395 456
395 460
395 461
395 463
395 465
395 471
395 479
395 483
395 488
395 495
395 497
395 506
395 507
395 511
395 512
395 513
395 514
395 515
395 517
395 520
395 523
395 524
395 525
395 527
395 536
395 537
395 538
395 542
395 544
395 545
395 553
395 556
395 559
395 560
395 561
395 567
395 574
395 591
395 601
395 604
395 614
395 620
395 630
395 637
395 645
395 669
395 678
395 683
396 403
396 410
396 422
396 450
396 470
396 474
396 475
396 481
396 489
396 500
396 510
396 519
396 531
396 546
396 547
396 548
396 555
396 557
396 568
396 570
397 402
397 418
397 419
397 420
397 421
397 422
397 426
397 432
397 439
397 444
397 449
397 457
397 458
397 469
397 477
397 481
397 483
397 485
397 504
397 506
397 507
397 509
397 510
397 513
397 514
397 516
397 518
397 523
397 531
397 541
397 543
397 544
397 546
397 554
397 557
397 563
397 570
398 404
398 408
398 409
398 412
398 430
398 431
398 445
398 456
398 462
398 479
398 484
398 488
398 493
398 494
398 497
398 503
398 511
398 512
398 517
398 525
398 526
398 527
398 536
398 538
398 545
398 559
398 561
399 441
399 476
399 501
399 564
400 404
400 408
400 409
400 412
400 414
400 415
400 417
400 419
400 420
400 421
400 428
400 431
400 432
400 434
400 436
400 438
400 444
400 445
400 456
400 461
400 465
400 475
400 482
400 484
400 487
400 488
400 492
400 493
400 497
400 500
400 503
400 506
400 511
400 512
400 513
400 514
400 515
400 517
400 524
400 525
400 537
400 538
400 539
400 542
400 544
400 553
400 556
400 559
400 561
400 566
400 567
400 580
400 591
400 601
400 606
400 614
400 637
400 641
400 651
400 669
400 676
400 683
402 412
402 413
402 415
402 417
402 421
402 422
402 425
402 428
402 432
402 436
402 438
402 444
402 451
402 458
402 460
402 463
402 465
402 475
402 482
402 493
402 495
402 497
402 500
402 506
402 507
402 508
402 513
402 514
402 515
402 517
402 520
402 523
402 524
402 542
402 543
402 544
402 545
402 553
402 558
402 559
402 561
402 563
402 566
402 567
402 570
403 452
403 458
403 470
403 475
403 489
403 497
403 510
403 515
403 519
403 546
403 547
403 553
403 555
404 408
404 409
404 415
404 419
404 421
404 428
404 431
404 440
404 444
404 445
404 452
404 456
404 462
404 465
404 479
404 482
404 483
404 484
404 487
404 493
404 494
404 496
404 500
404 503
404 506
404 511
404 512
404 515
404 525
404 526
404 536
404 537
404 538
404 542
404 545
404 556
404 559
404 560
404 561
404 566
405 418
405 428
405 478
405 513
405 531
405 563
405 568
406 437
406 532
407 426
407 433
407 455
407 458
407 490
407 504
407 510
407 513
407 528
407 533
407 543
407 563
408 409
408 412
408 417
408 419
408 428
408 430
408 431
408 438
408 439
408 440
408 444
408 445
408 456
408 461
408 465
408 473
408 479
408 483
408 484
408 487
408 488
408 493
408 500
408 503
408 511
408 512
408 513
408 514
408 517
408 520
408 524
408 525
408 526
408 536
408 537
408 538
408 545
408 556
408 559
408 560
408 561
409 412
409 419
409 431
409 456
409 460
409 462
409 479
409 487
409 492
409 493
409 494
409 497
409 500
409 503
409 512
409 515
409 517
409 521
409 525
409 526
409 536
409 538
409 542
409 561
410 463
410 474
410 475
410 500
410 547
410 548
410 555
410 557
410 568
411 498
412 414
412 416
412 417
412 418
412 422
412 423
412 428
412 430
412 431
412 432
412 434
412 436
412 438
412 442
412 452
412 455
412 456
412 460
412 461
412 473
412 481
412 482
412 483
412 484
412 487
412 488
412 492
412 493
412 494
412 496
412 500
412 503
412 504
412 506
412 507
412 512
412 513
412 515
412 517
412 520
412 523
412 524
412 525
412 526
412 527
412 528
412 529
412 533
412 537
412 538
412 542
412 544
412 547
412 548
412 549
412 555
412 558
412 559
412 560
412 561
412 565
412 566
412 567
412 569
412 580
412 591
412 593
412 604
412 609
412 614
412 645
412 669
412 676
412 683
413 415
413 445
413 448
413 460
413 461
413 463
413 465
413 473
413 535
413 542
414 422
414 423
414 427
414 428
414 431
414 434
414 436
414 438
414 461
414 465
414 475
414 480
414 483
414 492
414 496
414 500
414 506
414 513
414 514
414 515
414 524
414 542
414 544
414 553
414 556
414 558
414 559
414 561
414 563
414 566
414 567
414 573
414 574
414 575
414 579
414 580
414 581
414 584
414 585
414 586
414 587
414 588
414 589
414 590
414 591
414 592
414 593
414 597
414 598
414 601
414 602
414 603
414 604
414 605
414 606
414 607
414 608
414 609
414 610
414 611
414 612
414 613
414 614
414 616
414 617
414 618
414 619
414 620
414 621
414 622
414 623
414 624
414 625
414 626
414 629
414 630
414 631
414 633
414 634
414 636
414 637
414 638
414 639
414 641
414 642
414 644
414 645
414 646
414 648
414 649
414 651
414 652
414 653
414 654
414 655
414 656
414 657
414 660
414 663
414 664
414 666
414 667
414 668
414 669
414 671
414 672
414 673
414 674
414 676
414 677
414 678
414 679
414 680
414 682
414 683
414 684
414 685
415 421
415 428
415 444
415 445
415 460
415 463
415 465
415 473
415 495
415 520
415 535
415 542
415 545
415 556
415 558
415 563
416 417
416 419
416 430
416 432
416 465
416 483
416 493
416 494
416 497
416 500
416 503
416 537
416 557
416 563
416 567
416 569
417 421
417 428
417 431
417 438
417 444
417 445
417 456
417 460
417 461
417 465
417 475
417 479
417 483
417 492
417 493
417 495
417 497
417 500
417 503
417 506
417 507
417 508
417 511
417 513
417 514
417 515
417 517
417 520
417 523
417 524
417 527
417 537
417 538
417 542
417 544
417 545
417 553
417 556
417 559
417 560
417 561
417 566
417 567
417 570
418 432
418 463
418 465
418 475
418 481
418 497
418 504
418 506
418 510
418 514
418 523
418 544
418 547
418 553
418 555
418 557
418 568
419 422
419 423
419 424
419 428
419 430
419 431
419 440
419 452
419 456
419 469
419 471
419 475
419 483
419 484
419 486
419 487
419 488
419 492
419 493
419 503
419 505
419 513
419 516
419 517
419 518
419 525
419 526
419 527
419 536
419 537
419 538
419 540
419 544
419 551
419 559
419 561
419 565
419 567
420 430
420 432
420 439
420 451
420 465
420 471
420 483
420 484
420 506
420 507
420 513
420 514
420 524
420 537
420 553
420 556
420 563
420 566
420 567
420 569
420 936
420 1237
420 1673
420 1692
421 444
421 445
421 455
421 457
421 465
421 487
421 493
421 500
421 504
421 543
421 545
421 558
421 563
421 570
422 432
422 438
422 444
422 449
422 455
422 460
422 474
422 481
422 483
422 489
422 497
422 504
422 520
422 523
422 545
422 546
422 547
422 553
422 555
422 561
422 570
422 579
422 584
422 592
422 593
422 597
422 601
422 604
422 609
422 614
422 617
422 618
422 619
422 620
422 630
422 631
422 636
422 644
422 653
422 654
422 655
422 657
422 663
422 678
422 680
422 682
422 685
423 425
423 428
423 430
423 431
423 436
423 444
423 456
423 461
423 465
423 473
423 475
423 484
423 492
423 497
423 500
423 503
423 506
423 513
423 517
423 523
423 524
423 525
423 527
423 537
423 538
423 553
423 556
423 558
423 559
423 560
423 561
423 567
423 586
423 587
423 591
423 604
423 606
423 614
423 634
423 637
423 645
423 646
423 651
423 669
423 683
424 435
424 457
424 469
424 486
424 505
424 509
424 516
424 518
424 551
424 554
425 427
425 428
425 434
425 439
425 456
425 460
425 477
425 479
425 520
425 523
425 534
425 553
425 563
425 570
426 431
426 455
426 471
426 504
426 510
426 513
426 524
426 525
426 531
426 544
426 546
426 563
427 428
427 464
427 496
427 549
427 563
428 430
428 431
428 432
428 434
428 436
428 438
428 444
428 451
428 452
428 456
428 460
428 461
428 463
428 465
428 473
428 475
428 479
428 482
428 484
428 492
428 497
428 500
428 506
428 507
428 508
428 511
428 512
428 513
428 514
428 515
428 517
428 520
428 523
428 524
428 525
428 526
428 542
428 544
428 545
428 549
428 553
428 558
428 559
428 561
428 563
428 567
428 570
428 591
428 601
428 604
428 606
428 609
428 614
428 641
428 651
428 667
428 669
428 676
428 683
428 915
428 930
428 962
428 1114
428 1179
428 1210
428 1237
428 1300
428 1313
428 1320
428 1358
428 1374
428 1408
428 1425
428 1446
428 1512
428 1545
428 1549
428 1574
428 1692
428 1740
428 1777
428 1778
429 455
429 466
429 481
429 504
429 522
429 529
429 531
429 539
430 432
430 439
430 451
430 456
430 465
430 469
430 471
430 483
430 484
430 493
430 497
430 503
430 514
430 525
430 526
430 537
430 541
430 553
430 559
430 561
430 563
430 566
430 569
431 432
431 434
431 436
431 438
431 440
431 456
431 462
431 465
431 471
431 472
431 475
431 479
431 482
431 483
431 484
431 487
431 492
431 493
431 497
431 500
431 503
431 506
431 507
431 511
431 512
431 513
431 514
431 515
431 517
431 525
431 527
431 536
431 537
431 538
431 545
431 556
431 559
431 561
431 563
431 566
431 606
431 614
431 651
431 669
431 683
432 438
432 439
432 444
432 451
432 452
432 455
432 456
432 460
432 465
432 471
432 475
432 482
432 483
432 497
432 504
432 506
432 507
432 510
432 513
432 514
432 521
432 525
432 527
432 541
432 544
432 545
432 546
432 553
432 555
432 557
432 559
432 561
432 563
432 566
432 569
432 570
432 571
433 455
433 504
433 510
433 528
433 533
433 563
434 436
434 456
434 458
434 475
434 478
434 488
434 490
434 492
434 496
434 497
434 506
434 515
434 517
434 523
434 534
434 559
434 563
434 566
434 580
434 591
434 604
435 459
435 497
435 518
435 551
435 555
435 563
436 438
436 461
436 465
436 475
436 478
436 483
436 484
436 488
436 492
436 496
436 497
436 506
436 507
436 511
436 513
436 517
436 523
436 524
436 525
436 527
436 542
436 553
436 556
436 559
436 561
436 563
436 566
436 580
436 591
436 604
436 606
436 634
436 637
436 646
436 651
436 652
436 669
436 673
436 683
437 453
437 462
437 463
437 467
437 498
437 499
437 532
437 572
438 444
438 446
438 452
438 456
438 460
438 461
438 465
438 473
438 475
438 483
438 488
438 492
438 493
438 495
438 496
438 497
438 500
438 503
438 506
438 507
438 511
438 513
438 514
438 517
438 520
438 521
438 523
438 524
438 525
438 546
438 548
438 553
438 556
438 559
438 561
438 563
438 566
438 591
438 604
438 606
438 614
438 634
438 645
438 651
438 669
438 676
438 683
439 442
439 444
439 445
439 451
439 456
439 458
439 461
439 465
439 471
439 473
439 475
439 477
439 487
439 500
439 506
439 507
439 513
439 514
439 517
439 520
439 523
439 525
439 527
439 538
439 542
439 544
439 553
439 561
439 563
439 566
439 567
439 570
440 449
440 456
440 479
440 484
440 493
440 496
440 508
440 525
440 538
441 476
441 501
441 564
442 460
442 475
442 523
442 531
442 544
442 563
443 453
444 445
444 449
444 460
444 473
444 475
444 483
444 487
444 488
444 495
444 500
444 503
444 504
444 506
444 507
444 513
444 517
444 520
444 523
444 531
444 538
444 544
444 545
444 556
444 559
444 570
445 460
445 463
445 465
445 473
445 487
445 492
445 493
445 495
445 500
445 520
445 535
445 542
445 556
445 560
446 475
446 482
446 483
446 487
446 490
446 491
446 492
446 515
446 517
446 539
446 548
448 460
449 480
449 504
449 507
449 543
449 563
450 452
450 463
450 474
450 475
450 481
450 489
450 497
450 500
450 519
450 531
450 539
450 547
450 548
450 557
451 465
451 471
451 493
451 503
451 506
451 507
451 513
451 514
451 544
451 553
451 556
451 561
451 563
451 567
451 569
452 460
452 463
452 465
452 470
452 475
452 489
452 497
452 500
452 506
452 507
452 510
452 513
452 519
452 521
452 531
452 544
452 546
452 547
452 553
452 555
452 557
452 559
452 566
453 468
453 498
454 564
455 466
455 497
455 500
455 504
455 506
455 510
455 522
455 528
455 529
455 531
455 539
455 541
455 543
455 546
455 553
455 557
455 561
455 563
455 565
455 568
455 569
456 460
456 462
456 465
456 473
456 479
456 484
456 493
456 494
456 495
456 496
456 497
456 503
456 506
456 511
456 512
456 513
456 517
456 520
456 523
456 524
456 525
456 527
456 537
456 538
456 545
456 553
456 559
456 561
456 563
456 566
456 567
457 459
457 469
457 477
457 486
457 505
457 509
457 516
457 518
457 551
457 554
457 563
458 469
458 470
458 475
458 482
458 489
458 490
458 496
458 497
458 507
458 510
458 514
458 515
458 545
458 553
458 555
459 486
459 516
459 518
459 551
459 563
460 461
460 463
460 465
460 473
460 475
460 479
460 482
460 492
460 495
460 497
460 506
460 507
460 508
460 514
460 515
460 517
460 520
460 521
460 523
460 524
460 535
460 542
460 543
460 544
460 545
460 547
460 553
460 558
460 559
460 560
460 563
460 566
460 567
460 570
461 463
461 465
461 471
461 475
461 483
461 492
461 497
461 506
461 507
461 513
461 517
461 520
461 523
461 524
461 525
461 527
461 542
461 544
461 548
461 553
461 559
461 561
461 567
461 590
461 591
461 606
461 645
461 653
461 669
461 683
462 487
462 493
462 494
462 512
462 517
462 525
462 532
462 536
462 538
463 473
463 475
463 481
463 483
463 489
463 500
463 504
463 507
463 517
463 519
463 524
463 531
463 535
463 542
463 547
463 555
463 557
463 560
463 570
464 552
465 471
465 473
465 475
465 483
465 484
465 487
465 493
465 495
465 500
465 503
465 506
465 507
465 511
465 513
465 515
465 517
465 524
465 525
465 526
465 535
465 537
465 538
465 542
465 544
465 556
465 557
465 558
465 559
465 561
465 566
465 567
465 569
465 570
465 580
465 591
465 601
465 604
465 614
465 669
465 676
465 683
466 481
466 504
466 522
466 529
466 531
466 539
467 532
467 572
469 486
469 497
469 505
469 516
469 518
469 540
469 551
469 553
469 554
469 563
470 507
470 519
470 531
470 547
470 555
470 562
471 475
471 507
471 513
471 514
471 515
471 524
471 537
471 553
471 559
471 561
471 563
471 566
471 567
471 569
472 533
472 567
473 479
473 483
473 495
473 503
473 515
473 525
473 527
473 535
473 539
473 542
473 556
473 560
473 561
474 475
474 481
474 489
474 500
474 531
474 546
474 547
474 548
474 557
475 481
475 482
475 483
475 484
475 487
475 488
475 489
475 490
475 491
475 492
475 496
475 497
475 500
475 502
475 506
475 507
475 513
475 514
475 515
475 517
475 519
475 521
475 523
475 524
475 525
475 527
475 531
475 542
475 544
475 545
475 546
475 547
475 548
475 553
475 555
475 556
475 557
475 559
475 561
475 563
475 565
475 566
475 567
475 580
475 591
475 604
475 606
475 641
475 651
475 676
475 930
475 1122
475 1155
475 1179
475 1237
475 1300
475 1313
475 1320
475 1332
475 1358
475 1374
475 1425
475 1427
475 1514
475 1545
475 1549
475 1645
475 1673
475 1692
475 1767
475 1844
475 1882
476 501
477 485
477 516
477 518
477 554
477 563
478 496
478 508
478 534
479 483
479 484
479 492
479 493
479 503
479 511
479 512
479 513
479 515
479 517
479 520
479 525
479 527
479 536
479 538
479 542
479 545
479 559
479 561
480 540
480 543
480 563
480 593
481 489
481 504
481 519
481 522
481 531
481 539
481 547
481 555
482 483
482 484
482 496
482 497
482 506
482 507
482 515
482 517
482 525
482 548
482 553
482 556
482 565
483 484
483 487
483 492
483 493
483 494
483 496
483 497
483 500
483 503
483 506
483 507
483 513
483 514
483 515
483 517
483 520
483 524
483 525
483 526
483 527
483 535
483 537
483 538
483 542
483 544
483 553
483 557
483 559
483 560
483 561
483 563
483 566
483 567
483 580
483 591
483 601
483 604
483 606
483 614
483 637
483 639
483 641
483 651
483 669
483 671
483 930
483 936
483 948
483 962
483 976
483 1001
483 1012
483 1025
483 1080
483 1095
483 1113
483 1114
483 1122
483 1142
483 1155
483 1179
483 1210
483 1237
483 1294
483 1300
483 1313
483 1318
483 1320
483 1332
483 1349
483 1357
483 1358
483 1374
483 1397
483 1400
483 1408
483 1425
483 1427
483 1446
483 1455
483 1464
483 1487
483 1490
483 1512
483 1514
483 1543
483 1545
483 1565
483 1574
483 1606
483 1616
483 1625
483 1631
483 1645
483 1654
483 1660
483 1673
483 1677
483 1679
483 1692
483 1694
483 1695
483 1740
483 1744
483 1763
483 1766
483 1767
483 1773
483 1778
483 1790
483 1801
483 1844
483 1870
483 1878
483 1881
483 1882
484 493
484 494
484 497
484 500
484 503
484 506
484 511
484 513
484 514
484 515
484 517
484 520
484 525
484 526
484 527
484 536
484 537
484 538
484 544
484 559
484 560
484 566
484 567
484 580
484 606
484 637
484 651
484 936
484 1001
484 1080
484 1095
484 1114
484 1122
484 1155
484 1179
484 1223
484 1237
484 1300
484 1313
484 1320
484 1349
484 1357
484 1358
484 1374
484 1397
484 1408
484 1422
484 1487
484 1506
484 1512
484 1514
484 1543
484 1545
484 1574
484 1616
484 1645
484 1673
484 1677
484 1692
484 1694
484 1740
484 1778
484 1882
485 518
485 563
486 505
486 509
486 516
486 551
486 554
487 492
487 493
487 500
487 503
487 513
487 525
487 538
487 556
487 559
488 496
488 497
488 511
488 512
488 513
488 517
488 524
488 527
488 553
488 556
488 559
489 519
489 531
489 535
489 546
489 547
489 555
489 557
490 491
490 502
490 523
490 548
491 502
491 548
492 495
492 497
492 500
492 503
492 506
492 513
492 514
492 515
492 517
492 524
492 537
492 538
492 542
492 544
492 553
492 559
492 560
492 561
492 566
492 567
492 580
492 591
492 604
492 606
492 614
492 637
492 641
492 651
492 669
492 676
493 494
493 497
493 500
493 503
493 507
493 511
493 512
493 514
493 517
493 525
493 526
493 536
493 537
493 538
493 539
493 545
493 556
493 557
493 559
493 560
493 561
493 566
494 497
494 503
494 517
494 526
494 536
494 537
494 538
494 559
494 561
495 507
495 514
495 520
495 542
495 544
495 558
495 570
496 497
496 506
496 507
496 508
496 513
496 514
496 515
496 517
496 523
496 553
496 565
496 566
496 580
496 591
496 637
496 641
496 669
497 500
497 503
497 506
497 507
497 510
497 513
497 515
497 517
497 520
497 523
497 524
497 525
497 526
497 527
497 537
497 538
497 542
497 544
497 545
497 546
497 555
497 557
497 559
497 560
497 561
497 565
497 566
497 567
497 570
498 532
499 532
500 503
500 506
500 507
500 513
500 514
500 517
500 519
500 520
500 521
500 524
500 525
500 527
500 531
500 537
500 538
500 542
500 546
500 547
500 548
500 553
500 555
500 556
500 557
500 560
500 563
500 565
500 566
500 580
500 591
500 601
500 604
500 614
500 637
500 645
500 651
500 683
501 564
502 539
502 548
503 511
503 513
503 514
503 517
503 524
503 525
503 526
503 527
503 537
503 538
503 539
503 542
503 553
503 556
503 557
503 559
503 560
503 561
503 566
503 567
504 506
504 507
504 510
504 513
504 514
504 521
504 522
504 528
504 529
504 531
504 539
504 541
504 543
504 544
504 546
504 547
504 548
504 553
504 555
504 562
504 563
504 570
504 571
505 509
505 516
505 551
505 554
506 507
506 508
506 513
506 514
506 517
506 519
506 520
506 521
506 523
506 524
506 525
506 527
506 537
506 544
506 545
506 553
506 557
506 559
506 561
506 563
506 566
506 591
506 604
506 606
506 610
506 645
507 510
507 513
507 514
507 515
507 517
507 520
507 523
507 524
507 525
507 526
507 544
507 545
507 553
507 556
507 557
507 559
507 561
507 563
507 565
507 566
507 570
508 520
508 534
508 541
508 542
508 544
508 563
509 516
509 518
509 551
509 554
510 513
510 521
510 528
510 533
510 553
510 555
510 563
511 512
511 517
511 525
511 536
511 538
511 545
511 556
511 559
511 561
511 566
512 513
512 515
512 517
512 525
512 526
512 536
512 538
512 545
512 556
512 560
512 561
513 514
513 515
513 517
513 520
513 523
513 524
513 525
513 527
513 537
513 542
513 544
513 553
513 557
513 559
513 561
513 563
513 566
513 567
513 580
513 591
513 601
513 604
513 606
513 610
513 614
513 634
513 637
513 641
513 645
513 646
513 651
513 669
513 683
514 517
514 520
514 524
514 525
514 527
514 537
514 538
514 541
514 544
514 548
514 559
514 561
514 566
514 569
514 570
514 580
514 614
514 669
514 683
515 517
515 519
515 524
515 525
515 527
515 545
515 548
515 553
515 555
515 557
515 559
515 566
515 580
515 591
515 614
515 620
515 637
515 641
515 654
516 518
516 551
516 554
516 563
517 520
517 524
517 525
517 526
517 527
517 536
517 537
517 538
517 544
517 545
517 553
517 556
517 559
517 561
517 566
517 580
517 601
517 606
517 637
517 651
517 905
517 936
517 976
517 1025
517 1095
517 1114
517 1179
517 1237
517 1313
517 1320
517 1358
517 1374
517 1446
517 1487
517 1512
517 1514
517 1543
517 1574
517 1616
517 1645
517 1677
517 1692
517 1694
517 1778
517 1870
518 551
518 554
518 563
519 531
519 546
519 547
519 548
519 555
519 557
520 523
520 524
520 527
520 542
520 544
520 545
520 553
520 561
520 563
520 567
520 570
521 544
522 529
522 531
522 539
522 546
522 568
523 524
523 534
523 544
523 545
523 553
523 561
523 563
523 570
524 525
524 527
524 542
524 544
524 553
524 559
524 561
524 565
524 566
524 567
524 590
524 591
524 606
524 614
524 637
524 651
524 683
525 526
525 527
525 536
525 537
525 538
525 542
525 544
525 545
525 548
525 559
525 561
525 563
525 566
525 567
526 538
526 553
526 559
526 561
526 566
526 606
526 637
526 651
526 1012
526 1114
526 1179
526 1237
526 1320
526 1357
526 1358
526 1487
526 1574
526 1616
526 1740
526 1778
526 1882
527 538
527 542
527 553
527 559
527 561
527 567
528 543
528 553
528 563
529 531
529 539
531 539
531 543
531 546
531 547
531 555
531 557
531 563
531 568
531 570
532 572
534 563
536 538
536 545
536 561
537 538
537 545
537 559
537 560
537 561
537 566
537 567
537 569
538 542
538 545
538 559
538 560
538 561
538 566
538 580
538 606
538 637
538 651
538 948
538 1025
538 1080
538 1114
538 1122
538 1179
538 1223
538 1237
538 1313
538 1320
538 1349
538 1358
538 1374
538 1400
538 1408
538 1487
538 1543
538 1545
538 1565
538 1574
538 1677
538 1679
538 1692
538 1695
538 1763
538 1767
538 1778
538 1870
538 1878
539 560
539 568
540 559
540 560
541 563
541 568
542 553
542 556
542 559
542 560
542 561
542 567
542 580
542 591
542 606
542 683
543 545
543 546
543 558
543 563
543 570
544 545
544 553
544 556
544 557
544 559
544 561
544 563
544 566
544 570
544 580
544 604
544 645
544 669
544 676
544 683
545 553
545 558
545 559
545 561
545 563
545 566
545 570
546 547
546 555
546 557
546 563
547 548
547 555
547 557
548 555
548 556
549 563
551 554
553 555
553 556
553 558
553 559
553 560
553 561
553 565
553 566
553 567
553 569
553 570
553 591
553 609
553 614
553 620
553 634
553 644
553 645
553 666
553 669
553 683
554 563
555 557
556 559
556 563
556 614
556 652
556 673
556 676
556 683
557 570
558 570
558 604
559 561
559 566
559 567
559 580
559 591
559 604
559 606
559 614
559 637
559 651
559 669
559 676
559 683
560 561
560 565
561 565
561 566
561 567
561 580
561 591
561 604
561 606
561 651
561 669
561 683
563 566
563 567
563 569
563 604
563 634
563 645
563 1574
563 1777
563 1808
563 1967
566 567
566 580
566 591
566 593
566 637
566 651
566 676
566 936
566 1155
566 1237
566 1313
566 1320
566 1358
566 1512
566 1574
566 1673
566 1692
566 1740
566 1844
567 580
567 590
567 591
567 604
567 610
567 645
567 646
567 651
567 683
573 575
573 579
573 588
573 589
573 592
573 597
573 598
573 603
573 605
573 609
573 611
573 617
573 618
573 619
573 622
573 623
573 625
573 626
573 630
573 633
573 636
573 644
573 653
573 654
573 664
573 666
573 672
573 677
573 680
573 684
573 685
574 579
574 584
574 616
574 621
574 630
574 631
574 663
574 678
575 579
575 589
575 592
575 612
575 617
575 630
575 654
575 664
575 680
575 685
579 588
579 589
579 590
579 592
579 597
579 598
579 603
579 605
579 609
579 611
579 612
579 616
579 617
579 619
579 620
579 621
579 622
579 623
579 625
579 626
579 630
579 633
579 636
579 639
579 644
579 653
579 654
579 663
579 664
579 666
579 677
579 680
579 684
579 685
580 591
580 601
580 606
580 637
580 641
580 656
580 930
580 931
580 936
580 976
580 1025
580 1080
580 1095
580 1113
580 1122
580 1142
580 1155
580 1179
580 1210
580 1237
580 1294
580 1300
580 1313
580 1318
580 1320
580 1332
580 1349
580 1358
580 1374
580 1427
580 1446
580 1514
580 1543
580 1565
580 1574
580 1606
580 1616
580 1645
580 1673
580 1677
580 1679
580 1692
580 1694
580 1740
580 1743
580 1744
580 1790
580 1844
580 1853
580 1870
580 1878
580 1881
580 1882
581 642
584 592
584 616
584 618
584 630
584 631
584 637
584 639
584 660
584 678
584 679
584 682
586 587
586 634
586 645
586 646
587 591
587 634
587 645
587 646
587 651
588 592
588 617
588 618
588 619
588 633
588 644
588 653
588 654
588 678
588 682
588 685
589 592
589 597
589 603
589 605
589 609
589 611
589 617
589 620
589 622
589 623
589 625
589 636
589 654
589 664
589 677
589 684
590 591
590 609
590 612
590 617
590 623
590 633
590 644
590 680
591 604
591 606
591 634
591 637
591 641
591 645
591 646
591 651
591 669
591 683
592 597
592 598
592 603
592 605
592 609
592 611
592 612
592 616
592 617
592 618
592 619
592 620
592 621
592 622
592 623
592 625
592 626
592 630
592 633
592 636
592 644
592 653
592 654
592 655
592 664
592 666
592 672
592 677
592 678
592 680
592 682
592 684
592 685
597 603
597 609
597 611
597 618
597 619
597 623
597 625
597 630
597 633
597 636
597 644
597 653
597 654
597 677
597 680
597 684
598 605
598 609
598 618
598 619
598 625
598 630
598 636
598 653
598 654
598 677
598 680
598 684
601 609
601 629
601 630
601 637
601 644
601 976
601 1122
601 1349
601 1512
601 1645
601 1679
603 605
603 609
603 611
603 612
603 619
603 623
603 625
603 644
603 654
603 677
603 680
603 684
604 606
604 637
604 645
604 651
604 669
604 671
604 676
605 609
605 617
605 619
605 626
605 630
605 644
605 653
605 654
605 677
605 678
605 680
606 614
606 641
606 645
606 669
606 905
606 915
606 936
606 1001
606 1012
606 1113
606 1122
606 1179
606 1210
606 1300
606 1313
606 1318
606 1320
606 1349
606 1357
606 1358
606 1374
606 1487
606 1490
606 1512
606 1514
606 1565
606 1574
606 1606
606 1616
606 1645
606 1671
606 1673
606 1677
606 1692
606 1744
606 1766
606 1767
606 1778
606 1882
609 612
609 617
609 619
609 620
609 623
609 626
609 630
609 636
609 644
609 653
609 654
609 664
609 666
609 680
611 618
611 625
611 636
611 653
611 654
611 664
611 677
611 680
611 684
612 617
612 619
612 630
612 636
612 654
612 664
612 678
612 680
614 637
614 645
614 669
614 676
614 683
616 618
616 621
616 622
616 623
616 625
616 630
616 631
616 639
616 657
616 660
616 663
616 678
616 684
617 619
617 620
617 625
617 626
617 630
617 644
617 648
617 654
617 664
617 666
617 677
617 680
617 685
618 619
618 630
618 631
618 633
618 636
618 653
618 666
618 678
618 679
618 680
618 682
618 684
618 685
619 623
619 625
619 630
619 633
619 636
619 644
619 653
619 654
619 677
619 678
619 684
619 685
620 630
620 636
620 644
620 653
620 654
620 666
620 672
620 678
621 622
621 663
622 623
622 625
622 639
622 663
622 678
622 684
623 625
623 636
623 654
623 677
623 684
625 630
625 633
625 644
625 653
625 654
625 677
625 684
626 630
626 644
626 654
626 657
626 664
626 677
626 680
629 630
629 637
629 641
629 1223
629 1400
629 1679
630 631
630 636
630 641
630 644
630 653
630 655
630 657
630 663
630 664
630 666
630 672
630 678
630 682
630 684
630 685
631 639
631 678
631 679
631 682
633 636
633 644
633 653
633 666
633 680
634 645
634 646
634 651
636 644
636 653
636 666
636 677
636 678
636 680
636 684
636 685
637 639
637 641
637 645
637 669
637 678
637 679
637 936
637 1001
637 1012
637 1025
637 1080
637 1113
637 1142
637 1155
637 1179
637 1300
637 1313
637 1318
637 1320
637 1332
637 1358
637 1374
637 1427
637 1464
637 1487
637 1512
637 1526
637 1543
637 1545
637 1574
637 1606
637 1616
637 1645
637 1671
637 1673
637 1677
637 1679
637 1692
637 1694
637 1744
637 1766
637 1778
637 1790
637 1808
637 1853
637 1882
637 1901
639 678
639 682
641 651
641 915
641 930
641 962
641 1113
641 1114
641 1122
641 1179
641 1210
641 1237
641 1300
641 1313
641 1318
641 1320
641 1332
641 1358
641 1374
641 1400
641 1425
641 1446
641 1549
641 1565
641 1574
641 1606
641 1616
641 1625
641 1671
641 1744
641 1763
641 1766
641 1767
641 1778
641 1844
641 1881
641 1882
644 654
644 664
644 666
644 680
645 646
645 651
645 669
645 671
645 683
646 651
649 1694
651 683
651 905
651 936
651 1001
651 1012
651 1080
651 1113
651 1122
651 1179
651 1223
651 1318
651 1320
651 1357
651 1358
651 1374
651 1408
651 1487
651 1512
651 1526
651 1545
651 1565
651 1574
651 1606
651 1645
651 1673
651 1679
651 1692
651 1744
651 1763
651 1767
651 1778
651 1882
653 654
653 664
653 666
653 672
653 677
653 678
653 680
653 685
654 664
654 666
654 672
654 677
654 678
654 680
654 683
654 684
654 685
655 657
657 682
664 666
664 685
666 680
669 671
672 678
676 683
677 680
677 682
677 684
678 679
678 682
678 685
679 682
680 684
680 685
905 1001
905 1095
905 1114
905 1237
905 1263
905 1408
905 1422
905 1487
905 1692
910 912
910 1657
910 1776
910 1808
912 1122
912 1357
912 1422
912 1657
912 1776
912 1808
915 930
915 948
915 962
915 1142
915 1155
915 1294
915 1408
915 1425
915 1427
915 1446
915 1487
915 1545
915 1549
915 1565
915 1574
915 1602
915 1625
915 1671
915 1673
915 1763
915 1766
915 1778
915 1790
915 1801
915 1844
915 1881
930 948
930 962
930 976
930 1080
930 1113
930 1122
930 1142
930 1155
930 1210
930 1294
930 1318
930 1332
930 1349
930 1358
930 1374
930 1400
930 1408
930 1425
930 1427
930 1446
930 1464
930 1514
930 1526
930 1549
930 1565
930 1574
930 1616
930 1625
930 1645
930 1660
930 1671
930 1679
930 1694
930 1695
930 1763
930 1766
930 1773
930 1801
930 1844
930 1870
930 1878
930 1881
930 1882
931 939
931 1064
931 1212
931 1566
931 1645
931 1671
931 1694
931 1743
931 1829
931 1910
936 1001
936 1012
936 1114
936 1122
936 1155
936 1179
936 1223
936 1237
936 1300
936 1320
936 1358
936 1374
936 1506
936 1512
936 1574
936 1606
936 1616
936 1645
936 1673
936 1677
936 1740
936 1767
936 1870
936 1882
939 1064
939 1154
939 1212
939 1342
939 1356
939 1425
939 1478
939 1545
939 1566
939 1829
939 1910
948 1012
948 1025
948 1080
948 1113
948 1142
948 1237
948 1313
948 1318
948 1320
948 1332
948 1358
948 1427
948 1446
948 1464
948 1487
948 1526
948 1543
948 1549
948 1565
948 1574
948 1625
948 1660
948 1677
948 1695
948 1763
948 1766
948 1773
948 1801
948 1844
948 1870
948 1878
948 1881
962 1064
962 1095
962 1142
962 1210
962 1212
962 1234
962 1294
962 1425
962 1487
962 1545
962 1549
962 1574
962 1671
962 1677
962 1743
962 1778
962 1844
962 1910
976 1122
976 1349
976 1358
976 1374
976 1514
976 1574
976 1616
976 1645
976 1677
976 1679
976 1692
976 1743
976 1801
976 1878
976 1882
1001 1080
1001 1095
1001 1114
1001 1155
1001 1179
1001 1237
1001 1349
1001 1357
1001 1358
1001 1374
1001 1397
1001 1422
1001 1427
1001 1487
1001 1506
1001 1512
1001 1543
1001 1616
1001 1673
1001 1692
1001 1740
1001 1767
1001 1844
1012 1113
1012 1114
1012 1155
1012 1223
1012 1237
1012 1318
1012 1320
1012 1358
1012 1400
1012 1616
1012 1692
1012 1778
1012 1844
1012 1881
1012 1882
1025 1080
1025 1113
1025 1237
1025 1332
1025 1427
1025 1464
1025 1487
1025 1526
1025 1545
1025 1696
1025 1844
1025 1853
1025 1901
1064 1094
1064 1212
1064 1234
1064 1342
1064 1356
1064 1372
1064 1443
1064 1478
1064 1566
1064 1671
1064 1694
1064 1743
1064 1829
1064 1901
1064 1910
1080 1095
1080 1113
1080 1122
1080 1142
1080 1155
1080 1210
1080 1237
1080 1294
1080 1318
1080 1332
1080 1349
1080 1358
1080 1427
1080 1446
1080 1464
1080 1487
1080 1514
1080 1526
1080 1543
1080 1545
1080 1565
1080 1616
1080 1645
1080 1660
1080 1673
1080 1677
1080 1695
1080 1763
1080 1766
1080 1767
1080 1790
1080 1801
1080 1844
1080 1853
1080 1870
1080 1878
1080 1881
1080 1882
1094 1154
1094 1349
1094 1356
1094 1543
1094 1545
1094 1910
1095 1113
1095 1210
1095 1294
1095 1300
1095 1320
1095 1357
1095 1397
1095 1422
1095 1487
1095 1692
1113 1122
1113 1142
1113 1210
1113 1237
1113 1294
1113 1318
1113 1320
1113 1332
1113 1358
1113 1427
1113 1446
1113 1464
1113 1549
1113 1565
1113 1602
1113 1606
1113 1625
1113 1645
1113 1660
1113 1695
1113 1740
1113 1744
1113 1763
1113 1766
1113 1767
1113 1773
1113 1844
1113 1870
1113 1878
1113 1881
1113 1882
1114 1155
1114 1179
1114 1210
1114 1223
1114 1263
1114 1300
1114 1320
1114 1357
1114 1358
1114 1408
1114 1422
1114 1487
1114 1512
1114 1543
1114 1574
1114 1616
1114 1677
1114 1692
1114 1744
1114 1767
1114 1778
1114 1808
1114 1882
1122 1155
1122 1179
1122 1237
1122 1313
1122 1318
1122 1320
1122 1349
1122 1358
1122 1374
1122 1400
1122 1408
1122 1427
1122 1514
1122 1543
1122 1574
1122 1616
1122 1645
1122 1673
1122 1677
1122 1679
1122 1692
1122 1740
1122 1743
1122 1744
1122 1790
1122 1801
1122 1844
1122 1878
1122 1882
1142 1294
1142 1332
1142 1358
1142 1374
1142 1427
1142 1446
1142 1464
1142 1514
1142 1549
1142 1565
1142 1574
1142 1602
1142 1616
1142 1625
1142 1645
1142 1695
1142 1766
1142 1773
1142 1790
1142 1844
1142 1878
1142 1881
1154 1349
1154 1356
1154 1543
1155 1179
1155 1237
1155 1320
1155 1349
1155 1358
1155 1400
1155 1408
1155 1487
1155 1490
1155 1506
1155 1574
1155 1616
1155 1631
1155 1645
1155 1673
1155 1677
1155 1679
1155 1767
1155 1844
1155 1878
1155 1882
1162 1599
1162 1696
1162 1731
1162 1814
1162 1901
1179 1210
1179 1223
1179 1237
1179 1300
1179 1320
1179 1349
1179 1357
1179 1358
1179 1374
1179 1400
1179 1512
1179 1545
1179 1574
1179 1606
1179 1616
1179 1631
1179 1645
1179 1673
1179 1692
1179 1740
1179 1744
1179 1767
1179 1778
1179 1882
1210 1212
1210 1294
1210 1300
1210 1318
1210 1320
1210 1332
1210 1358
1210 1408
1210 1425
1210 1427
1210 1446
1210 1549
1210 1565
1210 1574
1210 1606
1210 1671
1210 1692
1210 1740
1210 1743
1210 1744
1210 1766
1210 1767
1210 1778
1210 1844
1212 1234
1212 1342
1212 1356
1212 1372
1212 1425
1212 1443
1212 1478
1212 1545
1212 1566
1212 1671
1212 1694
1212 1743
1212 1829
1212 1901
1212 1910
1223 1320
1223 1512
1223 1692
1223 1778
1234 1356
1234 1443
1234 1566
1234 1671
1234 1694
1234 1829
1234 1910
1237 1313
1237 1318
1237 1320
1237 1332
1237 1349
1237 1358
1237 1374
1237 1397
1237 1427
1237 1464
1237 1487
1237 1512
1237 1514
1237 1526
1237 1543
1237 1574
1237 1616
1237 1673
1237 1677
1237 1692
1237 1744
1237 1763
1237 1766
1237 1778
1237 1853
1237 1882
1294 1425
1294 1427
1294 1464
1294 1549
1294 1602
1294 1625
1294 1671
1294 1766
1294 1801
1294 1844
1300 1313
1300 1320
1300 1349
1300 1357
1300 1358
1300 1374
1300 1427
1300 1514
1300 1574
1300 1606
1300 1645
1300 1673
1300 1694
1300 1740
1300 1744
1313 1320
1313 1358
1313 1374
1313 1427
1313 1446
1313 1512
1313 1543
1313 1565
1313 1660
1313 1671
1313 1673
1313 1692
1313 1694
1313 1844
1313 1878
1318 1320
1318 1332
1318 1358
1318 1427
1318 1446
1318 1464
1318 1543
1318 1549
1318 1565
1318 1602
1318 1606
1318 1625
1318 1645
1318 1695
1318 1740
1318 1744
1318 1763
1318 1766
1318 1773
1318 1844
1318 1870
1318 1878
1318 1881
1318 1882
1320 1332
1320 1349
1320 1357
1320 1358
1320 1374
1320 1400
1320 1425
1320 1427
1320 1512
1320 1514
1320 1545
1320 1565
1320 1574
1320 1606
1320 1616
1320 1625
1320 1645
1320 1673
1320 1677
1320 1679
1320 1692
1320 1694
1320 1695
1320 1740
1320 1744
1320 1766
1320 1767
1320 1778
1320 1844
1320 1870
1320 1882
1332 1358
1332 1427
1332 1446
1332 1464
1332 1487
1332 1543
1332 1549
1332 1565
1332 1606
1332 1625
1332 1645
1332 1660
1332 1695
1332 1763
1332 1766
1332 1773
1332 1801
1332 1844
1332 1870
1332 1878
1332 1881
1332 1882
1332 1901
1342 1425
1342 1478
1342 1910
1349 1358
1349 1374
1349 1408
1349 1427
1349 1514
1349 1543
1349 1574
1349 1606
1349 1645
1349 1673
1349 1677
1349 1740
1349 1743
1349 1744
1349 1763
1349 1790
1349 1844
1349 1878
1349 1882
1356 1372
1356 1425
1356 1443
1356 1478
1356 1566
1356 1694
1356 1743
1356 1829
1356 1881
1356 1910
1357 1397
1357 1422
1357 1487
1357 1574
1357 1692
1357 1767
1357 1778
1358 1374
1358 1397
1358 1400
1358 1425
1358 1427
1358 1446
1358 1490
1358 1512
1358 1514
1358 1543
1358 1545
1358 1565
1358 1574
1358 1606
1358 1616
1358 1631
1358 1645
1358 1660
1358 1671
1358 1673
1358 1677
1358 1679
1358 1692
1358 1694
1358 1695
1358 1740
1358 1744
1358 1763
1358 1766
1358 1767
1358 1790
1358 1844
1358 1878
1358 1881
1358 1882
1372 1478
1372 1910
1374 1400
1374 1487
1374 1512
1374 1574
1374 1599
1374 1616
1374 1645
1374 1673
1374 1692
1374 1694
1374 1767
1374 1790
1374 1844
1397 1487
1397 1673
1397 1844
1397 1882
1400 1487
1400 1512
1400 1545
1400 1616
1400 1645
1400 1692
1400 1767
1408 1549
1408 1574
1408 1602
1408 1673
1408 1740
1408 1844
1408 1878
1408 1882
1422 1487
1422 1692
1422 1808
1425 1478
1425 1545
1425 1549
1425 1574
1425 1625
1425 1671
1425 1743
1425 1773
1425 1778
1425 1801
1425 1844
1427 1446
1427 1464
1427 1487
1427 1526
1427 1545
1427 1549
1427 1565
1427 1625
1427 1645
1427 1660
1427 1673
1427 1695
1427 1763
1427 1766
1427 1767
1427 1773
1427 1790
1427 1801
1427 1844
1427 1853
1427 1878
1427 1881
1427 1882
1430 1660
1443 1910
1446 1514
1446 1549
1446 1565
1446 1574
1446 1616
1446 1645
1446 1692
1446 1694
1446 1695
1446 1744
1446 1763
1446 1766
1446 1773
1446 1778
1446 1790
1446 1882
1455 1545
1455 1654
1464 1487
1464 1526
1464 1660
1464 1677
1464 1695
1464 1766
1464 1844
1464 1853
1464 1878
1478 1545
1478 1566
1478 1671
1478 1694
1478 1743
1478 1829
1478 1910
1487 1543
1487 1545
1487 1574
1487 1660
1487 1677
1487 1692
1487 1744
1487 1844
1487 1853
1487 1881
1487 1910
1490 1616
1490 1631
1490 1673
1506 1512
1506 1616
1512 1543
1512 1616
1512 1660
1512 1673
1512 1694
1512 1740
1512 1767
1512 1790
1512 1878
1514 1574
1514 1602
1514 1616
1514 1645
1514 1677
1514 1679
1514 1694
1514 1740
1514 1744
1514 1801
1514 1844
1514 1878
1514 1882
1526 1545
1526 1565
1526 1645
1526 1692
1526 1696
1526 1766
1526 1844
1526 1853
1526 1878
1543 1574
1543 1660
1543 1677
1543 1679
1543 1692
1543 1844
1543 1870
1543 1878
1543 1881
1545 1574
1545 1654
1545 1679
1545 1696
1545 1743
1545 1762
1545 1767
1545 1778
1545 1844
1545 1853
1545 1910
1549 1565
1549 1574
1549 1625
1549 1671
1549 1695
1549 1740
1549 1763
1549 1766
1549 1773
1549 1778
1549 1801
1549 1844
1565 1602
1565 1606
1565 1625
1565 1645
1565 1660
1565 1671
1565 1679
1565 1692
1565 1695
1565 1740
1565 1744
1565 1763
1565 1766
1565 1767
1565 1773
1565 1801
1565 1844
1565 1870
1565 1881
1565 1882
1566 1599
1566 1671
1566 1731
1566 1743
1566 1814
1566 1910
1574 1616
1574 1625
1574 1645
1574 1677
1574 1679
1574 1692
1574 1695
1574 1740
1574 1744
1574 1763
1574 1766
1574 1773
1574 1778
1574 1870
1574 1882
1599 1696
1599 1731
1599 1744
1599 1814
1599 1901
1602 1695
1602 1790
1602 1882
1606 1616
1606 1645
1606 1695
1606 1740
1606 1744
1606 1766
1606 1778
1606 1844
1606 1870
1606 1881
1606 1882
1616 1631
1616 1645
1616 1671
1616 1673
1616 1677
1616 1692
1616 1694
1616 1740
1616 1744
1616 1767
1616 1790
1616 1844
1616 1881
1616 1882
1625 1660
1625 1695
1625 1763
1625 1766
1625 1773
1625 1801
1625 1844
1625 1878
1631 1673
1645 1677
1645 1679
1645 1692
1645 1694
1645 1740
1645 1743
1645 1744
1645 1763
1645 1766
1645 1767
1645 1778
1645 1790
1645 1801
1645 1844
1645 1878
1645 1881
1645 1882
1654 1762
1654 1767
1657 1776
1657 1808
1660 1695
1660 1766
1660 1773
1660 1801
1671 1743
1671 1763
1671 1829
1671 1844
1671 1878
1671 1881
1671 1910
1673 1740
1673 1767
1673 1844
1673 1878
1677 1679
1677 1740
1677 1744
1677 1763
1677 1844
1677 1870
1679 1692
1679 1773
1679 1882
1692 1763
1692 1767
1692 1808
1692 1881
1694 1740
1694 1743
1694 1790
1694 1910
1695 1763
1695 1766
1695 1773
1695 1801
1695 1844
1695 1870
1695 1881
1695 1882
1696 1731
1696 1814
1696 1844
1731 1814
1740 1744
1740 1766
1740 1778
1740 1882
1743 1829
1743 1844
1743 1901
1743 1910
1744 1766
1744 1778
1744 1829
1744 1844
1744 1882
1763 1766
1763 1773
1763 1844
1763 1870
1763 1878
1763 1882
1766 1773
1766 1801
1766 1844
1766 1870
1766 1878
1766 1881
1766 1882
1767 1844
1773 1801
1773 1844
1773 1881
1776 1808
1778 1882
1790 1844
1790 1878
1801 1844
1829 1910
1844 1853
1844 1878
1844 1882
1870 1882
1878 1882
1881 1882
1881 1910
1901 1910
