0 70
0 26
0 208
0 57
0 73
0 80
0 140
0 170
1 46
1 65
1 13
2 222
2 131
2 136
2 73
3 55
3 121
3 28
3 46
4 57
4 73
4 100
4 238
4 152
4 138
4 67
4 192
4 237
4 137
4 197
4 68
4 10
4 190
4 70
4 155
4 134
4 90
4 86
4 218
4 102
4 94
4 107
4 5
4 141
4 140
4 127
4 160
4 175
4 191
4 124
4 249
4 83
4 14
4 80
5 68
5 118
6 84
6 98
6 183
6 41
6 66
6 73
7 73
7 27
7 14
8 51
8 203
8 28
9 144
9 71
9 132
9 73
9 96
9 171
9 81
9 106
9 60
9 86
10 145
10 73
10 86
11 129
11 49
11 35
11 47
11 125
12 186
12 195
12 73
13 219
14 73
14 63
14 113
14 214
14 224
14 239
15 175
15 90
15 198
15 59
15 69
15 47
15 73
16 21
16 196
16 165
17 104
17 143
17 237
17 73
17 180
18 34
18 44
18 161
18 157
19 22
19 19
19 21
19 36
19 45
19 39
19 59
19 44
19 240
20 86
20 82
20 215
22 73
22 44
23 66
23 58
24 85
24 121
24 214
24 203
24 62
25 95
25 232
25 73
25 164
26 68
26 73
27 65
27 83
27 112
28 234
28 211
29 75
29 108
29 52
30 205
30 206
30 42
30 73
31 106
31 220
31 229
32 89
32 129
32 73
33 196
33 122
33 165
33 36
33 44
34 153
34 44
35 133
35 73
35 235
36 44
37 160
37 151
37 73
37 217
38 223
38 157
38 39
39 44
39 172
39 229
40 213
40 210
40 214
40 247
41 68
41 154
41 73
42 198
42 73
42 93
42 148
42 186
43 193
43 174
43 138
43 93
44 73
44 122
44 161
44 45
44 172
44 157
44 202
45 157
45 161
47 73
47 159
48 79
48 163
48 49
48 73
49 105
49 73
50 201
50 175
50 73
51 210
51 76
51 227
52 213
53 169
53 89
53 223
53 73
53 162
53 212
53 246
54 73
54 227
55 238
56 126
56 130
56 73
56 206
57 73
57 181
58 199
59 179
59 194
60 236
60 73
60 191
61 106
61 210
61 207
61 213
61 117
62 214
62 62
63 75
64 229
64 88
65 132
66 185
66 241
66 120
66 141
66 124
66 149
66 119
66 73
67 141
67 74
67 73
67 168
67 244
68 73
69 75
69 239
70 221
70 73
70 110
70 238
71 94
71 73
72 213
72 75
72 229
73 98
73 197
73 104
73 127
73 136
73 148
73 134
73 119
73 107
73 128
73 111
73 199
73 190
73 244
73 170
73 97
73 162
73 182
73 100
73 133
73 86
73 84
73 115
73 181
73 208
73 235
73 116
73 118
73 146
73 177
73 205
73 95
73 204
73 132
73 73
73 180
73 160
73 166
73 164
73 124
73 129
73 120
73 89
73 79
73 186
73 184
73 171
73 74
73 179
73 230
73 138
73 144
73 187
73 183
73 90
73 130
73 195
73 192
73 198
73 80
73 202
73 149
73 167
73 206
73 241
73 185
73 176
73 114
73 125
73 222
73 142
73 126
73 151
73 94
73 139
73 123
73 87
73 143
73 105
73 201
73 145
73 96
73 109
73 245
73 236
73 232
73 237
73 93
73 163
73 238
73 159
73 135
73 141
73 152
73 92
73 175
73 156
73 193
73 248
73 150
73 103
73 217
73 137
73 188
73 218
73 158
73 173
73 154
73 221
73 102
73 225
73 77
73 203
73 172
73 207
73 147
73 83
73 242
73 234
73 189
73 178
73 121
76 147
76 83
76 228
76 226
77 216
77 78
78 83
78 247
80 230
80 173
81 154
82 100
82 185
82 240
83 88
83 108
83 222
83 85
83 101
84 186
85 200
86 103
86 115
86 99
87 194
87 192
87 238
88 211
88 212
89 158
90 182
91 175
91 167
91 155
91 199
91 206
92 130
92 166
93 114
93 187
93 97
93 185
93 126
93 165
95 201
96 167
96 236
97 139
97 148
98 221
99 194
99 206
100 182
100 170
100 142
100 141
100 119
100 103
100 222
100 237
101 231
101 213
104 206
105 236
106 236
108 233
108 240
109 184
110 184
111 185
112 206
112 121
112 219
113 243
113 246
114 156
114 206
116 162
117 209
117 242
117 225
118 238
118 132
119 236
120 171
121 234
122 153
123 171
123 206
125 192
126 199
128 241
130 236
131 150
131 155
131 168
131 206
132 138
132 193
132 132
132 176
133 146
133 188
134 202
135 143
135 236
135 238
136 155
140 171
140 169
143 152
143 206
144 174
144 244
146 191
149 223
152 201
153 178
154 238
159 187
159 173
162 179
164 223
168 245
171 185
171 199
177 187
178 178
179 236
180 232
181 223
184 191
185 218
186 223
187 204
189 196
190 238
192 223
194 202
194 235
195 245
197 206
198 206
200 201
205 236
206 221
209 246
210 220
210 229
211 225
211 249
212 228
212 242
212 231
215 242
215 243
216 226
219 224
220 234
220 240
222 244
228 234
233 242
234 246
236 237
238 248
240 249
243 246
