0 4
0 13
0 16
0 26
0 33
0 36
0 41
0 44
0 47
0 49
0 53
0 57
0 70
0 71
0 72
0 76
0 86
0 98
1 5
1 7
1 8
1 12
1 13
1 15
1 20
1 27
1 28
1 30
1 31
1 32
1 35
1 37
1 38
1 39
1 42
1 44
1 45
1 47
1 52
1 55
1 59
1 62
1 70
1 72
1 75
1 76
1 77
1 80
1 89
1 90
1 92
2 5
2 7
2 8
2 20
2 23
2 29
2 31
2 34
2 35
2 38
2 40
2 43
2 44
2 48
2 53
2 54
2 55
2 61
2 70
2 72
2 73
2 79
2 80
2 82
2 85
2 87
2 88
2 89
2 91
2 95
2 264
3 16
3 17
3 19
3 20
3 30
3 34
3 40
3 42
3 43
3 45
3 46
3 47
3 50
3 53
3 63
3 65
3 70
3 71
3 72
3 78
3 79
3 81
3 82
3 83
3 84
3 87
3 88
3 270
4 6
4 17
4 18
4 20
4 21
4 27
4 29
4 30
4 32
4 33
4 39
4 44
4 46
4 47
4 50
4 61
4 65
4 74
4 80
4 81
4 88
4 89
4 96
4 105
5 8
5 11
5 14
5 18
5 19
5 21
5 23
5 26
5 28
5 29
5 32
5 33
5 35
5 38
5 39
5 42
5 46
5 50
5 52
5 54
5 59
5 61
5 63
5 64
5 65
5 66
5 67
5 71
5 74
5 78
5 83
5 84
5 88
5 96
5 99
6 10
6 11
6 14
6 15
6 19
6 24
6 26
6 28
6 30
6 31
6 35
6 36
6 37
6 41
6 46
6 48
6 50
6 60
6 63
6 67
6 76
6 79
6 81
6 84
6 86
6 91
6 92
6 98
6 182
7 8
7 9
7 12
7 19
7 26
7 27
7 30
7 32
7 33
7 34
7 35
7 37
7 42
7 55
7 56
7 57
7 58
7 59
7 61
7 69
7 75
7 76
7 78
7 80
7 81
7 86
7 89
7 91
7 94
7 98
7 99
8 9
8 14
8 18
8 19
8 21
8 27
8 29
8 30
8 34
8 35
8 36
8 38
8 40
8 41
8 47
8 49
8 55
8 57
8 60
8 62
8 63
8 68
8 69
8 73
8 79
8 87
8 92
8 93
9 11
9 17
9 18
9 25
9 31
9 32
9 34
9 35
9 36
9 38
9 39
9 43
9 46
9 52
9 57
9 61
9 62
9 66
9 70
9 71
9 73
9 76
9 77
9 82
9 84
9 87
9 89
9 90
9 91
9 92
9 93
9 97
10 17
10 23
10 25
10 29
10 31
10 36
10 49
10 59
10 60
10 61
10 62
10 70
10 74
10 75
10 77
10 78
10 83
10 84
10 92
10 97
10 140
10 203
11 19
11 20
11 28
11 30
11 33
11 41
11 46
11 50
11 51
11 52
11 53
11 60
11 63
11 66
11 69
11 72
11 73
11 74
11 76
11 84
11 89
11 90
11 91
11 95
11 97
11 181
11 280
12 17
12 20
12 21
12 23
12 24
12 27
12 30
12 33
12 36
12 39
12 41
12 50
12 58
12 60
12 62
12 64
12 66
12 69
12 74
12 75
12 83
12 85
12 88
12 90
12 93
12 98
12 99
13 17
13 19
13 24
13 27
13 28
13 30
13 32
13 33
13 36
13 43
13 44
13 45
13 46
13 47
13 48
13 52
13 54
13 56
13 60
13 63
13 65
13 70
13 74
13 75
13 78
13 85
13 94
13 97
13 98
13 252
13 261
14 17
14 19
14 21
14 28
14 33
14 41
14 43
14 45
14 47
14 50
14 53
14 55
14 58
14 64
14 65
14 66
14 74
14 97
14 98
14 144
15 21
15 24
15 29
15 33
15 36
15 42
15 45
15 51
15 54
15 55
15 61
15 67
15 72
15 74
15 77
15 78
15 79
15 83
15 84
15 85
15 86
15 88
15 91
15 93
15 228
16 20
16 21
16 22
16 25
16 30
16 32
16 36
16 43
16 58
16 61
16 62
16 65
16 78
16 81
16 85
16 86
16 87
16 89
16 92
16 93
16 95
16 96
16 99
17 19
17 20
17 23
17 24
17 25
17 33
17 40
17 43
17 50
17 52
17 53
17 55
17 65
17 66
17 69
17 71
17 76
17 78
17 79
17 85
17 86
17 90
17 91
17 98
18 26
18 35
18 37
18 41
18 42
18 43
18 46
18 56
18 64
18 73
18 74
18 79
18 80
18 82
18 87
18 90
18 96
18 98
18 228
19 21
19 22
19 24
19 26
19 31
19 32
19 33
19 36
19 41
19 47
19 49
19 50
19 55
19 60
19 62
19 70
19 88
19 93
19 96
19 99
20 25
20 27
20 28
20 37
20 40
20 41
20 44
20 47
20 53
20 57
20 62
20 67
20 70
20 73
20 78
20 81
20 82
20 83
20 87
20 91
20 92
20 94
20 96
20 97
20 98
20 271
21 25
21 29
21 30
21 32
21 39
21 40
21 42
21 45
21 46
21 47
21 49
21 54
21 60
21 61
21 62
21 63
21 66
21 71
21 74
21 75
21 81
21 85
21 90
21 175
22 25
22 26
22 40
22 44
22 45
22 46
22 47
22 49
22 52
22 53
22 57
22 59
22 73
22 76
22 78
22 79
22 80
22 88
22 90
22 234
23 25
23 28
23 33
23 35
23 36
23 37
23 41
23 47
23 53
23 55
23 60
23 61
23 62
23 64
23 65
23 71
23 75
23 78
23 87
23 90
23 92
23 93
23 97
23 98
23 104
23 113
24 25
24 27
24 29
24 30
24 31
24 36
24 40
24 42
24 44
24 48
24 54
24 55
24 59
24 60
24 61
24 77
24 82
24 83
24 84
24 89
24 90
24 93
24 94
24 98
24 244
25 26
25 33
25 34
25 38
25 40
25 48
25 58
25 59
25 65
25 69
25 74
25 81
25 83
25 89
25 92
25 94
25 276
26 31
26 32
26 41
26 46
26 53
26 55
26 59
26 62
26 68
26 69
26 72
26 73
26 74
26 78
26 79
26 83
26 85
26 88
26 90
26 97
26 98
26 99
26 108
27 29
27 30
27 32
27 34
27 35
27 38
27 42
27 44
27 47
27 49
27 53
27 62
27 63
27 71
27 74
27 75
27 82
27 84
27 87
27 88
27 89
27 95
27 96
27 98
27 99
28 29
28 35
28 39
28 42
28 47
28 48
28 49
28 53
28 59
28 60
28 64
28 65
28 67
28 68
28 69
28 73
28 79
28 85
28 87
28 92
28 93
28 95
28 96
28 98
29 33
29 35
29 38
29 39
29 40
29 45
29 49
29 58
29 59
29 62
29 64
29 68
29 69
29 70
29 76
29 78
29 82
29 83
29 84
29 87
29 89
29 284
30 32
30 35
30 43
30 45
30 51
30 52
30 53
30 55
30 59
30 62
30 63
30 67
30 68
30 74
30 76
30 88
30 93
30 95
30 96
31 35
31 36
31 37
31 40
31 47
31 48
31 51
31 54
31 57
31 61
31 62
31 64
31 68
31 69
31 73
31 84
31 91
31 92
31 93
31 97
32 35
32 36
32 39
32 44
32 49
32 51
32 58
32 59
32 60
32 64
32 72
32 73
32 80
32 86
33 35
33 36
33 39
33 40
33 44
33 47
33 48
33 50
33 52
33 58
33 61
33 64
33 65
33 67
33 70
33 74
33 77
33 81
33 84
33 87
33 88
33 89
33 90
33 94
33 95
33 99
34 35
34 37
34 41
34 47
34 51
34 53
34 55
34 64
34 66
34 70
34 73
34 74
34 78
34 79
34 82
34 86
34 91
34 93
34 94
34 95
34 96
34 98
34 251
34 259
34 280
35 41
35 46
35 49
35 54
35 56
35 61
35 65
35 66
35 72
35 73
35 77
35 79
35 92
35 281
35 288
35 291
36 41
36 43
36 47
36 53
36 54
36 57
36 60
36 61
36 62
36 63
36 69
36 71
36 72
36 74
36 84
36 87
36 97
36 99
37 40
37 41
37 44
37 49
37 62
37 65
37 67
37 68
37 71
37 75
37 77
37 83
37 91
37 93
37 97
37 145
38 40
38 41
38 42
38 44
38 47
38 52
38 56
38 58
38 61
38 67
38 70
38 73
38 77
38 79
38 83
38 84
38 88
38 89
38 91
39 43
39 44
39 46
39 53
39 58
39 62
39 65
39 67
39 68
39 69
39 78
39 79
39 82
39 83
39 87
39 88
39 97
39 150
40 43
40 46
40 48
40 49
40 51
40 67
40 74
40 79
40 80
40 85
40 93
40 95
40 98
40 226
41 45
41 49
41 51
41 53
41 55
41 58
41 61
41 63
41 64
41 66
41 68
41 70
41 74
41 78
41 79
41 82
41 83
41 85
41 88
41 90
41 98
41 100
42 50
42 52
42 57
42 69
42 70
42 72
42 75
42 84
42 88
42 95
42 98
43 47
43 48
43 53
43 56
43 61
43 76
43 77
43 79
43 85
43 89
43 95
43 98
43 280
44 50
44 55
44 58
44 59
44 60
44 66
44 76
44 78
44 82
44 89
44 90
44 94
44 98
44 99
44 146
44 182
44 199
44 208
45 46
45 51
45 55
45 68
45 70
45 71
45 72
45 73
45 77
45 80
45 98
45 219
46 47
46 50
46 51
46 52
46 53
46 59
46 62
46 63
46 71
46 74
46 76
46 80
46 82
46 84
46 87
46 88
46 91
46 93
46 95
46 97
46 99
47 52
47 54
47 57
47 59
47 64
47 67
47 70
47 75
47 81
47 82
47 84
47 86
47 87
47 89
47 90
47 151
48 49
48 51
48 55
48 59
48 63
48 65
48 66
48 69
48 73
48 78
48 80
48 81
48 83
48 85
48 93
49 52
49 58
49 63
49 65
49 66
49 67
49 69
49 71
49 72
49 74
49 81
49 85
49 87
49 89
49 92
49 180
50 58
50 59
50 60
50 61
50 62
50 63
50 70
50 76
50 85
50 94
51 62
51 68
51 72
51 82
51 84
51 86
51 91
51 92
51 96
51 98
51 99
51 253
52 53
52 56
52 58
52 59
52 66
52 71
52 73
52 74
52 75
52 76
52 78
52 80
52 88
52 94
52 95
52 96
52 165
52 233
53 54
53 55
53 59
53 65
53 67
53 70
53 73
53 79
53 85
53 86
53 90
53 94
53 98
53 99
53 192
54 57
54 58
54 61
54 69
54 70
54 74
54 83
54 84
54 85
54 86
54 87
54 89
54 90
54 92
54 94
54 96
55 56
55 57
55 62
55 63
55 64
55 71
55 84
55 86
55 88
55 90
55 91
55 92
55 98
56 57
56 59
56 64
56 65
56 68
56 69
56 84
56 90
56 94
57 59
57 62
57 63
57 65
57 66
57 67
57 68
57 69
57 73
57 74
57 76
57 77
57 78
57 79
57 86
57 87
57 90
57 97
57 280
58 65
58 66
58 69
58 78
58 80
58 83
58 87
58 90
58 91
58 92
58 95
58 96
58 99
59 63
59 68
59 76
59 77
59 79
59 81
59 82
59 84
59 85
59 87
59 90
59 92
59 94
59 95
59 97
60 62
60 64
60 65
60 66
60 68
60 70
60 79
60 86
60 90
60 91
60 93
60 97
61 62
61 63
61 72
61 74
61 80
61 85
61 88
61 89
61 90
61 91
61 92
61 95
61 96
61 99
62 63
62 67
62 70
62 73
62 82
62 92
62 94
63 64
63 71
63 72
63 74
63 75
63 78
63 89
63 91
63 98
63 135
63 207
64 67
64 68
64 69
64 72
64 75
64 76
64 80
64 82
64 83
64 92
64 94
64 96
64 98
64 270
65 68
65 83
65 85
65 93
65 95
65 98
66 67
66 68
66 73
66 76
66 77
66 85
66 88
66 92
66 93
66 95
66 96
67 71
67 78
67 79
67 83
67 87
67 88
67 94
67 131
68 71
68 76
68 79
68 80
68 81
68 83
68 84
68 85
68 88
68 89
68 90
68 93
68 96
68 97
68 98
68 99
68 106
69 72
69 80
69 81
69 82
69 83
69 84
69 85
69 88
69 94
69 292
70 73
70 74
70 80
70 83
70 84
70 89
70 92
70 97
71 73
71 76
71 77
71 78
71 79
71 90
71 96
71 99
72 74
72 75
72 77
72 78
72 87
72 88
72 94
72 95
72 98
73 75
73 77
73 79
73 80
73 81
73 85
73 89
73 93
73 95
73 96
73 97
73 151
73 213
74 75
74 76
74 77
74 80
74 89
74 91
74 92
74 93
74 94
74 95
74 99
75 77
75 79
75 80
75 82
75 83
75 89
75 90
75 91
75 93
75 97
75 98
75 99
75 158
76 79
76 84
76 85
76 86
76 90
76 94
76 96
76 98
77 79
77 80
77 83
77 87
78 89
78 95
78 99
79 81
79 82
79 86
79 90
79 91
79 98
79 217
80 81
80 86
80 91
80 93
80 95
80 166
80 241
81 82
81 84
81 85
81 86
81 91
81 94
82 89
82 90
82 97
82 98
82 203
82 236
83 93
83 94
83 96
84 91
84 92
84 95
85 87
85 91
86 93
86 94
87 91
87 187
88 89
88 92
88 93
89 93
89 94
89 95
89 96
89 98
89 99
90 94
90 96
90 188
90 218
90 223
91 94
91 97
92 97
92 188
93 94
93 97
93 99
94 98
94 216
95 98
96 99
97 98
97 134
100 103
100 105
100 109
100 115
100 124
100 125
100 126
100 128
100 134
100 145
100 152
100 159
100 161
100 165
100 167
100 172
100 177
100 178
100 194
100 196
101 102
101 104
101 106
101 111
101 113
101 118
101 127
101 130
101 132
101 133
101 134
101 138
101 140
101 141
101 146
101 147
101 149
101 153
101 155
101 163
101 164
101 165
101 170
101 171
101 177
101 178
101 179
101 180
101 181
101 183
101 184
101 188
101 190
101 194
101 195
101 196
102 104
102 105
102 111
102 112
102 115
102 119
102 120
102 123
102 136
102 141
102 154
102 158
102 165
102 178
102 181
102 185
102 188
102 192
103 104
103 108
103 109
103 111
103 115
103 116
103 119
103 120
103 123
103 124
103 125
103 126
103 128
103 134
103 141
103 144
103 145
103 146
103 147
103 152
103 156
103 157
103 161
103 162
103 165
103 168
103 170
103 171
103 173
103 176
103 180
103 182
103 183
103 184
103 189
104 109
104 111
104 112
104 119
104 120
104 123
104 130
104 133
104 134
104 137
104 144
104 150
104 151
104 153
104 154
104 155
104 156
104 161
104 163
104 164
104 174
104 176
104 177
104 181
104 184
104 188
104 199
105 106
105 107
105 108
105 111
105 113
105 126
105 128
105 130
105 135
105 136
105 137
105 138
105 140
105 144
105 147
105 150
105 158
105 162
105 170
105 172
105 173
105 175
105 176
105 178
105 186
105 195
106 108
106 109
106 112
106 116
106 117
106 127
106 133
106 136
106 139
106 140
106 141
106 147
106 152
106 153
106 154
106 168
106 169
106 174
106 175
106 181
106 186
106 191
106 192
106 193
107 110
107 112
107 118
107 120
107 122
107 137
107 141
107 142
107 147
107 151
107 153
107 156
107 159
107 164
107 171
107 172
107 175
107 176
107 179
107 182
107 186
107 187
107 196
107 198
107 199
108 110
108 120
108 122
108 123
108 126
108 130
108 131
108 132
108 134
108 137
108 138
108 139
108 144
108 147
108 148
108 149
108 159
108 162
108 163
108 164
108 165
108 169
108 178
108 185
108 187
108 189
108 190
108 192
108 196
108 225
109 110
109 111
109 112
109 113
109 127
109 131
109 136
109 138
109 142
109 143
109 146
109 149
109 159
109 169
109 171
109 175
109 176
109 177
109 179
109 180
109 182
109 184
109 185
109 186
109 187
109 188
109 194
109 195
109 197
109 198
109 199
109 207
110 116
110 117
110 119
110 122
110 125
110 134
110 135
110 139
110 140
110 143
110 144
110 146
110 147
110 148
110 157
110 158
110 159
110 166
110 169
110 170
110 182
110 191
110 199
111 113
111 114
111 115
111 118
111 120
111 128
111 132
111 135
111 137
111 139
111 140
111 141
111 143
111 144
111 146
111 152
111 159
111 161
111 163
111 166
111 168
111 173
111 176
111 177
111 179
111 181
111 182
111 183
111 184
111 185
111 193
111 199
111 241
112 115
112 120
112 126
112 128
112 130
112 136
112 142
112 153
112 156
112 163
112 165
112 167
112 169
112 172
112 173
112 178
112 182
112 184
112 187
112 189
112 190
112 195
112 198
113 116
113 117
113 119
113 120
113 122
113 125
113 127
113 130
113 131
113 133
113 134
113 136
113 139
113 144
113 148
113 155
113 157
113 161
113 173
113 175
113 177
113 178
113 181
113 182
113 185
113 186
113 193
113 197
113 199
114 115
114 116
114 120
114 125
114 126
114 128
114 132
114 133
114 136
114 137
114 139
114 148
114 151
114 152
114 155
114 159
114 161
114 167
114 168
114 169
114 170
114 171
114 172
114 175
114 176
114 178
114 179
114 182
114 183
114 188
114 192
114 197
114 198
115 128
115 133
115 142
115 145
115 149
115 150
115 151
115 170
115 171
115 172
115 174
115 176
115 178
115 179
115 181
115 182
115 186
115 188
115 191
115 193
115 199
116 121
116 123
116 124
116 125
116 126
116 127
116 128
116 135
116 137
116 138
116 140
116 146
116 151
116 152
116 163
116 168
116 172
116 178
116 180
116 189
116 197
116 199
117 125
117 128
117 131
117 133
117 137
117 146
117 147
117 155
117 157
117 158
117 161
117 172
117 174
117 180
117 190
117 195
117 237
118 121
118 122
118 123
118 124
118 125
118 136
118 137
118 139
118 140
118 141
118 147
118 149
118 151
118 153
118 158
118 159
118 167
118 177
118 181
118 187
118 190
118 191
118 193
119 120
119 122
119 123
119 133
119 134
119 148
119 150
119 155
119 160
119 164
119 165
119 170
119 171
119 175
119 179
119 184
119 186
119 199
120 122
120 126
120 132
120 133
120 134
120 135
120 137
120 139
120 143
120 146
120 155
120 156
120 167
120 171
120 172
120 176
120 182
120 185
120 188
120 189
120 191
120 194
120 196
120 198
121 126
121 128
121 129
121 130
121 132
121 134
121 138
121 139
121 140
121 145
121 149
121 158
121 160
121 161
121 165
121 168
121 169
121 170
121 173
121 180
121 191
121 198
121 222
122 124
122 128
122 137
122 140
122 141
122 143
122 145
122 149
122 152
122 153
122 154
122 156
122 164
122 171
122 173
122 178
122 180
122 187
122 193
122 195
122 197
122 254
123 128
123 134
123 135
123 136
123 138
123 143
123 146
123 150
123 151
123 152
123 159
123 164
123 165
123 166
123 169
123 172
123 173
123 175
123 177
123 179
123 181
123 182
123 184
123 191
123 195
123 197
123 214
124 131
124 133
124 134
124 138
124 139
124 141
124 150
124 151
124 153
124 155
124 162
124 163
124 169
124 172
124 174
124 175
124 176
124 179
124 180
124 182
124 183
124 186
124 195
124 272
125 126
125 130
125 134
125 135
125 136
125 141
125 150
125 151
125 155
125 159
125 161
125 163
125 170
125 172
125 175
125 179
125 186
125 187
125 193
125 194
125 259
126 139
126 140
126 141
126 142
126 143
126 146
126 148
126 156
126 158
126 159
126 162
126 166
126 174
126 177
126 182
126 184
126 187
126 190
126 195
126 198
127 128
127 129
127 130
127 132
127 136
127 139
127 142
127 143
127 146
127 150
127 152
127 154
127 158
127 161
127 166
127 168
127 169
127 173
127 177
127 178
127 181
127 182
127 183
127 185
127 190
127 192
127 197
127 198
128 133
128 136
128 137
128 140
128 142
128 148
128 150
128 152
128 158
128 162
128 164
128 165
128 166
128 168
128 174
128 184
128 188
128 189
128 190
128 195
129 130
129 131
129 132
129 133
129 138
129 139
129 143
129 144
129 146
129 148
129 163
129 167
129 170
129 178
129 184
129 187
129 194
130 136
130 138
130 145
130 147
130 149
130 151
130 157
130 158
130 159
130 160
130 164
130 165
130 167
130 169
130 172
130 175
130 176
130 177
130 179
130 180
130 182
130 185
130 189
130 194
130 195
130 196
131 137
131 147
131 149
131 152
131 153
131 155
131 162
131 163
131 167
131 169
131 171
131 174
131 175
131 177
131 180
131 181
131 186
131 188
131 190
131 193
131 196
131 199
131 211
132 134
132 142
132 143
132 147
132 148
132 149
132 150
132 152
132 153
132 157
132 162
132 165
132 166
132 167
132 168
132 172
132 175
132 185
132 187
132 189
132 191
132 199
132 286
133 134
133 136
133 137
133 143
133 147
133 149
133 151
133 158
133 162
133 163
133 165
133 170
133 172
133 177
133 178
133 181
133 182
133 185
133 186
133 196
134 139
134 146
134 150
134 158
134 160
134 161
134 163
134 169
134 170
134 173
134 175
134 176
134 179
134 184
134 185
134 189
134 191
134 195
134 198
135 138
135 143
135 146
135 149
135 151
135 156
135 158
135 159
135 161
135 162
135 163
135 166
135 167
135 169
135 172
135 178
135 179
135 184
135 188
135 194
135 195
135 196
135 197
136 137
136 139
136 143
136 144
136 145
136 146
136 154
136 155
136 156
136 167
136 171
136 173
136 175
136 177
136 179
136 184
136 186
136 187
136 192
137 138
137 140
137 143
137 144
137 150
137 162
137 171
137 177
137 178
137 188
137 191
137 193
137 194
137 199
138 140
138 146
138 152
138 153
138 155
138 157
138 159
138 161
138 163
138 169
138 171
138 177
138 180
138 181
138 184
138 189
138 190
138 191
139 145
139 151
139 152
139 156
139 157
139 159
139 161
139 167
139 168
139 174
139 179
139 181
139 182
139 183
139 194
139 214
139 244
139 252
140 148
140 149
140 150
140 153
140 155
140 162
140 163
140 170
140 172
140 178
140 181
140 183
140 199
141 142
141 144
141 147
141 151
141 152
141 153
141 157
141 159
141 161
141 164
141 165
141 166
141 167
141 168
141 170
141 171
141 173
141 187
141 189
141 190
141 193
141 197
141 198
142 143
142 149
142 153
142 154
142 155
142 161
142 164
142 174
142 176
142 177
142 179
142 187
142 188
142 189
142 190
142 193
142 196
142 198
143 147
143 150
143 156
143 160
143 161
143 166
143 173
143 174
143 178
143 180
143 190
143 191
143 197
143 198
143 199
144 145
144 146
144 148
144 155
144 160
144 161
144 163
144 168
144 171
144 182
144 186
144 188
144 197
145 146
145 151
145 152
145 155
145 157
145 160
145 165
145 168
145 172
145 173
145 180
145 185
145 186
145 187
145 188
145 191
145 193
146 149
146 151
146 152
146 153
146 164
146 165
146 168
146 173
146 181
146 186
146 187
146 188
146 192
146 195
147 153
147 157
147 167
147 168
147 169
147 172
147 176
147 179
147 182
147 184
147 187
147 191
147 193
147 196
147 198
148 154
148 157
148 161
148 166
148 167
148 169
148 174
148 175
148 176
148 177
148 178
148 179
148 182
148 185
148 187
148 190
148 192
148 198
148 199
149 153
149 158
149 159
149 163
149 165
149 176
149 182
149 190
149 192
149 193
149 196
150 152
150 155
150 156
150 160
150 163
150 164
150 165
150 166
150 167
150 168
150 170
150 172
150 182
150 187
150 193
150 198
151 153
151 155
151 156
151 158
151 159
151 161
151 163
151 166
151 167
151 169
151 171
151 175
151 176
151 179
151 180
151 181
151 184
151 185
151 186
151 189
151 191
151 192
151 195
151 197
151 198
152 153
152 161
152 164
152 169
152 170
152 171
152 173
152 180
152 181
152 185
152 188
153 154
153 155
153 159
153 162
153 166
153 169
153 170
153 172
153 176
153 178
153 184
153 187
153 189
153 192
153 195
154 159
154 161
154 165
154 167
154 169
154 171
154 173
154 176
154 196
155 158
155 165
155 166
155 167
155 176
155 177
155 179
155 180
155 184
155 188
155 189
155 191
155 192
155 195
155 196
156 159
156 163
156 164
156 167
156 168
156 170
156 174
156 178
156 179
156 182
156 183
156 184
156 185
156 186
156 190
156 191
156 194
156 197
156 199
157 165
157 167
157 172
157 173
157 176
157 177
157 181
157 182
157 186
157 187
157 189
157 190
157 191
157 197
157 198
157 222
158 159
158 164
158 165
158 166
158 169
158 171
158 172
158 173
158 175
158 178
158 181
158 182
158 184
158 185
158 189
158 248
159 163
159 164
159 166
159 169
159 173
159 176
159 179
159 186
159 187
159 191
159 192
159 193
159 195
159 198
159 199
160 163
160 164
160 165
160 170
160 172
160 173
160 179
160 187
160 190
160 192
160 193
160 197
161 163
161 164
161 166
161 169
161 175
161 176
161 179
161 184
161 190
161 197
161 198
161 199
162 167
162 171
162 182
162 184
162 193
162 194
162 195
162 198
162 199
163 169
163 173
163 174
163 176
163 179
163 180
163 186
163 187
163 189
163 192
163 194
164 165
164 167
164 172
164 174
164 179
164 181
164 186
164 190
164 194
164 196
164 197
164 198
164 199
165 166
165 167
165 169
165 172
165 174
165 179
165 181
165 183
165 185
165 189
165 190
165 191
166 172
166 173
166 175
166 176
166 183
166 186
166 195
166 196
166 198
166 283
167 168
167 171
167 172
167 175
167 180
167 182
167 194
167 199
168 169
168 172
168 173
168 175
168 177
168 178
168 187
168 192
168 193
168 195
169 170
169 172
169 173
169 174
169 175
169 179
169 182
169 185
169 188
169 192
169 199
170 173
170 178
170 184
170 187
170 188
170 192
170 197
171 172
171 176
171 185
171 186
171 187
171 189
172 176
172 180
172 185
172 186
172 189
172 193
172 196
172 256
173 180
173 182
173 184
173 186
173 188
173 193
173 197
173 275
174 183
174 184
174 186
174 193
174 194
174 195
174 199
175 180
175 183
175 187
175 188
175 189
175 190
175 191
175 193
176 178
176 180
176 181
176 182
176 187
176 199
177 178
177 180
177 182
177 183
177 191
177 192
177 194
177 197
178 181
178 182
178 184
178 188
178 190
178 192
178 193
178 196
178 222
179 181
179 182
179 183
179 184
179 186
179 187
179 188
179 195
179 197
180 188
180 191
180 193
180 194
181 186
181 187
181 191
181 192
181 193
181 195
181 196
181 197
181 198
182 187
182 190
182 191
182 192
182 194
182 196
183 185
183 189
183 191
183 192
183 193
183 195
183 197
183 198
184 189
184 190
184 192
184 193
184 195
184 197
184 198
185 191
185 192
185 196
186 191
186 192
186 193
186 197
187 188
187 190
187 191
187 195
187 198
188 191
188 247
189 192
189 195
189 198
189 210
190 191
191 193
191 194
192 196
192 198
192 199
193 195
193 197
194 196
194 198
195 196
196 201
198 199
200 210
200 213
200 214
200 215
200 216
200 218
200 220
200 227
200 229
200 236
200 243
200 252
200 253
200 254
200 255
200 260
200 267
200 269
200 272
200 278
200 279
200 288
200 291
200 292
201 205
201 206
201 207
201 209
201 211
201 224
201 225
201 226
201 227
201 228
201 229
201 235
201 243
201 244
201 246
201 248
201 251
201 252
201 256
201 257
201 265
201 266
201 268
201 272
201 273
201 278
201 292
201 295
201 296
201 299
202 210
202 213
202 218
202 219
202 222
202 226
202 228
202 229
202 231
202 234
202 236
202 237
202 238
202 244
202 249
202 251
202 253
202 255
202 256
202 258
202 259
202 263
202 264
202 270
202 278
202 284
202 290
202 291
202 293
203 204
203 205
203 207
203 208
203 209
203 215
203 220
203 221
203 222
203 226
203 235
203 249
203 255
203 259
203 264
203 265
203 268
203 277
203 283
203 287
203 291
203 293
203 295
203 297
204 209
204 217
204 220
204 227
204 228
204 229
204 233
204 235
204 238
204 244
204 248
204 250
204 252
204 253
204 257
204 258
204 259
204 263
204 273
204 276
204 284
204 288
204 289
204 291
204 295
204 296
204 299
205 212
205 213
205 216
205 219
205 224
205 230
205 232
205 234
205 235
205 242
205 244
205 245
205 246
205 249
205 250
205 253
205 255
205 265
205 271
205 278
205 280
205 282
205 283
205 286
205 289
206 210
206 212
206 219
206 226
206 228
206 230
206 231
206 233
206 236
206 238
206 245
206 246
206 249
206 257
206 259
206 260
206 267
206 274
206 275
206 276
206 279
206 280
206 284
206 286
206 293
206 296
206 299
207 209
207 210
207 212
207 216
207 217
207 218
207 219
207 221
207 223
207 226
207 227
207 228
207 231
207 236
207 247
207 248
207 250
207 252
207 254
207 255
207 258
207 259
207 260
207 264
207 268
207 279
207 280
207 284
207 291
207 293
207 296
207 298
207 299
208 209
208 211
208 216
208 222
208 229
208 233
208 236
208 246
208 248
208 250
208 252
208 254
208 256
208 259
208 260
208 262
208 264
208 269
208 275
208 279
208 282
208 283
208 288
208 289
208 291
208 293
208 297
209 215
209 219
209 221
209 222
209 223
209 224
209 227
209 231
209 238
209 240
209 245
209 256
209 258
209 259
209 262
209 265
209 268
209 271
209 281
209 282
209 283
209 288
209 289
209 293
209 295
209 298
210 211
210 216
210 217
210 223
210 224
210 229
210 230
210 231
210 237
210 238
210 240
210 244
210 248
210 250
210 256
210 263
210 266
210 268
210 271
210 272
210 273
210 279
210 293
210 294
210 296
210 297
210 298
211 216
211 220
211 238
211 243
211 244
211 245
211 256
211 259
211 261
211 265
211 270
211 271
211 273
211 277
211 283
211 286
211 289
211 291
211 295
211 298
211 299
212 214
212 216
212 223
212 225
212 227
212 230
212 236
212 240
212 244
212 246
212 248
212 249
212 250
212 254
212 255
212 256
212 262
212 263
212 264
212 269
212 271
212 273
212 274
212 276
212 280
212 282
212 285
212 287
212 289
212 294
212 295
212 297
213 216
213 222
213 232
213 244
213 251
213 253
213 257
213 263
213 270
213 272
213 276
213 279
213 283
213 285
213 286
213 287
213 290
213 292
213 293
213 294
213 295
214 218
214 219
214 220
214 226
214 227
214 232
214 234
214 238
214 239
214 241
214 243
214 250
214 251
214 257
214 261
214 264
214 266
214 267
214 270
214 271
214 274
214 275
214 279
214 283
214 286
214 291
214 292
214 297
215 219
215 228
215 234
215 243
215 244
215 245
215 248
215 253
215 254
215 258
215 261
215 267
215 269
215 272
215 273
215 274
215 277
215 278
215 282
215 286
215 292
215 293
215 299
216 219
216 220
216 223
216 226
216 227
216 230
216 232
216 233
216 234
216 242
216 243
216 245
216 248
216 250
216 252
216 255
216 259
216 266
216 267
216 268
216 271
216 272
216 274
216 275
216 276
216 277
216 278
216 281
216 285
216 290
216 291
216 293
216 295
216 296
217 218
217 219
217 222
217 227
217 232
217 238
217 239
217 240
217 246
217 251
217 252
217 253
217 257
217 258
217 259
217 260
217 265
217 267
217 269
217 273
217 275
217 280
217 282
217 284
217 286
217 289
217 294
217 297
217 298
217 299
218 219
218 220
218 223
218 224
218 227
218 228
218 231
218 232
218 233
218 239
218 240
218 244
218 245
218 247
218 250
218 252
218 254
218 262
218 269
218 270
218 271
218 272
218 274
218 276
218 280
218 283
218 284
218 286
218 290
218 291
218 292
218 295
218 296
218 297
218 298
219 220
219 225
219 233
219 244
219 246
219 252
219 258
219 260
219 261
219 265
219 266
219 267
219 268
219 269
219 273
219 281
219 286
219 287
219 288
219 291
219 297
219 299
220 222
220 225
220 229
220 231
220 232
220 234
220 236
220 237
220 239
220 242
220 243
220 248
220 250
220 251
220 253
220 255
220 257
220 258
220 263
220 267
220 270
220 277
220 278
220 285
220 290
220 296
220 298
221 225
221 226
221 228
221 235
221 236
221 239
221 249
221 253
221 254
221 255
221 263
221 265
221 267
221 272
221 275
221 282
221 284
221 298
222 226
222 230
222 231
222 234
222 241
222 253
222 256
222 258
222 262
222 264
222 266
222 267
222 270
222 272
222 273
222 274
222 277
222 280
222 282
222 284
222 289
222 292
222 294
222 295
222 297
222 298
223 225
223 233
223 234
223 239
223 241
223 242
223 243
223 246
223 250
223 252
223 254
223 256
223 257
223 258
223 260
223 261
223 268
223 272
223 278
223 285
223 286
223 290
223 292
224 226
224 227
224 228
224 231
224 235
224 236
224 240
224 245
224 247
224 248
224 252
224 261
224 263
224 269
224 270
224 271
224 280
224 283
224 284
224 286
224 292
224 293
224 294
224 295
224 296
224 299
225 229
225 231
225 234
225 236
225 237
225 238
225 245
225 248
225 250
225 252
225 253
225 254
225 255
225 256
225 262
225 264
225 266
225 268
225 270
225 274
225 283
225 287
225 288
225 291
225 292
225 295
225 297
225 298
226 227
226 229
226 250
226 251
226 252
226 253
226 255
226 262
226 265
226 266
226 278
226 280
226 282
226 287
226 291
226 293
226 295
226 296
227 229
227 230
227 231
227 232
227 233
227 235
227 240
227 241
227 243
227 246
227 248
227 250
227 254
227 256
227 261
227 262
227 267
227 274
227 277
227 278
227 281
227 282
227 284
228 232
228 235
228 236
228 238
228 240
228 245
228 256
228 258
228 259
228 261
228 267
228 271
228 272
228 276
228 277
228 280
228 281
228 295
228 298
229 230
229 237
229 241
229 242
229 247
229 249
229 267
229 268
229 271
229 272
229 273
229 275
229 276
229 277
229 279
229 282
229 285
229 293
230 243
230 247
230 250
230 257
230 261
230 262
230 265
230 267
230 268
230 269
230 271
230 275
230 281
230 287
230 288
230 292
230 296
230 299
231 234
231 235
231 237
231 239
231 240
231 241
231 256
231 261
231 263
231 265
231 266
231 271
231 273
231 277
231 279
231 282
231 287
231 288
231 294
231 296
232 237
232 241
232 246
232 247
232 250
232 254
232 255
232 256
232 257
232 263
232 268
232 275
232 277
232 278
232 298
232 299
233 234
233 236
233 240
233 244
233 247
233 248
233 249
233 250
233 251
233 252
233 254
233 256
233 259
233 260
233 262
233 264
233 266
233 269
233 271
233 276
233 279
233 286
233 289
233 290
233 292
233 294
234 236
234 240
234 243
234 244
234 246
234 248
234 250
234 254
234 255
234 264
234 266
234 267
234 268
234 269
234 273
234 276
234 283
234 287
234 290
234 291
234 293
234 297
235 239
235 242
235 250
235 254
235 257
235 260
235 264
235 265
235 271
235 272
235 273
235 274
235 277
235 278
235 283
235 284
235 285
235 289
235 290
235 292
235 294
235 295
235 297
236 237
236 238
236 242
236 243
236 246
236 248
236 249
236 256
236 261
236 265
236 273
236 275
236 279
236 282
236 284
236 287
236 290
237 242
237 243
237 247
237 251
237 258
237 259
237 262
237 269
237 276
237 277
237 280
237 284
237 286
237 290
237 293
237 295
237 297
238 241
238 244
238 249
238 255
238 259
238 260
238 261
238 273
238 293
238 297
239 240
239 247
239 249
239 252
239 253
239 255
239 257
239 260
239 261
239 263
239 267
239 271
239 278
239 282
239 283
239 289
239 290
239 297
240 244
240 245
240 250
240 252
240 253
240 260
240 266
240 268
240 283
240 284
240 286
240 287
240 292
241 247
241 248
241 252
241 253
241 254
241 255
241 262
241 263
241 269
241 270
241 278
241 282
241 285
241 287
241 290
241 291
241 294
242 244
242 247
242 250
242 252
242 257
242 261
242 265
242 266
242 270
242 271
242 273
242 281
242 282
242 285
242 286
242 287
242 289
242 290
242 295
242 296
242 297
243 247
243 251
243 254
243 255
243 262
243 265
243 270
243 277
243 279
243 281
243 285
243 286
243 287
243 289
243 290
243 292
243 297
243 299
244 245
244 248
244 250
244 257
244 258
244 267
244 270
244 273
244 276
244 278
244 288
244 292
244 294
244 295
245 247
245 248
245 252
245 253
245 254
245 256
245 259
245 260
245 262
245 267
245 269
245 273
245 275
245 276
245 277
245 278
245 279
245 283
245 285
245 293
245 294
246 247
246 252
246 259
246 264
246 265
246 269
246 272
246 280
246 281
246 284
246 289
246 291
246 293
246 295
246 298
247 250
247 252
247 253
247 256
247 261
247 263
247 265
247 267
247 272
247 274
247 280
247 283
247 294
247 295
247 296
247 298
248 249
248 250
248 254
248 259
248 266
248 267
248 283
248 284
248 285
248 286
248 288
248 291
249 251
249 255
249 257
249 258
249 260
249 267
249 269
249 270
249 271
249 274
249 275
249 279
249 280
249 281
249 284
249 285
249 286
249 287
249 289
249 290
249 292
249 298
250 253
250 254
250 260
250 263
250 264
250 268
250 269
250 273
250 278
250 282
250 285
250 288
250 290
250 294
250 298
250 299
251 254
251 255
251 257
251 261
251 262
251 267
251 272
251 275
251 279
251 280
251 282
251 288
251 297
252 256
252 263
252 265
252 267
252 271
252 272
252 277
252 282
252 295
253 254
253 255
253 257
253 263
253 264
253 281
253 282
253 285
253 287
253 289
253 291
253 298
253 299
254 255
254 257
254 262
254 265
254 269
254 273
254 276
254 280
254 282
254 284
254 287
254 288
254 290
254 294
255 259
255 264
255 267
255 269
255 271
255 272
255 274
255 275
255 282
255 285
255 288
255 295
255 296
255 297
255 299
256 258
256 264
256 265
256 267
256 271
256 272
256 274
256 277
256 278
256 286
256 287
256 289
256 292
257 258
257 259
257 266
257 268
257 273
257 276
257 294
257 297
258 263
258 266
258 267
258 270
258 273
258 278
258 281
258 284
258 286
258 287
258 288
258 289
258 294
259 260
259 261
259 262
259 267
259 269
259 271
259 273
259 274
259 275
259 276
259 278
259 279
259 281
259 293
259 295
259 299
260 263
260 264
260 265
260 267
260 270
260 274
260 277
260 280
260 282
260 284
260 285
260 286
260 288
260 289
260 294
261 262
261 268
261 279
261 280
261 286
261 293
261 294
261 298
262 264
262 265
262 266
262 269
262 272
262 273
262 274
262 281
262 284
262 285
262 286
262 287
262 288
262 295
262 296
263 264
263 277
263 281
263 285
263 286
263 290
263 291
263 294
263 296
263 297
264 268
264 269
264 270
264 271
264 272
264 273
264 274
264 280
264 286
264 293
264 296
264 298
264 299
265 269
265 270
265 272
265 274
265 275
265 283
265 286
265 287
265 291
265 292
266 267
266 272
266 275
266 277
266 279
266 284
266 289
266 291
266 299
267 268
267 269
267 275
267 276
267 277
267 278
267 279
267 283
267 285
267 287
267 290
267 291
267 293
267 294
267 296
267 298
268 271
268 274
268 276
268 278
268 281
268 290
268 294
268 299
269 275
269 281
269 282
269 285
269 287
269 294
269 297
269 299
270 272
270 274
270 276
270 278
270 279
270 281
270 282
270 285
270 286
270 293
270 296
270 297
270 298
271 273
271 277
271 283
271 286
271 290
271 293
271 295
271 298
272 277
272 279
272 281
272 286
272 287
272 289
272 291
272 292
272 299
273 274
273 275
273 281
273 282
273 284
273 289
273 290
273 297
273 299
274 276
274 279
274 280
274 282
274 283
274 289
274 291
274 293
274 299
275 279
275 282
275 287
275 288
275 289
275 292
275 294
275 296
275 297
276 279
276 280
276 284
276 285
276 286
276 287
276 293
276 296
277 279
277 282
277 293
277 294
277 295
278 279
278 280
278 285
278 289
278 291
278 293
278 295
278 296
279 281
279 282
279 284
279 286
279 288
279 289
279 293
279 294
279 295
280 284
280 287
280 288
280 290
280 293
280 294
280 295
280 298
281 283
281 284
281 298
281 299
282 284
282 285
282 287
282 290
282 293
282 294
282 298
282 299
283 288
283 290
283 293
283 295
284 289
284 291
284 292
284 296
284 297
284 299
285 288
285 290
285 299
286 288
286 292
286 293
286 295
286 297
286 299
287 288
287 291
287 296
288 291
288 293
288 296
289 298
290 291
290 292
290 293
290 296
290 298
290 299
291 294
292 295
293 294
293 295
293 298
294 297
294 299
295 299
296 297
