1	30
1	1412
6	3352
2	5254
2	5543
2	7478
1	72
1	285
6	417
6	465
4	608
1	762
6	825
6	827
6	974
1	1140
6	1166
1	1185
6	1239
4	1247
1	1297
6	1307
4	1310
4	1385
6	1453
1	1549
6	1571
1	1633
4	1680
6	1688
6	1706
6	1729
4	1769
4	1799
6	1990
6	2066
6	2114
6	2134
6	2144
6	2145
1	2240
6	2252
6	2257
6	2289
6	2297
6	2324
6	2326
6	2328
6	2338
4	2354
4	2369
4	2381
6	2384
4	2398
6	2411
2	2433
6	2485
6	2506
6	2510
4	2516
6	2517
6	2535
6	2544
6	2565
6	2576
4	2592
6	2595
6	2619
6	2646
6	2653
6	2654
6	2655
6	2657
6	2660
4	2667
6	2674
6	2687
4	2689
6	2693
4	2696
6	2727
6	2746
6	2747
4	2760
4	2775
2	2785
4	2787
6	2790
6	2819
4	2822
6	2859
6	2871
6	2900
4	2909
6	2932
6	2958
6	2973
6	2981
6	3005
6	3007
6	3009
6	3014
6	3024
6	3026
4	3027
6	3028
6	3059
6	3084
4	3089
4	3092
4	3103
4	3106
6	3114
6	3117
6	3125
6	3140
6	3144
6	3173
6	3180
6	3192
6	3258
6	3260
6	3276
6	3291
6	3309
6	3313
2	3346
6	3394
6	3404
6	3408
4	3417
6	3435
6	3443
4	3447
4	3452
6	3454
4	3455
4	3456
4	3464
6	3483
6	3516
6	3529
4	3537
6	3557
6	3562
6	3567
6	3568
4	3607
6	3615
6	3631
6	3635
4	3643
6	3645
6	3650
6	3660
6	3661
4	3664
6	3670
6	3680
4	3691
6	3717
6	3724
6	3800
4	3808
6	3812
4	3813
4	3835
4	3843
6	3847
6	3887
6	3892
4	3897
6	3903
4	3910
6	3921
6	3926
6	3937
4	3958
6	3967
6	3970
4	3976
6	3999
6	4011
6	4013
6	4021
6	4024
2	4037
4	4040
6	4043
6	4051
6	4055
6	4058
6	4088
6	4110
4	4124
6	4138
6	4162
6	4179
6	4181
4	4191
6	4201
4	4212
6	4233
6	4234
4	4247
6	4256
6	4263
4	4266
6	4269
6	4289
6	4290
6	4299
4	4315
6	4323
4	4335
6	4349
4	4355
6	4365
6	4373
6	4384
4	4400
2	4412
6	4417
6	4422
6	4424
4	4448
6	4471
6	4480
4	4482
6	4485
6	4510
6	4528
4	4531
4	4536
4	4547
4	4551
4	4587
4	4613
4	4666
2	4712
2	4717
4	4719
6	4735
4	4824
4	4827
4	4828
4	4866
4	4929
4	4953
4	4962
4	4964
4	4999
4	5083
4	5092
4	5123
4	5130
4	5132
4	5162
4	5204
4	5222
2	5233
4	5239
2	5288
4	5308
4	5323
4	5327
4	5335
4	5341
4	5364
4	5392
4	5412
2	5423
4	5430
4	5449
4	5457
4	5467
2	5817
6	8293
6	8294
2	840
4	896
2	2160
2	4361
2	4713
4	5178
4	5321
2	5714
2	5807
2	5822
2	5839
2	6299
2	6496
2	6566
2	6628
2	6707
2	6765
2	6832
2	6840
2	6860
2	6946
2	7144
2	7620
2	7632
2	7835
2	7890
4	15
2	737
4	1159
4	2276
6	2507
2	2511
2	2589
2	2658
4	2765
2	2774
2	2851
4	2925
6	2940
4	3015
2	3334
2	3459
4	3498
2	3586
2	3634
2	3792
2	3830
4	3873
2	3962
4	4041
6	4065
2	4134
4	4310
2	4483
2	4488
4	4527
4	4715
2	4764
4	4781
2	4944
4	4980
4	5061
2	5079
2	5096
2	5103
4	5121
4	5182
2	5199
2	5200
4	5262
2	5273
2	5295
2	5384
4	5437
2	5524
4	5527
4	5545
2	5563
2	5596
4	5624
4	5684
2	5697
2	5739
4	5753
2	5798
2	5800
2	5804
2	5806
2	5818
2	5872
2	5897
4	5925
4	5947
2	5998
2	6001
4	6029
4	6098
2	6123
4	6124
4	6148
4	6166
2	6227
4	6246
4	6251
2	6272
2	6296
2	6305
2	6306
2	6328
2	6330
2	6337
2	6555
2	6570
2	6589
2	6594
2	6624
2	6736
2	6774
2	6784
2	6790
2	6855
2	6869
2	6873
2	6897
2	6901
2	6930
2	6945
2	6953
2	6955
2	6979
2	6982
2	7040
2	7063
2	7092
2	7101
2	7119
2	7131
2	7143
2	7279
2	7373
2	7414
2	7510
2	7961
2	7979
1	3
1	28
1	39
1	54
1	108
1	152
1	178
1	182
1	214
1	271
1	286
1	300
1	348
1	349
1	371
1	567
1	581
1	584
1	586
1	590
1	604
1	611
1	8283
1	6
1	8
1	19
1	29
1	33
1	34
1	35
1	38
1	49
1	50
1	55
1	56
1	61
1	75
1	80
1	86
1	94
1	127
1	130
1	132
1	135
1	144
1	147
1	150
1	151
1	154
1	163
1	192
1	216
1	224
1	226
1	228
1	232
1	236
1	246
1	250
1	252
1	259
1	261
1	273
1	280
1	282
1	299
1	301
1	302
1	304
1	310
1	313
1	319
1	322
1	325
1	356
1	370
1	391
1	396
1	402
1	405
1	406
1	415
1	428
1	435
1	439
1	488
1	514
1	587
1	600
1	613
1	616
1	627
1	631
1	636
1	645
1	656
1	658
1	659
1	667
1	670
1	673
1	675
1	677
1	681
1	687
1	715
1	723
1	725
1	730
1	739
1	741
1	743
1	746
1	748
1	750
1	756
1	789
1	798
1	857
1	859
1	864
1	895
1	934
1	958
1	979
1	991
1	1014
1	1026
1	1030
1	1077
1	1160
1	1186
1	1190
1	1201
1	1286
1	1428
1	1604
1	1608
1	1638
1	1964
1	2470
1	2479
1	2801
1	8282
1	8284
1	8285
1	23
1	168
1	341
1	407
1	549
1	628
1	706
1	779
1	793
1	822
1	878
1	1007
1	373
1	394
1	95
1	589
1	665
1	8287
1	183
1	429
1	560
1	564
1	606
1	704
1	719
1	817
1	829
1	838
1	844
1	866
1	906
1	983
1	993
1	994
1	1482
4	1733
1	1893
1	1966
1	2073
6	2210
1	3755
4	4297
6	4578
4	4646
2	6006
2	7699
1	8288
6	204
1	243
1	427
1	432
1	644
1	647
1	650
1	694
1	805
1	966
1	971
1	972
1	977
1	982
1	1006
1	1043
1	1092
1	1127
1	1128
1	1131
1	1151
1	1156
1	1167
6	1305
1	1357
2	1374
1	1396
6	1416
1	1464
1	1473
1	1484
1	1525
1	1569
1	1718
1	1754
1	1864
1	1919
1	2329
1	2625
6	2697
1	2777
6	3251
6	3253
4	3787
2	6400
1	686
1	697
1	769
1	941
1	981
1	1022
1	1418
1	1419
1	2264
1	2501
6	2612
1	255
1	317
1	447
1	643
1	664
1	717
1	733
1	823
1	849
1	868
1	881
1	882
1	885
1	897
1	936
1	945
1	960
1	1023
1	1031
1	1032
1	1044
1	1053
6	1157
1	1196
1	1211
1	1222
1	1260
1	1261
1	1322
1	1446
1	1468
1	1485
1	1487
1	1573
1	1726
1	1956
1	2165
1	2339
1	2643
4	3796
4	4338
4	4661
4	5459
2	5775
2	6388
2	7277
2	7422
2	7795
2	7809
1	1600
1	403
1	1080
1	36
1	579
1	1062
1	1375
1	1377
1	25
1	257
1	306
1	308
1	339
1	358
1	363
1	377
1	379
1	422
1	545
1	592
1	696
1	893
1	959
1	10
1	89
1	93
1	140
1	153
1	167
1	171
1	175
1	219
1	227
1	258
1	274
1	290
1	298
1	359
1	362
1	378
1	390
1	392
1	421
1	431
1	433
1	440
1	538
1	566
1	609
1	617
1	619
1	668
1	691
1	700
1	761
1	765
1	791
1	802
1	813
1	820
1	826
1	863
1	871
1	904
1	907
1	913
1	922
1	932
1	955
1	963
1	978
1	995
1	1035
1	1055
1	1125
1	1144
1	1152
1	1168
1	1218
1	1220
1	1221
1	1234
1	1241
1	1248
1	1253
1	1321
1	1326
1	1389
1	1390
1	1394
1	1439
1	1441
1	1442
1	1465
1	1471
1	1472
1	1476
1	1478
1	1489
1	1490
1	1497
1	1501
1	1506
1	1507
1	1513
1	1514
1	1518
1	1524
1	1531
1	1532
1	1533
1	1538
1	1555
1	1556
1	1557
1	1563
1	1587
1	1597
1	1610
1	1619
1	1641
4	1648
1	1652
1	1654
1	1657
1	1662
1	1669
6	1679
1	1689
1	1692
1	1701
1	1716
1	1752
1	1758
1	1768
1	1774
1	1783
1	1787
1	1788
1	1798
1	1861
2	1982
1	2409
6	2651
1	2843
4	4792
4	4942
1	6965
2	7161
1	8290
1	389
1	506
1	524
1	607
1	622
1	624
1	637
1	657
1	674
1	749
1	760
6	778
1	806
1	810
1	875
2	938
1	601
1	794
1	942
1	989
1	1029
1	1039
1	1061
1	1123
1	1593
1	105
1	684
1	722
1	837
1	918
1	929
1	956
4	1548
1	1772
2	2273
6	3720
6	4103
2	5404
2	5582
2	5922
2	6198
2	6498
2	6503
2	6913
2	7052
2	7295
1	1717
1	2119
1	803
1	853
1	1075
1	1193
1	1203
1	1330
1	1413
1	321
1	682
1	714
1	784
1	795
1	1020
1	1432
1	32
1	515
1	771
1	928
1	1243
1	1884
1	311
1	332
1	626
1	908
1	937
1	1585
1	1672
1	1835
1	1855
1	1857
1	1859
1	1987
6	2016
1	2128
1	2157
1	2397
1	2570
1	2754
1	2763
6	2799
1	2809
6	2923
6	3050
1	3136
2	3310
6	3576
6	3681
4	4099
4	4687
2	5028
2	5421
4	5936
4	6094
2	6327
2	6914
2	7553
1	8291
1	324
1	663
1	873
1	2062
6	2237
1	2499
6	3034
6	346
6	1100
1	1267
1	1425
6	1744
1	1918
1	2072
6	2290
6	2323
6	2652
1	2685
4	2811
1	2877
6	2928
1	2946
1	2963
6	2977
6	2999
6	3265
6	3351
6	3520
6	3549
6	3580
6	3587
3	3713
6	3769
6	3804
6	4453
4	4811
4	5928
2	6156
2	7012
2	8178
1	1279
1	1628
1	2151
4	4875
4	5886
2	7050
1	1793
1	1192
1	1997
2	6437
1	633
1	763
1	1992
1	2834
4	5073
1	372
1	1012
1	1200
1	1250
1	1723
1	2004
1	2071
1	2246
1	2579
4	4808
2	8083
1	230
1	1496
1	1603
4	4557
1	707
1	742
1	903
1	1018
1	1141
1	1199
1	1236
1	1277
1	1378
1	1492
1	1537
1	1595
1	1646
1	1700
1	1714
1	1732
6	1935
1	1965
6	1984
1	2079
1	2097
1	2206
6	2209
1	2665
6	2686
6	3021
4	3191
6	3480
4	5176
2	5445
2	5969
1	350
2	425
1	710
1	861
1	948
1	999
1	1034
1	1038
1	1402
1	1566
1	1622
1	1661
1	1811
1	1847
1	2193
1	2345
6	2474
1	2805
1	2828
6	3150
6	3473
2	5584
1	338
1	935
1	946
1	947
1	985
1	1103
1	1111
1	1164
2	1191
1	1240
1	1285
1	1319
1	1407
1	1411
1	1520
1	1649
1	1746
6	1749
1	1757
1	1842
1	1888
1	1901
1	1903
1	1977
1	1979
1	2106
1	2117
1	2120
1	2121
1	2174
1	2241
1	2322
6	2325
1	2341
1	2375
1	2400
1	2593
1	2669
6	2700
1	2794
1	2955
6	3489
4	5072
2	5210
4	5651
4	5721
4	5844
2	6505
4	1360
1	2348
1	334
1	1296
2	6043
1	2770
1	887
1	1000
1	1049
1	1230
1	1284
1	1534
1	1629
1	1658
1	1816
1	1858
1	1908
1	1927
1	1953
1	1955
1	1963
1	1969
1	1973
1	1991
1	2137
1	2168
1	2211
1	2587
6	2594
6	2617
6	3020
1	3130
4	4846
4	5484
4	5559
4	5568
2	6770
2	7306
1	1420
6	2135
6	2708
2	6560
2	7646
1	559
6	856
1	1165
1	1315
1	1352
1	1353
1	1521
1	1564
1	1808
1	1836
1	1837
1	2060
6	2225
6	2251
6	2256
1	2475
6	2542
1	2736
4	3002
6	3018
6	3033
6	3164
4	3458
2	4071
4	4276
2	4441
2	4709
4	5226
4	5452
4	5511
2	5829
2	6004
2	6229
2	6613
2	6739
2	6833
2	6892
2	7115
2	7912
2	8042
2	8174
2	8212
2	8219
1	1382
1	1592
1	1734
1	2053
6	2234
6	2332
1	2333
1	2425
1	2484
1	2830
1	2880
6	2951
4	2972
6	3082
6	3256
1	797
6	4463
4	4600
1	565
6	4049
1	930
1	836
1	1435
1	1486
1	1636
1	1819
1	2385
1	1259
6	1393
6	2856
6	3030
2	3885
1	4
1	368
1	1137
1	1678
1	1705
1	1730
1	2095
6	2371
6	3056
4	8295
6	2508
1	1266
1	1771
1	2163
1	2205
1	2242
1	2670
1	5
1	1270
2	1612
6	2991
6	3974
0	6691
2	6875
1	575
1	705
1	1154
2	4689
4	6262
1	1372
1	2181
2	5773
4	5828
2	8141
1	1805
6	2356
2	4983
1	5793
1	1833
1	1950
6	2707
2	5802
2	967
1	1580
1	1697
1	2629
6	3029
6	3547
4	3748
2	3752
4	3854
2	4632
4	4954
2	4994
2	5002
4	5020
4	5026
4	5075
2	6097
4	6110
2	6347
2	6442
2	6715
2	7021
2	7910
2	8037
2	8121
2	8163
6	3776
2	7094
1	1384
4	4175
1	618
1	839
4	1542
1	1621
1	1802
1	2091
1	2604
6	3148
2	3803
4	4261
4	4653
4	4706
2	5466
4	5693
2	6780
2	7443
2	7813
2	7862
4	3321
2	7992
6	4078
1	2253
6	3338
6	3871
6	4117
2	6934
1	1097
1	2102
6	2231
6	2662
1	2814
6	2912
1	1547
1	1565
1	1653
1	1780
1	1920
1	2281
6	2307
1	2350
4	2364
4	2456
4	2831
4	3073
4	3393
4	3433
4	3460
4	3554
4	4219
4	4530
4	4797
4	4814
4	4820
4	4977
2	5022
4	5055
4	5058
4	5100
4	5120
4	5155
4	5463
4	5470
4	5506
4	5509
4	5539
4	5683
4	5743
4	5994
2	6432
2	6481
2	6553
2	6606
2	5811
2	5902
4	5991
2	6417
2	7899
6	3439
6	4351
1	968
1	1291
6	1437
1	1444
6	1915
1	2076
1	2410
6	2560
6	2597
1	2815
6	2968
4	3284
6	3646
6	3875
6	4402
4	5848
1	1124
6	1596
1	1613
1	1618
1	1687
6	1781
1	1792
6	1814
1	1849
1	1880
1	1970
1	2055
1	2101
6	2116
1	2182
1	2294
1	2340
4	2490
1	2504
6	2550
1	2571
1	2575
1	2580
6	2623
1	2638
6	2713
1	2720
6	2724
1	2797
6	2838
1	2922
6	2966
6	2979
6	3099
1	3105
6	3235
6	3307
6	3320
6	3371
6	3446
6	3506
1	943
1	1287
1	2990
6	2993
1	2996
6	3023
1	1747
1	1791
1	2751
6	1550
6	3807
1	1114
1	2435
1	975
1	1583
1	1637
1	1707
1	1848
1	2069
1	2195
4	2386
6	3888
2	5064
6	2547
2	7073
2	1493
2	1823
5	2285
6	2416
2	2620
6	2902
6	3541
2	5148
4	5780
4	5790
4	5863
4	5963
2	6523
2	6599
2	6665
2	6720
2	7047
2	7497
2	7544
2	7683
2	7707
2	7726
1	764
1	1282
1	1985
1	2085
1	2178
4	3956
2	1498
6	2585
1	2647
6	2650
6	3200
1	8292
1	64
1	314
4	3274
6	2918
6	3376
6	3946
1	2599
6	2721
6	2844
1	1983
1	2007
1	2202
1	2679
1	3080
6	3104
6	3811
2	7005
4	4796
1	1581
2	3238
2	5012
2	5246
2	7855
2	3348
6	3171
2	8134
2	6576
6	2618
6	3155
4	525
1	1510
6	1777
4	2001
1	2233
4	2258
4	2277
1	2366
2	2440
4	2605
1	2607
6	3010
1	3138
4	3453
4	3463
6	3745
2	3842
6	3880
6	3912
6	3939
2	4009
4	4189
4	4211
4	4272
1	4303
4	4468
4	4574
4	4776
4	5215
4	5285
4	5305
4	5312
4	5454
4	5482
4	5637
4	5732
2	5776
2	6634
2	7168
2	7185
2	7237
2	4795
4	4899
2	5188
4	5638
2	5671
4	5680
2	6221
2	6414
2	6723
2	7381
2	7763
2	7946
2	3919
2	5037
2	6270
2	6712
2	6948
2	6994
2	7658
2	7839
6	3301
6	3409
6	3410
6	3486
6	3548
6	3609
6	3629
6	3772
6	3785
2	3809
6	3822
6	3825
6	3849
6	3856
6	3867
4	3898
4	3911
6	3914
6	3933
6	4030
4	4047
4	4072
6	4111
6	4231
6	4254
4	4620
4	4648
4	4662
4	4778
4	4780
4	4938
4	4993
2	5819
4	2910
2	3726
4	4534
4	5189
4	5387
4	5640
4	2014
2	6600
2	4507
4	4777
2	4981
4	5298
4	5326
2	5465
2	5605
4	5745
4	5756
2	5871
2	6032
2	6044
2	6421
2	6700
2	6783
2	6938
2	7280
2	7574
2	7788
2	7908
4	7909
2	8079
6	1972
4	3479
4	3614
2	4401
2	4604
4	4748
2	4791
2	4798
4	5301
2	5439
2	5479
4	5620
2	5626
2	5738
2	5799
2	5814
2	5827
4	5837
4	5860
4	5891
4	5926
2	5932
4	6021
2	6170
2	6218
2	6255
2	6302
2	6311
2	6323
2	6334
2	6441
2	6458
2	6474
2	6501
2	6511
2	6528
2	6532
2	6552
2	6554
2	6595
2	6632
2	6663
2	6668
2	6699
2	6803
2	7214
2	7362
2	7393
2	7810
2	8124
2	1403
2	3000
2	3293
2	3381
4	3969
2	4341
2	4435
2	5289
2	5432
2	5614
2	5760
2	5835
2	5933
2	6151
2	6174
2	6241
2	6243
2	6907
2	6918
2	6980
2	7054
2	7225
2	7378
2	7400
2	7450
2	7512
2	7529
2	7533
2	7561
2	7587
2	7618
2	7624
2	7649
2	7651
2	7662
2	7694
2	7695
2	7757
2	7799
2	7803
2	7860
2	7871
2	7882
2	7927
2	8044
2	8122
2	8128
1	7
1	517
1	1323
1	2768
6	2109
4	5144
2	5529
2	7289
6	4403
6	2926
2	7778
1	9
2	8149
1	11
1	744
1	2362
1	2426
4	3806
4	4044
4	5106
1	8286
1	477
6	2229
4	4561
4	4645
4	4658
4	4098
6	3942
1	8289
6	3671
1	1232
1	2591
1	2818
1	2821
6	2825
4	2917
6	3068
6	3145
6	3255
4	5263
2	6714
6	3816
6	3908
6	4173
4	4678
6	4783
4	4986
4	5351
4	5426
4	5487
4	5592
4	5623
4	5737
4	5740
2	6360
2	6590
2	6592
2	7250
2	8246
1	1770
1	2083
6	4385
1	3205
4	5973
4	6027
2	7436
1	2247
4	4728
6	3243
1	2112
1	2781
4	5141
4	1961
4	5650
4	6226
2	7341
2	7879
2	6424
2	7386
6	3193
6	3126
6	3429
4	2956
4	4127
2	4432
4	4529
4	5757
6	3324
4	3461
6	3538
6	3973
6	4188
4	4199
4	4588
2	7108
6	3237
2	6789
2	1865
2	2223
4	2764
2	3297
2	5500
2	6320
2	6850
2	7059
2	7088
2	7120
2	7233
2	7301
2	7351
2	7391
2	8002
2	8168
2	8192
2	8198
2	8297
6	3319
2	4884
6	4411
6	2129
1	2423
6	4012
4	5115
2	5140
4	5415
4	5850
4	6009
4	6059
4	6083
4	6096
4	6261
2	6447
2	7074
2	7449
2	7691
2	8148
2	5655
1	2378
1	4580
2	7924
4	2552
1	2244
6	3616
1	2798
4	3922
6	3266
4	5146
2	6000
4	5208
2	7146
2	6621
2	6762
2	1074
2	5950
1	2185
6	2422
6	4386
6	4218
1	2672
6	4183
2	6567
2	7517
6	3465
6	4876
6	3556
6	2974
6	3669
6	3893
4	4500
2	7304
2	6976
2	7833
2	7965
6	3971
4	8296
4	5311
2	6422
2	6759
4	5375
2	155
6	1024
1	2133
2	3770
6	4031
4	4298
6	4331
4	4558
4	4562
4	4583
4	4605
4	4631
2	4940
2	5179
4	5245
2	5378
2	5406
2	5772
2	5812
2	5887
2	6596
2	6618
2	6737
2	6923
2	6933
2	6942
2	6993
2	7110
2	7116
2	7186
2	7201
2	7238
2	7319
2	7389
2	7442
2	7567
2	7588
2	7593
2	7634
2	7666
2	7668
2	7673
2	7701
2	7791
2	7819
2	7857
2	7921
2	7928
2	7994
2	7996
2	8051
2	8068
2	8073
2	8130
2	8132
2	8169
2	8209
2	8224
2	8237
2	8249
6	3555
4	6543
6	3285
4	4621
4	5977
2	5980
4	6105
2	6111
4	5784
4	4831
2	7604
6	3980
6	4171
6	4332
4	4552
4	4677
6	3949
4	4466
6	4235
2	7149
6	3109
4	3271
6	4216
4	4220
4	4550
4	4584
4	4639
4	4650
6	4684
4	4779
4	4822
4	4887
4	4987
4	5043
4	5267
4	5350
4	5442
4	6130
4	6321
2	6340
2	6376
2	6409
2	6427
2	6462
6	6475
2	6529
2	6670
2	6685
2	6686
2	7290
4	5309
4	5705
4	5931
6	3201
2	5824
2	4786
2	7493
6	3737
4	5417
4	5564
4	5882
4	5255
2	6307
2	8263
4	4654
4	4815
2	4879
2	4934
4	5044
4	5368
4	6109
4	6225
2	6724
2	6920
4	6997
2	7222
2	7262
4	4068
4	4880
4	5033
4	5306
4	5354
2	5393
4	5471
4	6041
4	6054
2	6571
2	6725
2	6777
2	6805
2	6809
4	6826
6	4311
4	5499
6	4265
2	6162
6	4359
4	5639
6	4014
4	4966
4	6269
4	6278
2	6709
2	8204
2	8226
4	4809
4	4991
4	5271
4	5362
4	5635
6	7292
4	4946
2	7874
4	5664
4	7297
2	7365
2	7397
2	2914
2	4992
2	6047
2	6407
2	6435
2	6464
2	6472
2	6491
2	6530
2	6806
2	6967
2	7060
2	7246
2	7491
2	7557
2	7647
2	7652
2	8090
2	8225
1	12
1	13
1	14
2	6280
2	6772
2	6917
2	6924
2	7162
2	7323
2	7669
2	7675
2	7730
1	16
1	17
1	18
1	20
2	6813
4	5513
2	6987
2	7434
2	7508
4	8058
2	6023
1	21
1	22
1	24
4	5469
6	2645
4	5296
2	8186
2	7490
2	7648
4	5630
4	6078
6	3623
4	5972
2	6344
2	6680
4	5588
4	5514
4	5673
2	7653
4	5045
2	2376
2	5709
2	7359
2	7520
4	222
4	6164
4	5253
2	6890
2	6951
4	5706
4	6080
4	6107
4	5809
4	6161
2	6661
2	6755
2	6769
2	6788
2	5801
6	5956
2	7204
2	7243
2	7315
2	7690
2	8275
2	6641
1	37
4	5260
4	5303
4	5388
4	5481
4	6257
2	6568
2	7254
2	7439
2	7498
1	40
1	26
1	419
1	41
1	42
1	43
1	44
4	5133
2	7023
2	7257
4	6858
2	7952
2	8033
1	45
1	46
1	47
1	1300
4	1060
1	48
1	51
1	52
6	53
6	4389
4	5274
2	8043
4	4625
2	5145
4	5310
4	5570
2	6778
2	8277
2	7423
2	7440
2	7590
2	7642
2	7688
2	8007
2	8019
2	8025
1	57
1	58
1	59
4	5663
4	5694
4	6235
2	6611
2	7734
4	5830
4	6010
4	5713
4	5778
4	5782
1	60
1	62
1	2092
1	27
4	5231
4	5434
4	5665
4	5955
4	6106
4	6721
1	63
1	65
1	66
4	2342
4	5363
2	7740
1	73
1	76
1	78
1	79
1	77
1	81
1	83
1	91
1	67
1	84
1	85
2	7215
1	71
1	87
4	5240
4	5533
6	6279
6	3036
2	8038
2	4886
1	88
4	7042
2	8050
2	8235
1	90
1	92
1	82
2	99
1	96
1	100
1	98
1	31
1	102
1	103
4	5503
4	6950
2	7583
2	8024
2	8271
2	7506
2	8028
1	115
1	116
1	104
1	106
6	68
6	4896
2	6682
4	3832
4	4481
2	7387
4	5754
2	5643
4	5792
2	6149
2	7273
2	7316
2	7534
2	6756
2	7735
2	7913
4	5838
2	7407
1	117
1	118
1	119
1	107
2	109
2	8139
6	8227
4	5832
4	5880
2	7636
2	7881
2	7991
2	8276
2	7840
1	110
1	111
1	120
1	112
1	121
6	122
6	7708
1	113
1	123
1	124
1	114
1	126
2	6055
1	128
1	129
1	133
1	134
2	136
1	137
1	138
1	139
1	141
1	142
1	143
1	145
1	146
1	149
2	7672
1	156
1	157
1	158
1	159
1	160
1	161
1	162
1	165
6	172
6	3363
1	173
1	174
1	74
1	176
1	177
4	5569
1	179
1	180
1	181
1	166
1	185
1	194
1	187
6	188
1	189
1	196
1	190
1	197
1	195
1	198
1	199
1	191
1	200
1	201
1	202
1	203
1	205
1	206
1	207
1	208
1	209
1	210
1	125
1	215
1	217
1	221
1	223
1	225
1	240
1	242
1	244
1	245
1	247
1	231
1	233
1	234
1	235
1	237
1	248
1	238
1	239
1	169
1	253
1	254
1	256
1	260
1	263
1	264
1	265
1	266
1	267
1	268
1	269
1	270
1	276
1	277
1	275
1	241
1	283
1	284
1	287
1	288
1	289
4	291
1	294
1	292
1	293
1	295
1	296
1	297
1	249
1	303
1	307
1	320
1	309
2	7062
1	312
1	315
1	316
1	305
1	318
4	3797
1	329
1	330
1	323
1	326
1	331
1	327
1	251
1	328
1	333
2	335
1	336
1	337
1	340
1	342
1	343
1	344
1	345
1	351
1	355
1	352
1	353
1	357
1	193
1	364
1	365
1	366
1	369
1	367
1	374
1	375
1	376
1	386
1	381
1	382
1	387
1	101
1	383
1	384
1	393
2	395
2	6904
1	397
2	398
1	399
1	400
1	401
1	404
1	408
1	409
1	410
1	411
1	413
1	414
1	416
1	418
1	423
1	424
1	426
1	430
2	434
1	436
1	437
1	438
1	412
1	441
1	443
1	444
1	451
1	448
6	449
1	446
1	450
1	211
1	453
1	454
1	455
1	456
2	457
6	5631
2	7034
2	7957
4	8175
2	6983
1	458
1	460
1	461
1	462
1	463
1	467
1	468
1	164
1	472
1	476
1	479
1	480
1	481
1	486
1	473
1	489
1	490
1	492
1	493
1	494
1	497
1	498
1	499
1	501
1	502
1	504
1	507
1	513
1	511
1	509
1	516
1	519
1	520
6	521
1	522
1	523
1	445
1	527
1	528
1	531
1	530
1	529
6	534
1	536
1	539
1	540
1	541
1	542
1	543
1	544
1	546
1	551
1	218
1	547
1	548
1	550
1	552
1	553
6	554
1	555
1	556
1	557
1	558
1	561
1	562
1	563
1	568
1	569
1	570
1	571
1	572
1	573
1	574
1	576
1	577
1	578
2	580
1	583
4	582
1	585
1	588
1	591
1	595
1	593
1	596
1	594
1	597
1	598
1	599
1	602
1	605
1	610
1	612
1	614
1	615
1	495
1	620
1	621
1	625
1	632
1	634
1	646
1	635
1	638
1	640
1	641
1	642
1	648
1	649
1	651
1	655
1	652
1	653
1	654
1	661
1	662
1	666
1	639
1	669
1	672
1	676
1	678
1	683
6	688
1	689
4	690
1	692
1	693
1	695
1	699
1	701
1	703
1	708
1	709
1	711
1	712
1	713
1	716
1	718
1	720
1	721
1	724
1	726
1	727
1	728
1	729
1	731
1	732
2	7318
2	7765
2	8021
1	738
1	734
1	735
1	745
1	751
1	754
1	752
1	753
1	755
1	758
1	759
4	766
4	1971
4	6088
1	767
1	768
1	770
1	772
1	773
1	774
1	736
1	775
1	776
1	786
1	788
1	780
1	781
1	782
1	783
1	785
1	792
1	796
1	799
1	800
1	801
1	804
1	807
1	808
1	811
1	812
1	814
1	815
1	816
1	819
1	821
1	818
1	824
1	830
1	832
1	831
1	835
1	841
1	842
1	843
1	845
1	847
1	848
1	851
1	854
1	855
1	852
1	860
1	862
1	865
1	867
1	869
1	870
1	874
1	876
1	877
6	879
1	880
1	883
1	886
1	888
1	889
1	890
1	891
1	892
1	469
1	898
1	900
1	902
1	905
2	909
1	910
1	911
1	912
1	914
1	923
1	915
1	916
1	917
1	919
1	920
1	921
1	924
1	787
1	927
1	926
1	931
1	940
1	944
1	949
4	950
1	951
1	954
1	957
1	961
1	965
1	962
1	964
1	933
1	969
1	970
1	973
1	976
1	980
1	984
1	986
6	988
1	987
1	990
1	992
1	996
1	998
1	1005
1	1001
1	1002
1	1003
2	1004
2	1008
6	1011
1	1013
1	1016
1	1017
1	1019
1	1009
1	1021
1	1025
1	1027
1	1028
1	1033
1	1037
1	1040
4	1041
1	1042
1	1045
1	1046
1	1047
4	1048
1	1050
1	1052
1	1051
1	1058
1	1059
2	1063
1	1064
1	1067
1	1065
1	1066
1	1070
1	1071
1	1072
1	872
1	1084
1	1078
1	1079
1	1081
1	1082
1	1083
1	1085
1	1086
1	1089
1	1087
1	1088
1	1093
1	1094
1	1095
1	1096
2	1098
1	1099
1	1104
1	1105
1	1106
1	1101
1	1107
1	1108
1	1109
1	1110
1	1112
1	1113
1	1102
1	1115
1	1120
1	1126
1	1129
1	1130
2	1132
4	1133
1	1134
1	1135
1	1664
1	1138
1	1139
1	1142
1	1143
1	1068
1	1145
1	1146
1	1147
1	1148
1	1150
1	1155
1	1158
1	1161
1	1177
1	1178
4	1179
6	1169
1	1170
1	1180
1	1171
1	1090
1	1172
1	1173
1	1174
1	1175
1	1182
1	1183
1	1176
1	1187
6	1188
1	1189
1	1194
1	1195
1	1197
1	1198
1	1202
1	1204
1	1205
1	1206
4	1207
1	1208
1	1209
1	1210
1	1212
1	1213
1	1214
1	1215
1	1216
1	1219
1	1223
1	1224
1	1225
1	1226
1	1227
6	1228
1	1229
1	1231
1	1233
1	1235
1	1237
1	1238
1	1242
4	1244
1	1245
1	1246
1	1252
1	1254
1	1255
1	1256
1	1257
1	1258
1	1262
1	1264
1	1268
1	1269
1	1271
1	1272
1	1273
1	1274
1	1275
1	1278
1	1276
1	1280
1	1281
1	1290
1	1292
1	1293
1	1294
1	1295
1	1298
1	1299
1	1301
1	1302
1	1303
1	1304
1	1306
1	1308
1	1309
1	1313
1	1311
1	1312
1	1314
1	1316
1	1317
1	1318
6	1320
1	1324
1	1327
1	1328
1	1325
1	1329
1	1331
1	1332
1	1333
1	1334
1	1335
4	1336
1	1337
1	1338
1	1339
1	1340
1	1341
1	1342
4	1343
1	1344
1	1345
1	1346
1	1349
1	1350
1	1351
4	1359
1	1354
1	1355
1	1361
1	1356
1	1362
1	1358
2	1365
1	1366
6	1367
6	1368
1	1369
1	1370
1	1373
1	1376
1	1379
1	1380
1	1381
1	1383
1	1386
1	1387
1	1388
1	1391
1	1392
1	1395
1	1397
1	1398
1	1399
1	1400
2	1401
1	1404
1	1405
1	1406
1	1408
1	1409
1	1410
1	1421
1	1422
1	1423
1	1424
1	1426
6	1427
1	1429
6	1430
1	1431
1	1433
1	1434
1	1436
1	1184
1	1438
1	1440
1	1443
1	1445
1	1447
1	1448
1	1449
1	1450
1	1451
6	1452
1	1454
1	1455
1	1456
4	1457
1	1458
1	1459
1	1460
1	1461
1	1462
1	1463
1	1466
1	1467
1	1469
1	1470
6	1474
1	1480
1	1481
1	1483
1	1488
1	1494
1	1495
1	1499
1	1500
1	1502
1	1503
1	1504
1	1505
1	1511
1	1512
1	1515
1	1516
1	1517
1	1519
6	1522
1	1523
1	1527
1	1526
1	1528
1	1535
1	1536
2	1539
1	1540
1	1541
1	1543
1	1545
1	1546
1	1552
1	1553
1	1551
4	1554
1	1558
1	1559
1	1560
1	1568
1	1570
1	1572
1	1574
1	1575
1	1576
1	1578
1	1579
1	1010
1	1582
1	1584
1	1588
1	1589
1	1590
1	1591
1	1594
1	1599
1	1601
1	1602
1	1605
1	1606
1	1607
1	1609
6	1611
1	1614
1	1615
1	1616
1	1617
1	1530
1	1620
1	1623
1	1625
1	1627
6	1626
1	1630
1	1631
1	1632
1	1634
1	1635
1	1639
1	1642
1	1643
1	1644
4	1645
1	1650
1	1651
1	1655
1	1656
1	1659
1	1660
1	1663
1	1665
1	1666
2	1667
1	1668
1	1670
1	1671
4	1647
1	1674
1	1675
1	1676
1	1677
6	1681
1	1682
1	1683
1	1685
1	1684
1	1686
1	1690
1	1691
1	1693
1	1694
1	1695
1	1696
1	1698
1	1699
1	1711
1	1703
1	1704
1	1708
1	1709
1	1710
1	1712
1	1713
1	1715
1	1719
1	1720
1	1721
2	1722
1	1724
1	1725
1	1728
1	1731
1	1735
1	1736
4	1737
1	1740
1	1738
1	1739
1	1741
1	1742
1	1743
1	1745
6	1748
1	1753
1	1755
1	1756
1	1760
1	1761
2	1762
1	1763
1	1764
1	1765
1	1766
6	1767
6	2678
1	1759
1	1773
6	1775
1	1778
6	1782
6	1751
1	1784
1	1785
4	1789
1	1790
6	1795
1	679
2	1796
1	1797
1	1800
1	1803
1	1804
1	1806
4	1807
1	1809
1	1810
1	1812
6	1813
1	1820
6	1821
1	1822
1	1825
1	1826
6	1827
1	347
1	1828
1	1829
1	1838
1	1830
1	1831
6	1832
1	1834
1	1839
1	1840
1	1841
1	1844
1	1845
1	1846
1	1852
1	1853
1	1856
1	1860
1	1862
1	1866
1	1867
1	1868
1	1869
1	1870
4	1874
6	1875
1	1871
1	1872
1	1876
1	1873
2	1879
1	1881
1	1882
1	1883
6	1885
1	1886
1	1887
1	1889
1	1891
1	1892
1	1894
1	1895
6	1896
1	1897
1	1899
1	1900
1	1902
1	1905
1	1906
1	1907
1	1909
1	1911
6	1912
1	1913
1	1914
1	1916
1	1917
1	1921
6	1922
1	1923
4	1924
1	1925
1	1928
1	1890
1	1926
1	1929
1	1930
1	1931
4	1937
1	1932
1	1933
1	1938
1	1934
1	1939
1	1940
1	1941
1	1943
1	1944
1	1945
6	1946
6	1947
1	1948
6	1951
1	1958
1	1959
1	1960
1	1962
6	1967
1	1968
1	1975
1	1976
1	1978
1	1952
1	1980
6	1981
1	1986
1	1988
1	1989
1	1993
1	1994
1	1995
1	1996
6	1794
1	2000
1	2002
1	2005
1	2008
1	2009
1	2040
2	2010
1	2011
1	2012
1	2013
1	2042
1	2015
1	2017
1	2018
1	2019
1	2020
1	2021
1	2044
1	2023
1	2024
1	2025
1	2026
1	2027
1	2045
1	2029
1	2030
1	2031
1	2032
4	2033
1	2034
1	2035
1	2036
2	2037
6	698
1	2038
6	2049
1	2050
1	2051
1	2052
1	2054
6	2056
6	2057
6	2058
2	2059
1	2061
1	2063
4	2064
6	2065
1	2068
1	2070
1	2077
1	2081
1	2082
1	2084
1	2086
1	2087
1	2088
1	2089
1	2090
1	2093
1	2096
1	2100
1	2099
1	2104
1	2103
1	2105
6	2108
1	2110
6	2111
4	2115
6	2118
1	2125
1	2126
1	2127
1	2130
1	2131
1	2132
1	2136
1	2138
1	2139
1	2141
1	2142
1	2143
1	2146
1	2147
1	2148
1	2149
1	2150
1	2152
1	2156
1	2155
1	2159
1	2161
1	2164
1	2167
1	2169
6	2170
6	2171
1	2172
1	2173
1	2175
6	2176
6	2177
1	2179
1	2180
1	2183
1	2184
6	2186
1	2187
4	2188
1	2189
1	2190
1	2191
2	2192
1	2194
6	2196
1	2197
1	2198
1	2199
1	2200
1	2201
1	2203
1	2204
1	2212
1	2213
1	2214
1	2215
1	2216
6	2217
1	2218
1	2219
1	2221
1	2222
1	2224
2	2226
1	2227
6	2228
1	2230
1	2232
1	2235
6	2236
1	2238
1	2239
6	2041
1	2243
2	2249
1	2250
1	2254
1	2255
1	2259
1	2260
1	2261
1	2262
1	2153
1	2266
2	2267
2	2268
2	2269
2	2270
1	2274
4	2278
1	2280
1	2282
4	2283
1	2286
1	2287
6	2288
1	2291
1	2292
1	2265
1	2293
4	2295
1	2296
6	2298
6	2299
1	2300
1	2301
1	2302
5	2308
5	2310
5	2311
5	2312
5	2313
5	2314
5	2315
5	2309
4	2316
5	2317
5	2318
6	2319
5	2320
4	2321
1	2330
1	1561
1	2331
1	2334
1	2335
1	2336
1	2337
1	2343
1	2344
1	2349
1	2351
6	2352
1	2353
1	2272
1	2357
6	2359
6	2360
1	2361
1	2363
6	2365
1	2367
6	2368
1	2370
1	2372
1	2374
6	2379
1	2380
1	2382
4	2387
1	2388
1	2389
6	2390
1	2392
1	2391
1	2394
1	2395
1	2396
1	2393
1	2399
1	2401
6	2402
6	2403
1	2404
1	2405
6	2406
1	2407
1	2306
1	2412
6	2413
1	2414
1	2417
1	2418
1	2113
1	2420
1	2419
1	2424
1	2428
6	2429
1	2427
1	2434
4	2437
1	2373
1	2438
1	2462
1	2463
1	2439
1	2441
1	2442
1	2443
1	2444
1	2445
1	2446
1	2094
1	2447
1	2448
1	2449
1	2450
4	2451
2	2452
1	2453
1	2454
1	2455
1	2465
1	2457
1	2466
2	2458
1	2459
1	2460
1	2461
1	2471
1	2472
1	2473
6	2476
1	2477
1	2478
4	2480
2	2481
1	2482
1	2487
6	2488
4	2489
1	2491
1	2492
2	2493
1	2494
1	2495
4	2496
6	2497
1	2500
6	2502
1	2503
1	2505
1	2509
6	2512
6	2514
6	2513
6	2515
6	2518
1	2519
1	2355
1	2520
1	2530
6	2531
1	2521
1	2522
1	2523
1	2534
1	2526
1	2527
1	2528
1	2536
1	2537
1	2538
1	2529
1	2540
1	1181
6	2541
1	2543
1	2498
6	2545
1	2546
6	2548
6	2549
1	2551
1	899
1	2555
1	2556
6	2566
1	2557
1	2469
1	2567
6	2558
6	2559
1	2561
1	2562
1	2563
6	2564
1	2569
1	2572
1	2573
1	2574
1	2577
1	2578
1	2581
1	2582
1	2583
1	2584
1	2586
1	2596
1	2598
1	2603
1	2606
1	2608
1	2609
1	2610
6	2611
6	2613
6	2614
1	2615
1	2616
1	2627
1	2626
6	2630
1	2631
1	2632
1	2633
1	1863
1	2634
1	2635
1	2636
1	2637
1	2639
1	2640
1	2641
1	2642
6	2644
1	2628
6	2648
6	2649
6	2656
6	2659
1	2661
1	2663
1	2664
1	2668
1	2671
1	2673
1	2675
1	2676
2	2677
4	2680
1	2682
6	2683
1	2684
6	2699
6	2701
4	2702
6	2703
4	2688
6	2704
6	2690
6	2691
6	2692
6	2705
6	2706
4	2694
6	2695
6	2698
1	2709
6	2711
6	2715
1	2716
1	2717
1	2718
6	2719
1	2722
1	2723
1	2725
1	2728
1	2730
1	2731
1	2733
1	2729
1	2734
6	2737
2	2738
2	2739
1	2740
1	2741
4	2744
1	2748
1	2749
4	2752
1	2753
1	2755
1	2757
1	2759
1	2761
1	2762
1	2766
1	2767
1	2771
1	2769
1	2772
1	2773
1	2776
1	2778
1	2779
4	2780
2	2782
2	2783
2	2784
4	2786
1	2788
1	2789
6	3592
1	2791
1	2792
4	2793
1	2796
4	2802
1	2803
6	2804
6	2807
4	2808
1	2813
1	2817
6	2823
6	2824
1	2826
6	2758
1	2827
6	2832
6	4264
1	2833
1	2835
2	2839
1	2840
1	2845
1	2846
1	2847
1	2848
1	2849
1	2850
4	2852
1	2853
2	2855
1	2857
1	2858
6	2860
1	2866
4	2867
1	2861
1	2868
1	2869
1	2862
1	2863
1	2870
1	2864
1	2865
6	2872
6	2875
1	2876
1	2879
1	2881
1	2882
4	2883
1	2884
6	2885
6	2467
1	2896
4	2568
2	2886
1	2887
1	2888
1	2464
4	2889
1	2890
1	2891
1	2892
1	2893
1	2894
1	2895
6	2898
1	2901
1	2899
2	2905
4	2903
6	2904
6	2906
4	2907
2	2908
6	2913
1	2916
1	2919
6	2921
6	2924
1	2929
1	2930
2	2931
6	2933
4	2935
6	2939
1	2938
6	2941
1	2936
1	2944
1	2945
6	2947
6	2948
6	2949
6	2950
1	2952
6	2953
1	2954
1	2957
1	2960
1	2961
1	2962
6	2964
6	2965
6	2967
6	4086
4	2971
6	2969
4	2970
6	2978
6	2980
6	2982
2	2983
4	2985
4	2986
1	2987
4	2988
6	2989
6	2992
6	2994
6	2995
6	2998
6	3001
6	3008
6	3003
6	3004
6	3006
1	3011
6	3012
6	3013
6	3016
6	3017
6	3019
6	3022
6	3025
6	3031
6	3032
4	3035
6	3037
6	3038
6	3039
6	3040
6	3041
6	3042
6	3043
6	3044
6	3048
6	3049
6	3046
6	3051
6	3052
6	3053
6	3054
6	3055
4	3057
6	3047
6	3060
6	3061
6	3062
6	2976
1	3066
6	3070
6	3071
6	3072
6	3074
6	3075
6	3076
6	3077
6	3078
6	3063
6	3081
6	3083
6	3085
4	3086
4	3087
2	3088
6	3090
6	3091
6	3093
4	3094
6	3097
6	3098
6	3095
6	3096
1	3101
6	3102
6	3107
6	2842
6	3617
6	3108
6	3110
1	3111
6	3112
6	3113
6	2003
6	3115
1	3118
1	3119
6	3120
6	3123
1	3124
6	3127
6	3701
1	3128
1	3129
1	3131
6	3132
1	3135
1	3133
1	3134
6	3137
6	3143
2	3142
6	3146
6	3147
6	3149
6	3151
6	3152
6	3153
6	3154
6	3156
6	3158
6	3159
4	3160
6	3162
6	3163
6	3165
6	3166
6	3167
1	3169
6	3168
6	3172
6	3174
6	3175
4	3176
4	3181
6	3190
6	3182
6	3183
6	3184
4	3185
6	3186
6	3187
6	3188
6	3189
6	3196
6	3197
6	3198
6	3199
6	3202
6	3203
6	3204
6	3206
6	3207
4	3208
4	3209
6	3212
6	3213
6	3215
6	3214
6	3216
4	3210
6	3217
6	532
6	3219
6	3220
6	3221
6	1509
6	3211
6	3218
6	3222
6	3223
6	3224
6	3225
1	3226
2	3227
1	3228
6	3229
6	3230
6	3231
6	3232
6	3234
6	3233
6	3239
6	3240
6	3241
6	3242
1	3246
1	3247
1	3248
1	3249
6	3250
6	3252
6	3257
6	3263
6	3264
4	3259
6	3261
6	3262
6	3267
6	3268
1	212
4	3269
1	3270
1	2624
6	3272
6	3280
1	3281
1	3273
6	3275
1	3277
1	3278
6	3279
6	3288
6	3292
6	3294
6	3296
6	3298
6	3299
6	3300
6	3302
6	3303
6	1529
6	3304
6	3305
6	3311
6	3312
6	3282
6	3314
4	3315
6	3290
6	3318
4	3316
6	3317
6	3322
6	3323
6	3325
6	3326
6	3335
6	3331
6	3332
6	3333
6	3339
4	3340
6	3341
6	3342
6	3343
6	3344
2	3345
6	3349
4	3350
6	3353
6	3354
2	3355
2	3360
2	3356
6	3357
2	3358
2	3359
6	3306
6	3361
2	3362
6	3368
6	3369
6	3370
4	3366
6	3367
6	3373
6	3374
6	3375
6	3377
4	3378
6	3379
6	3380
6	3382
6	3383
6	3384
6	3385
6	3388
1	3389
6	3391
6	3392
6	3395
6	3396
6	3397
6	3398
6	3399
6	3400
6	3401
6	3403
4	3402
6	3405
4	3390
6	3407
6	3406
1	3411
1	3412
6	3422
6	3423
6	3416
6	3424
4	3425
6	3418
6	3426
6	3434
6	3436
6	3437
6	3440
6	3441
6	3438
6	3444
4	3445
6	3448
4	3449
6	3450
6	3451
4	3457
4	3462
6	3466
6	3467
6	3468
6	3469
6	3470
4	3472
6	3471
6	3475
6	3481
6	3482
6	3477
4	3478
6	3487
6	3488
5	3492
6	3493
4	3490
6	3494
4	3495
6	3427
6	3496
5	3491
6	2524
6	3497
5	3499
6	3500
6	3504
6	3509
6	3510
6	3515
6	3511
6	3512
6	3513
6	3514
6	3518
6	3519
6	3521
4	3522
6	3523
6	3524
6	3525
6	3526
6	3527
6	3386
6	3530
6	3531
6	3532
6	3535
6	3536
6	3539
6	3540
6	3542
6	3543
6	3508
6	3544
6	3545
6	3550
6	3551
6	3552
6	3553
6	3558
6	3560
6	3561
2	3563
4	3564
4	3565
4	3566
6	3569
6	3577
6	3579
6	3578
6	3708
6	3581
6	3582
6	3583
6	3584
6	3585
6	3589
6	3528
6	3591
6	3590
2	3593
6	3594
6	3598
4	3595
6	3599
2	3600
4	3601
6	3596
6	3597
6	3602
4	3603
6	3605
6	3606
6	3610
6	3611
6	3613
6	3618
6	3619
6	3620
6	3621
6	3622
6	3624
6	3625
6	3604
6	3628
6	3630
6	3632
6	3633
6	3636
4	3637
6	3638
6	3639
6	3640
4	3641
2	3642
6	3649
6	3647
4	3651
4	3652
6	3654
6	3653
6	3655
4	3656
6	3657
4	3658
6	3659
2	3662
6	3663
2	3665
4	3666
6	3667
6	3668
4	3673
6	3674
6	3675
6	3676
6	3677
6	3678
6	3682
2	3683
6	3684
6	3685
6	3686
4	3692
6	3687
6	3688
6	3689
6	3690
6	3693
6	3694
6	3695
6	3696
6	3697
6	3698
6	3700
6	3702
6	3703
6	3704
6	3705
6	3706
6	3707
6	3709
2	2067
3	3711
3	3712
6	3714
6	3715
6	3718
6	3719
2	3723
1	3722
1	3733
2	3571
6	3725
1	3727
4	3728
6	3729
1	3735
1	3730
6	3731
6	3742
4	3743
6	3744
6	3746
2	3747
6	3749
6	3750
6	3751
6	3753
6	3754
4	3679
6	3757
6	3758
6	3759
6	3760
6	3761
6	3762
6	3763
2	3764
6	3765
6	3766
6	3767
6	3771
6	3774
6	3775
6	3777
6	4413
6	3779
6	3780
6	3781
6	3782
6	3784
6	3783
4	3786
6	2975
6	3791
4	3795
4	3794
6	3798
6	3799
2	3801
6	3802
6	3805
6	3810
6	3814
6	3815
6	3817
6	3823
6	3824
6	3827
6	3829
6	3821
6	3833
6	3834
6	3836
6	3837
6	3841
6	3839
6	3840
6	3844
4	3845
6	3848
6	3850
6	3851
6	3855
6	3858
6	3862
6	3863
6	3864
6	3865
6	3869
6	3870
6	3872
6	3648
6	3876
6	3878
4	3877
4	3881
6	3882
6	3883
6	3886
4	3889
6	3890
6	3891
6	3894
6	3895
6	3896
4	3900
6	3901
4	3902
6	3904
6	3905
6	3906
6	3907
6	3909
4	3916
6	3917
4	3918
6	3920
6	3923
6	3924
6	3925
6	3927
6	3928
4	3929
4	3930
6	3931
6	3932
6	3935
6	3936
6	3941
4	3943
4	3944
6	3947
4	3945
6	3948
6	3952
6	3953
6	3954
6	3955
6	3959
4	3960
6	3961
6	3964
2	3965
6	3963
6	3966
6	3957
6	3968
6	3977
6	3978
6	3979
6	3981
6	3987
4	3982
6	3989
4	3983
6	3984
6	3990
6	3985
6	3986
6	3991
6	3992
6	3997
4	3998
6	4000
4	4001
6	4005
6	4006
6	4007
4	4008
6	4010
6	4016
4	4015
6	4019
6	4020
6	4023
6	4025
6	4026
6	4027
6	4028
6	4034
6	4035
4	4036
6	4038
6	4039
6	4042
4	4045
4	4521
2	4046
6	4048
6	4050
6	4053
6	4056
6	4057
4	4059
6	4061
6	4062
4	4063
4	4077
6	4064
6	4066
6	4067
6	4069
6	4079
4	4070
4	4073
6	4074
6	4075
6	4080
6	4083
4	4082
6	4085
6	4089
6	4090
6	4091
6	4092
6	4095
6	4096
6	4097
6	4100
6	4108
6	4104
6	4105
6	4109
6	4106
6	4107
4	4116
6	4119
6	4120
6	4121
4	4076
6	4122
6	4123
6	4125
6	4126
6	4128
6	4237
6	4129
6	4130
6	4131
6	4132
4	4133
6	4135
6	4136
6	4137
6	4139
2	4140
6	4141
6	4142
6	4143
4	4144
4	4145
6	4146
6	4147
6	4148
4	4149
4	4150
4	4151
6	4152
6	4153
6	4154
4	4159
6	4163
2	4164
6	4165
6	4166
6	4155
2	4169
6	4170
6	4174
6	4176
6	4177
6	4178
6	4180
6	3819
6	4184
6	4185
4	4186
2	4187
4	4190
6	4194
2	4192
6	4195
6	4197
4	4198
2	4200
6	4207
4	4208
6	4202
6	4203
4	4204
4	3995
6	4209
4	4205
6	4210
6	4206
6	4215
6	4213
6	4214
6	4217
4	4222
6	4223
6	4224
2	4221
1	4225
6	4228
6	4232
6	4093
6	4236
6	4238
4	4240
4	4243
4	4244
4	4241
4	4242
4	4245
4	4246
6	4248
6	4249
6	4250
6	4251
4	4252
6	4229
4	4255
4	4257
6	4259
6	4260
6	4267
4	4275
6	4273
6	213
6	4277
6	4274
6	4278
6	4279
6	4280
4	4282
6	4283
6	4284
4	4285
2	4291
6	4292
4	4295
6	4296
6	4304
6	4305
4	4308
6	4306
6	4307
6	4312
6	4313
4	4314
4	4316
6	4317
4	4318
4	4319
6	4320
6	4321
6	4324
6	4325
4	4326
6	4327
6	4328
4	4329
4	4333
4	4334
4	4336
4	4337
4	4345
6	4346
6	4340
4	4342
2	4343
2	4347
6	4344
6	4348
6	4352
4	4353
4	4354
6	4357
6	4358
6	4360
2	4364
6	4362
4	4363
4	4366
6	2028
6	4368
6	4369
4	4371
6	4370
6	4372
6	4375
4	4377
6	4378
2	4383
6	4379
6	4380
6	4381
6	4382
6	4393
6	4394
6	4399
6	4322
2	4395
6	4396
6	4397
2	4398
6	4404
4	4408
4	4405
6	4414
4	4415
2	4416
6	4423
4	4425
4	4426
6	4427
4	4428
4	4429
4	4430
6	4431
4	4433
4	4434
4	4436
2	4437
4	4438
6	4439
4	4440
4	4442
6	4443
6	4444
6	4445
4	4446
2	4447
6	4449
2	4451
6	4452
6	4450
6	4454
4	4455
4	4539
2	4456
6	4457
4	4458
6	4459
4	4460
4	4461
6	2047
6	4462
6	4464
6	4465
6	4467
6	4469
6	4470
6	4473
4	4474
4	4477
2	4476
6	4478
6	4475
6	4479
1	4493
4	4486
4	5726
1	4494
1	4495
4	4489
1	4490
4	4496
1	4491
1	4497
6	4504
4	4502
6	4503
4	4492
4	4508
4	4509
6	4511
6	4498
4	4516
2	4523
2	4524
4	4526
4	4533
6	4535
6	4538
2	4542
4	4544
4	4543
6	4545
4	4553
4	4554
4	4555
4	4556
4	4560
4	4563
4	4564
6	4565
6	4566
6	4567
6	4568
6	4569
6	4575
4	4576
4	4577
4	4581
4	4582
4	4586
4	4592
4	4593
6	4594
4	4595
6	4596
6	4597
2	4598
4	4599
4	4602
4	4601
4	4603
4	4608
4	4607
4	4609
1	2841
1	4611
4	4612
6	4615
2	4616
6	4617
4	4618
4	4619
6	4622
6	4623
6	4624
6	4629
4	4626
6	4627
4	4630
4	4487
4	4633
4	4636
4	4638
6	4640
6	4641
6	4644
6	4649
4	4651
4	4652
4	4655
4	4635
4	4659
4	4660
4	4663
4	4664
4	4647
4	4665
4	4672
4	4667
2	4673
4	4668
2	4669
4	4670
4	4671
4	4674
4	4681
4	4683
4	4682
4	4686
4	4688
4	4693
4	4692
4	4694
4	4695
4	4696
4	4697
4	4698
4	4699
4	4700
4	4701
4	4702
4	4703
4	4704
4	4705
4	4707
4	4708
4	4710
4	4711
2	4714
4	4716
2	2621
4	4718
6	4721
6	4720
6	4723
4	4725
4	4726
4	4727
4	4733
6	4736
6	4675
6	4742
4	4737
6	4738
4	4739
4	4743
4	4745
6	4740
4	4744
4	4746
4	4741
4	4749
4	4750
4	4751
4	4754
4	4752
4	4753
4	4755
4	4756
4	4757
4	4759
4	4760
6	4761
6	4762
6	4763
4	4765
2	4771
6	4766
4	4773
4	4774
4	4782
4	4785
4	4787
2	4788
4	4789
4	4790
4	4793
4	4794
4	4799
4	4800
4	4803
4	4804
4	4805
4	4806
4	4807
4	4810
2	4813
4	4816
4	4817
4	4818
4	4819
4	4821
4	4823
4	4825
4	4826
4	4829
4	6856
4	4830
2	4832
6	4857
2	4833
6	4834
6	4835
6	4836
4	4837
4	4838
6	4839
4	4840
6	4858
6	4841
4	4842
4	4843
4	4844
4	4859
4	4860
6	4845
6	4847
6	4848
4	4849
4	4850
6	4861
1	4862
4	4851
4	4852
6	4863
4	4853
4	4854
6	4855
4	4856
4	4867
4	4868
4	4873
4	4801
4	4871
4	4869
2	4874
4	4870
4	4872
4	4881
2	4882
2	4883
4	4885
4	4889
4	4890
4	4891
4	4893
4	4894
4	4898
4	4900
4	4901
4	4903
4	4904
2	4905
2	4923
4	4906
2	4908
4	4924
4	4909
4	4910
2	4911
4	4912
2	4913
4	4914
2	4915
2	4916
2	4917
2	4918
2	4925
2	4919
2	4920
2	4926
2	4921
4	4922
4	4931
4	4932
4	4933
4	4935
4	4936
4	4937
2	4943
4	4945
4	4947
4	4948
4	4950
4	4951
4	4952
4	4957
2	4960
4	4963
4	4965
4	4967
4	4969
4	4970
4	4971
4	4972
4	4973
4	4974
4	4975
4	4976
2	2346
4	4978
4	4979
4	4982
4	4985
4	4988
4	4989
4	4995
4	4996
4	4864
4	5000
4	5001
4	5003
4	5005
4	4897
4	5006
4	5008
4	5009
2	5010
4	5011
4	5013
2	5016
4	5017
4	5018
2	5019
4	5024
4	5029
2	5031
2	5032
4	5035
4	5036
2	5038
4	5039
4	5040
4	5046
4	5047
2	5048
2	5051
4	5052
2	5053
4	5054
4	5057
2	5059
4	5060
4	5062
4	5063
4	5065
4	5069
4	5067
2	5068
4	5071
4	5077
4	5078
4	5080
4	5081
4	5084
4	5085
4	5086
4	5087
4	5088
4	5089
4	5090
4	5091
2	5095
4	5097
4	5099
4	5098
2	5102
2	6681
4	5104
4	5105
4	5109
4	5111
4	5110
4	5112
2	5114
4	5116
4	5117
4	5118
4	5119
4	5122
4	5127
4	5128
4	5129
4	5124
4	5125
4	5050
4	5126
4	5135
4	5136
4	5138
4	5139
4	5142
4	5150
4	5151
4	5152
4	5153
4	5154
4	5158
4	5159
4	5160
4	5161
4	5167
4	5163
4	5164
2	5166
4	5171
4	5172
2	5173
4	5174
4	5175
2	5177
2	7986
4	5180
4	5181
4	5183
4	5184
2	5185
4	5186
4	5187
4	5190
4	5191
4	5192
4	5194
4	5195
2	5196
4	5197
4	5198
2	5201
4	5202
4	5203
4	5207
2	5209
4	5213
4	5214
4	5216
4	5217
4	5218
4	5219
4	5220
4	5221
4	5224
4	5227
4	5228
4	5225
4	5229
4	5230
4	5232
4	5238
4	5242
4	5244
4	5241
4	5243
4	5250
4	5247
4	5248
4	5249
4	5252
4	5251
4	5261
4	4407
4	5265
4	5275
2	5276
4	5277
4	5278
2	5280
2	5281
4	5282
4	5283
2	5287
4	5284
4	5286
4	5290
4	5291
4	5294
4	5299
4	5300
4	5313
4	5314
4	5315
2	5316
4	5317
4	5320
4	5322
4	5324
4	5328
4	5329
4	5330
4	5333
4	5332
4	5334
4	5336
4	5339
4	5337
2	5342
4	5343
4	5344
4	5345
4	5346
4	5347
4	5348
4	5352
4	5353
4	5355
4	4591
4	5356
4	5357
4	5358
4	5264
4	5360
4	5361
4	5365
4	5366
4	5367
4	5370
4	5371
4	5372
4	5373
4	5374
2	5376
2	5377
4	5380
4	5381
4	5382
4	5385
4	5386
4	5390
4	5391
4	5395
4	5397
4	5398
4	5405
4	5399
4	5400
2	5401
4	5416
2	5418
2	5424
4	5419
2	5422
4	5427
4	5428
4	5429
4	5431
4	5435
4	5436
4	5438
4	5440
2	5446
4	5447
4	5448
2	5456
4	5455
4	5460
4	5461
4	5468
2	5472
4	5473
4	5474
4	5475
4	5476
4	5477
4	5478
4	5480
4	5483
4	5485
4	5486
4	5488
2	5489
4	5490
4	5491
4	5494
4	5495
4	5496
4	5462
4	5497
4	5501
4	5504
4	5505
4	5507
4	5508
4	5510
4	5512
4	5515
4	5516
4	5517
4	5518
4	5519
4	5520
4	5521
4	5522
4	5523
4	5525
2	5526
4	5530
2	5531
4	5528
2	5532
4	5534
4	5535
4	5536
4	5537
2	5193
4	5540
4	5541
4	5542
4	5544
4	5548
2	5549
2	5550
2	5551
4	5554
4	5552
2	5553
4	5555
4	5558
2	5561
4	5562
4	5565
4	5566
4	5567
4	5571
4	5572
4	5573
4	5577
4	5576
4	5578
4	5579
4	5580
4	5581
4	5583
4	5587
4	5589
2	5591
4	5594
4	5595
4	5598
4	5599
4	5600
4	5601
4	5602
4	5603
2	5604
4	5606
4	5607
4	5608
2	5612
4	5609
4	5610
4	5611
4	5613
2	5615
2	5616
4	5617
4	5622
4	5396
4	5627
4	5625
4	5628
4	5629
4	5633
4	5644
4	5636
4	5645
4	5646
4	5648
4	5649
4	5652
4	5653
4	5656
4	5657
2	5658
4	5659
4	5660
4	5661
4	5662
4	5668
4	5647
4	5666
2	5667
4	5669
4	5670
4	5674
4	5675
1	5676
4	5682
2	5686
4	5685
4	5687
4	5688
4	5689
4	5690
4	5691
2	5692
1	5695
1	5698
2	5696
2	5702
4	5703
4	5704
2	5708
4	5707
4	5710
4	5711
4	5712
6	5717
4	5718
4	5720
4	5722
4	5729
4	5730
4	5731
4	5733
4	5735
2	5741
4	4418
4	5744
4	5746
4	5750
4	5747
4	5748
4	5749
4	5751
4	5752
4	5755
4	5761
2	5763
1	5764
1	5765
4	5768
4	5769
4	5770
2	5771
2	5774
2	5781
4	5783
4	5785
4	5786
4	5787
2	5788
4	5789
4	5794
2	5796
2	5797
4	5803
2	5805
4	5808
2	5810
4	5813
2	5815
2	6871
2	5816
2	5820
2	5821
2	5823
4	5833
4	5834
4	5842
4	5840
4	5841
4	5836
4	5846
4	5852
4	5853
4	5854
4	3788
4	5855
4	5856
2	5857
2	5859
4	5861
4	5862
4	5864
4	5866
4	5868
4	5873
4	5874
4	5875
4	5876
4	5877
4	5878
4	5883
4	5884
4	5885
4	5888
4	5889
4	5890
2	5590
2	5892
4	5895
2	5896
4	5899
2	5070
4	5903
2	4767
4	5907
4	5911
2	5908
4	5909
4	5913
2	5915
4	5916
4	4927
4	5914
4	5917
4	5919
2	5920
2	5921
2	5923
4	5924
2	5927
4	5930
2	5934
4	5935
4	5937
4	5938
4	5942
4	5939
2	5940
4	5941
4	5944
4	5945
4	5946
2	5952
4	5962
4	5964
4	5958
2	5966
4	5959
4	5960
4	5093
4	5961
2	5981
2	5982
2	5983
2	5984
2	5985
2	5986
2	5987
2	5988
2	5989
2	5990
4	5992
4	5993
4	5997
4	6791
4	5967
2	5999
4	6005
4	6003
4	6007
2	6013
2	4409
4	6014
2	6015
2	6016
4	6017
4	6018
4	6019
2	6020
2	6024
4	6022
2	6026
4	6028
4	6030
4	6031
4	5978
4	6033
4	6034
4	6036
4	6037
4	6035
2	6038
4	6039
4	6042
2	6045
4	6046
4	6048
2	6049
4	6050
4	6051
4	6052
4	6053
4	6056
4	6057
4	6058
2	6060
2	6061
4	6062
2	6063
2	6064
2	6066
4	6070
2	6071
2	6072
2	6067
2	6068
4	6069
2	6073
2	6074
4	6075
4	6077
4	6079
2	6081
2	6082
4	6091
4	6092
2	6093
4	6108
4	6116
4	6112
4	6113
4	6114
4	6118
4	6119
4	6120
4	6121
2	6126
4	6129
4	6128
2	6127
4	6133
2	6134
4	6135
4	6141
4	6142
4	6143
4	6144
4	6145
4	6146
4	6147
2	6150
4	6152
4	6153
2	6155
2	6158
4	6157
4	6160
2	6165
4	6168
4	6169
4	6175
4	6176
4	6177
4	6178
2	6179
2	6180
4	6196
4	6197
4	6181
4	6182
4	6183
4	6184
4	6185
4	6186
4	6187
4	388
4	6188
4	6199
4	6200
4	6201
2	6202
4	6203
2	6204
2	6190
4	6205
4	6206
4	6207
4	6191
4	6192
2	6208
4	6193
2	6212
2	6213
4	6214
4	6215
2	6216
2	6217
2	6219
2	6220
4	6224
4	6222
2	6223
2	6230
2	6228
2	6232
4	6236
2	6239
4	6240
2	6242
4	6244
2	6245
4	6247
2	6248
2	6252
2	6253
2	6254
4	6263
4	6264
4	6265
2	6271
4	6273
2	6274
4	6275
4	6276
4	6282
4	6281
2	6286
2	6287
2	6288
2	6291
2	6292
2	6293
2	6294
2	6297
2	6295
2	6301
2	6304
2	6312
2	6313
2	6314
2	6315
2	6319
4	6132
2	6317
2	6324
2	6325
2	6326
2	6331
2	6332
2	6333
2	6339
2	6346
2	6348
2	6349
2	6350
6	4406
4	5995
6	6355
6	6356
2	6359
2	6298
2	6366
2	6351
2	6371
2	6374
2	6375
2	6377
2	6378
2	6379
2	6380
2	6381
2	6383
2	6387
2	5965
2	6389
2	6391
2	6392
2	6393
2	6394
2	6399
2	6395
2	6396
2	6397
2	6398
2	6406
2	6408
4	6410
4	6411
4	6412
4	6413
2	6415
2	6416
2	6423
2	6426
2	6429
2	6428
2	6430
2	6431
2	6436
2	6439
2	6440
2	6443
2	6444
2	6448
2	6445
2	850
2	6446
2	6450
2	6451
2	6452
2	6453
2	6454
2	6455
2	6456
2	6457
2	6459
2	6461
2	6466
2	6467
2	6468
2	6469
2	6470
2	6471
4	6477
2	6479
4	6478
2	6480
2	6483
2	6484
2	6485
2	6486
2	6487
2	6488
2	6489
2	6490
2	6492
2	6493
2	6494
2	6495
2	6497
2	6500
2	6502
2	6504
2	6506
2	6507
2	6508
2	6509
2	6510
2	6513
2	6514
2	6515
2	6516
6	6517
2	6518
2	6519
2	6520
2	6521
2	6522
2	6524
2	6525
2	6526
2	6527
2	6460
2	6533
2	6534
2	6537
2	6535
2	6538
2	6539
2	6536
2	6541
2	6542
2	6544
2	6545
2	6546
2	6547
2	6548
2	6550
2	6561
2	6565
2	6572
2	6573
2	6574
2	6575
2	6563
2	6577
5	6578
5	6579
5	6580
5	6586
5	6581
5	6582
5	6583
5	6587
5	6584
5	6588
5	6585
2	6598
2	6601
2	6602
2	6603
2	6604
2	6605
2	6607
2	6608
2	6612
2	6619
2	6614
2	6615
2	6616
2	6617
2	6622
2	6623
2	6625
2	6627
2	6626
2	6630
2	5943
2	6636
2	6633
2	6635
2	6639
2	6643
2	6644
2	6645
2	6646
2	6647
2	6655
2	6648
2	6649
2	6650
2	6651
2	6652
2	6653
2	6654
4	6656
2	6657
2	6658
2	6609
2	6660
2	6551
2	6666
2	6671
2	6672
2	6673
2	6674
2	6675
2	6676
2	6677
2	6678
2	6679
2	6683
2	6684
0	6687
0	6688
0	6689
0	6690
2	6695
2	6696
2	6697
2	6698
2	6701
2	6702
2	6703
2	6705
2	6706
2	6710
2	6711
2	6713
2	6718
2	6717
2	6719
2	6727
2	6728
2	6729
2	6730
2	6731
2	6732
2	6734
2	6735
2	6738
2	6744
2	6745
2	6746
2	6749
2	6751
2	6757
2	6726
2	6752
2	6753
2	6758
2	6760
2	6761
2	6764
2	6766
2	6767
2	6768
2	6771
2	6775
2	6773
2	6779
2	6781
2	6782
2	6787
2	6793
2	6794
2	6795
2	6797
2	6798
2	6800
2	6801
2	6802
2	6804
2	6808
2	6807
2	6810
2	6812
2	6811
2	6815
4	6816
2	6818
2	6819
2	5269
2	6821
2	6822
2	6824
2	6776
2	6828
2	6829
2	6834
2	6835
2	6836
2	6837
2	6841
2	6842
2	6843
2	6844
2	6845
2	6846
2	6848
2	6847
2	6852
2	6854
2	6859
2	6620
2	6861
2	6862
2	6863
2	6864
2	6866
2	6867
2	6865
2	6870
2	6876
2	6877
2	6878
2	6880
2	6881
2	6883
2	6884
2	6885
2	6747
2	6886
2	5410
2	6895
2	6896
2	6899
2	6900
2	6902
2	6903
4	6905
4	6915
2	6906
4	6908
4	6909
2	2415
4	6910
2	6916
2	6911
4	6912
2	6921
2	6922
2	6926
2	6927
2	6928
2	6929
2	6935
2	6936
2	6940
2	6941
4	6943
2	6949
2	6947
2	6954
2	6959
2	6692
2	6958
2	6960
2	6961
2	6962
2	6963
2	6968
2	6969
2	6316
2	6971
2	6972
2	6974
2	6975
2	6978
2	6981
2	6984
2	6985
2	6990
2	6991
2	6995
4	6996
2	6998
2	6999
2	7000
2	7001
2	7002
2	7003
2	7004
2	7006
2	7007
2	7008
2	7009
2	7010
4	7011
2	7013
2	7014
2	7015
2	7016
2	7017
2	7018
2	7019
2	7020
2	7022
2	7024
2	7025
2	7026
2	7027
2	7028
2	7029
4	7035
4	7036
4	7037
4	7041
2	7043
2	7044
2	7051
2	7045
2	7053
2	7046
2	7055
2	7048
2	7056
2	7049
2	7057
2	7030
2	7061
2	7064
6	7065
2	7038
2	7072
2	7070
2	7071
4	7079
2	7080
2	7797
2	7082
2	7085
2	7087
2	7086
2	7084
2	7090
2	5015
2	7089
2	7096
2	7095
2	7098
2	7099
2	7100
2	7103
2	7104
2	7106
2	7107
2	7109
2	7111
2	7112
2	7113
2	7114
2	7118
2	7117
2	7121
2	7123
2	7122
2	7124
2	7125
2	7127
2	7128
2	7129
2	7136
2	7130
2	7137
2	7126
2	7132
2	7133
2	7138
2	7134
2	7139
2	7140
2	7135
2	6986
2	7142
2	7145
2	7151
2	7153
2	7154
2	7155
2	7156
2	7157
2	7160
2	7158
2	7159
2	7163
2	7164
2	7165
2	7166
2	7167
2	7172
2	7173
2	7174
2	7175
2	7178
2	7179
2	7176
2	7177
2	7183
6	7184
6	7187
2	7188
2	7189
2	7192
2	7193
2	6889
2	7197
2	7198
2	7203
2	7205
2	7206
2	7210
2	7211
2	7212
2	7217
1	7219
1	7218
2	7220
2	7221
2	7223
2	7226
2	7227
2	7228
2	7229
2	5143
2	7230
2	7231
2	7232
2	7234
2	7235
2	7236
2	7239
2	7240
2	7241
2	7245
2	7251
2	7252
2	7253
2	7255
2	7260
2	7265
2	7266
2	7267
2	7268
2	7269
2	7270
2	7271
2	7276
2	7278
2	7282
2	7283
2	7284
2	7285
2	7286
2	7287
6	7291
2	7293
2	5949
2	7296
2	7298
2	7299
2	7300
2	7302
2	7305
2	7171
2	7309
2	7310
2	7317
2	7320
2	7294
2	7326
2	7327
2	7281
2	7329
2	7333
2	7330
2	7332
2	7335
2	7336
2	7337
2	7342
2	7345
2	7343
2	7344
2	7347
2	7348
2	7349
2	7350
2	7352
2	7353
2	7354
2	7355
2	7360
2	7363
2	7371
2	7374
2	7377
2	7379
2	7380
2	7357
2	7199
2	7382
6	7383
2	7390
6	7392
2	7321
2	7394
2	7170
2	7401
2	7402
2	7403
2	7404
2	7405
2	7409
2	7413
2	7416
2	7417
2	7418
2	7419
2	7420
2	7421
2	7424
2	7425
2	7426
2	7427
2	7428
2	7429
2	7430
2	7431
2	7441
2	7444
2	6139
2	7448
2	7445
2	7446
2	7447
2	7451
2	7452
2	7453
2	7181
2	7180
2	7454
2	7455
2	7456
2	7457
2	7458
2	7459
2	7461
2	7462
2	7473
2	7474
2	7468
2	7469
2	7476
2	7477
2	7470
2	4532
2	7480
2	7481
2	7482
2	7483
2	7484
2	7485
2	7486
2	7487
2	7492
2	7501
2	7502
2	7503
2	7505
2	7509
2	7471
2	7511
2	7514
2	7515
2	7513
2	7518
2	7376
2	7522
2	7523
2	7524
2	7525
2	7527
2	7528
2	7531
2	7538
2	7540
2	7535
2	7536
2	7537
2	7549
2	7545
2	7546
2	7550
2	7554
2	7563
2	7564
2	7415
2	7150
2	7565
2	7569
2	7570
2	7571
2	7572
1	7576
1	7577
2	7578
2	8165
2	7579
2	7580
1	7581
2	7585
2	7586
2	7594
2	7595
2	7597
2	7598
2	7599
2	7600
2	7602
2	7605
6	5910
2	7608
2	7610
2	7611
2	7613
2	7609
2	7614
2	7615
2	7616
2	7617
2	7619
2	7623
2	7625
2	7626
2	7630
2	7629
2	7639
2	7638
2	7601
2	7644
2	7645
2	7659
2	7660
2	7650
2	7661
2	7663
2	7664
2	7665
2	7670
2	7676
2	7677
2	7678
2	7679
2	7682
2	7684
2	7685
2	7687
2	7686
2	7696
2	7697
2	7698
2	7703
2	7704
2	7705
2	7706
2	7715
2	7716
2	7719
2	6367
2	7717
2	7720
2	7721
2	7724
2	7728
2	7727
2	7729
2	7732
2	7733
2	7736
2	7737
2	7738
2	7741
2	7742
2	7743
2	7744
2	7745
2	7747
2	7750
2	7751
2	7752
2	7753
2	7755
2	7756
2	7758
2	7759
2	7760
2	7761
2	7762
2	7766
2	7767
2	7768
2	7769
2	7770
2	7771
2	7772
2	7773
2	7774
2	7775
2	7777
2	7779
2	7780
2	7781
2	7782
2	7783
2	7789
2	7790
2	7792
2	7796
2	7800
2	7804
2	7801
2	7805
2	7802
2	7806
2	7808
2	7812
2	7814
2	7815
2	7818
2	7821
2	7822
2	7826
2	7827
2	7828
2	7829
2	7830
2	7831
2	7832
2	7834
2	7836
2	7837
2	7841
2	7842
2	7843
2	7844
2	7845
2	7848
2	7849
2	7852
2	7850
2	7851
2	6638
2	7853
2	7854
2	7856
2	7754
2	7863
2	7864
2	7865
2	7866
2	7867
2	7868
2	7870
2	7873
2	7875
2	7877
2	7878
2	7885
2	7883
2	7884
2	7886
2	7887
2	7888
2	7889
2	7891
2	7892
2	7893
2	7372
2	7894
2	7900
2	7901
2	7902
2	7903
2	7904
2	7905
2	7906
2	7907
2	7911
2	7869
2	7914
2	7915
2	7916
2	7919
2	7920
2	7922
2	7923
2	7925
2	7930
2	7929
2	7932
2	7933
2	7931
2	7934
2	7935
2	7937
2	7938
2	7939
2	7940
2	7941
2	7942
2	7944
2	7945
2	7948
2	7949
2	7950
2	7953
2	7954
2	7955
2	7956
2	7959
2	7960
2	7964
2	7966
2	7968
2	7969
2	7967
2	7970
2	7974
2	7975
2	7976
2	7978
2	7980
2	7985
2	7993
2	7995
2	7998
2	7999
2	8000
2	8001
2	8005
2	8006
2	8009
2	8010
2	8011
2	8012
2	8013
2	8020
2	8027
2	8035
2	8036
2	8040
2	8041
2	8045
2	8046
2	8047
2	8048
2	8049
2	8052
2	8053
2	8054
2	8055
2	8056
2	8057
2	8060
2	8061
2	8062
2	8063
2	8064
2	8065
2	8066
2	8069
2	8070
2	8071
2	8072
2	8077
2	8080
2	8081
2	8023
2	8084
2	8085
2	8086
2	8087
2	8088
2	8089
2	8091
2	8092
2	8093
2	8094
2	8095
2	8096
2	8098
2	8099
2	8100
2	8101
2	8102
2	8108
2	8103
2	8104
2	8105
2	8111
2	8112
2	8106
2	8107
2	8114
2	8115
2	8109
2	8110
2	8118
2	8119
2	8120
2	8126
2	8131
2	8133
2	8135
2	8138
2	8136
2	8097
2	8137
2	8140
2	8142
2	8144
2	8145
2	8146
2	8147
2	8152
2	8153
2	8155
2	8156
2	8158
2	8159
2	8157
2	8161
2	8162
2	8166
2	8167
2	8170
2	8171
2	8172
2	8173
2	8177
2	7472
2	8179
2	8184
2	8180
2	8181
2	8182
2	8183
2	8187
2	8189
2	7861
2	8190
2	8193
2	8194
2	8195
2	8196
2	8197
2	8199
2	8202
2	8203
2	8206
2	8205
2	8211
2	8213
2	8215
2	8216
2	8221
2	8222
2	8231
2	8232
2	8233
2	8236
2	8214
2	8238
2	8241
2	8242
2	8243
2	8244
2	8245
2	8248
2	8229
2	8251
2	8252
2	8253
2	8254
2	8255
2	8256
2	8260
2	8261
2	8262
2	8264
2	8265
2	8266
2	7637
2	8270
2	8272
2	8273
2	8150
2	8274
