0
7
19
20
23
41
80
88
92
101
107
111
115
116
137
175
214
227
312
320
326
329
339
343
348
414
1684
1912
389
563
596
924
930
1041
1051
1052
1070
1097
1113
1118
1122
1136
1159
1189
1216
1217
1236
1258
1259
1275
1304
1332
1338
1349
1360
1366
1369
1405
1469
1472
1473
1482
1496
1504
1505
1525
1529
1533
1536
1545
1548
1549
1555
1565
1569
1574
1616
1630
1666
1687
1692
1703
1709
1725
1733
1770
1787
1794
1807
1831
1837
1876
1881
1882
1895
1951
1972
1973
1995
1998
2001
2018
2024
2116
2171
2284
2364
2538
2640
355
360
387
397
419
422
436
452
455
460
463
504
523
531
555
556
567
680
630
609
573
578
579
583
592
615
619
653
654
661
662
3437
3980
4031
686
698
803
848
856
862
3005
3136
3263
2724
3001
3019
3162
3168
3233
3295
3331
3366
3412
3034
3011
2047
3020
3385
3097
2665
2718
2728
2730
2758
2865
2871
2881
2921
2932
2955
2996
3072
3077
3086
3087
3107
3137
3177
3187
3196
3207
3214
3219
3253
3256
3302
3327
3365
3369
2325
1919
1927
1960
1964
1970
1980
2006
2126
2232
2313
2361
2365
2488
2620
2645
2657
2659
3443
3499
3500
3505
3508
3511
3538
3546
3612
3628
3662
3690
3725
3743
3747
3759
3774
3776
3791
3803
3825
3836
3868
3918
3927
3931
3933
3956
4000
4017
4038
