1
2
14
24
31
48
57
65
68
78
84
94
95
108
121
130
140
144
150
159
180
184
187
194
195
211
218
219
226
231
242
243
246
251
263
266
273
299
302
306
313
314
328
337
601
909
915
938
939
941
953
955
956
957
962
966
967
977
995
1001
1003
1004
1012
1024
1025
1029
1045
1055
1062
1066
1072
1083
1099
1109
1110
1125
1128
1142
1144
1148
1155
1166
1167
1170
1172
1179
1183
1188
1197
1210
1215
1225
1232
1243
1267
1282
1284
1296
1298
1300
1306
1310
1314
1318
1325
1328
1335
1341
1370
1371
1374
1408
1410
1413
1423
1426
1428
1429
1433
1435
1436
1441
1444
1449
1483
1491
1493
1512
1540
1543
1547
1561
1564
1568
1571
1576
1588
1590
1597
1606
1617
1637
1645
1649
1650
1673
1674
1676
1680
1685
1686
1688
1689
1695
1699
1715
1716
1721
1722
1727
1743
1752
1763
1766
1767
1788
1808
1818
1823
1842
1846
1857
1861
1864
1867
1878
1886
1894
1897
1902
1904
2027
2042
2143
2203
2225
2279
2398
2458
2494
2636
2660
393
441
501
357
368
388
394
396
415
421
424
430
439
444
445
450
451
458
461
462
489
496
498
509
510
519
545
547
557
570
604
666
620
576
582
594
595
597
605
623
625
633
647
664
684
685
3454
3989
707
708
718
727
734
753
770
780
787
793
797
798
810
849
863
866
872
874
876
878
879
888
3721
3872
3278
3440
3540
3692
2775
2892
3100
3420
2028
2132
2169
2194
2332
2338
2385
2501
2512
2608
3265
2241
2246
2377
2394
3319
3111
2662
2675
2686
2689
2702
2713
2741
2751
2768
2774
2783
2785
2796
2799
2806
2810
2829
2830
2832
2840
2843
2848
2851
2854
2858
2879
2880
2913
2919
2920
2923
2926
2930
2933
2934
2937
2958
2969
2982
2984
2989
3008
3018
3025
3046
3053
3056
3073
3074
3096
3106
3114
3117
3122
3126
3131
3146
3148
3149
3158
3174
3176
3181
3184
3188
3189
3191
3195
3203
3215
3223
3224
3225
3237
3251
3259
3261
3271
3272
3273
3283
3285
3287
3297
3298
3313
3346
3354
3362
3374
3377
3378
3379
3395
3415
3419
3431
1921
1931
1957
1962
1971
1979
1984
1990
2011
2017
2023
2030
2034
2037
2040
2043
2045
2056
2084
2085
2089
2097
2112
2124
2154
2181
2192
2197
2201
2220
2235
2253
2259
2271
2275
2281
2296
2297
2300
2301
2304
2320
2334
2339
2346
2356
2363
2366
2367
2381
2390
2404
2409
2414
2416
2423
2438
2443
2446
2478
2482
2492
2499
2520
2523
2537
2546
2550
2551
2585
2587
2603
2604
2614
2618
2626
2627
2630
2633
2637
2638
2639
2656
2658
3446
3459
3470
3472
3476
3479
3481
3502
3516
3524
3530
3531
3532
3541
3542
3547
3555
3562
3567
3580
3581
3590
3594
3595
3615
3639
3644
3648
3655
3657
3675
3682
3685
3696
3698
3702
3708
3711
3713
3726
3739
3753
3768
3773
3775
3780
3783
3802
3815
3819
3826
3833
3837
3841
3850
3863
3870
3873
3874
3888
3891
3892
3894
3912
3917
3923
3932
3937
3957
3964
3975
3979
3985
3986
3993
3997
4003
4007
4013
4020
