6
10
11
12
15
16
18
22
27
32
33
34
35
36
37
38
42
43
44
45
46
47
50
51
52
54
60
61
63
64
69
70
71
73
74
76
77
81
83
86
87
90
93
96
97
100
102
106
110
112
114
117
120
124
125
126
129
131
135
138
139
145
146
147
151
152
153
154
155
156
157
160
162
163
164
165
166
167
168
174
178
182
183
189
190
191
193
196
201
202
205
206
207
208
209
210
215
216
217
220
221
222
228
229
233
234
235
237
240
241
244
245
247
250
253
255
256
260
262
264
267
268
269
270
279
282
283
286
287
288
289
292
293
294
295
296
300
301
305
307
309
311
316
317
318
321
327
333
335
336
338
340
344
347
2814
2838
2885
3003
3173
3290
629
649
899
900
904
905
907
910
911
912
914
918
919
920
922
923
926
928
929
931
933
935
937
940
943
945
949
950
951
958
961
965
970
972
973
974
976
979
985
986
987
994
996
998
1002
1005
1007
1008
1013
1016
1022
1023
1027
1031
1033
1034
1035
1038
1042
1046
1050
1053
1057
1058
1061
1063
1065
1069
1071
1073
1077
1081
1084
1087
1088
1089
1090
1091
1093
1094
1095
1096
1103
1105
1111
1119
1121
1133
1134
1139
1140
1141
1143
1145
1147
1150
1151
1152
1154
1157
1161
1162
1168
1169
1174
1176
1178
1186
1187
1193
1194
1196
1200
1203
1206
1208
1218
1220
1223
1224
1233
1234
1239
1241
1244
1247
1248
1249
1251
1252
1253
1254
1262
1263
1264
1266
1268
1270
1276
1286
1294
1295
1297
1301
1308
1311
1321
1326
1342
1346
1353
1354
1362
1363
1364
1368
1372
1383
1384
1385
1386
1387
1394
1395
1397
1400
1401
1403
1411
1412
1414
1417
1418
1422
1424
1430
1434
1440
1442
1443
1445
1455
1461
1463
1464
1466
1474
1476
1477
1478
1481
1484
1486
1489
1490
1492
1497
1498
1500
1501
1503
1506
1510
1518
1519
1521
1526
1527
1544
1546
1552
1558
1560
1562
1575
1579
1581
1586
1594
1599
1602
1607
1618
1625
1627
1629
1631
1633
1640
1641
1646
1648
1651
1654
1657
1658
1664
1670
1678
1679
1681
1690
1693
1696
1697
1698
1700
1701
1704
1708
1710
1711
1713
1719
1726
1731
1738
1739
1745
1747
1748
1749
1755
1756
1759
1760
1762
1764
1769
1771
1773
1775
1776
1777
1780
1781
1784
1792
1797
1801
1802
1805
1814
1815
1817
1822
1829
1830
1834
1836
1838
1840
1850
1852
1853
1854
1855
1856
1865
1869
1870
1874
1883
1885
1887
1892
1896
1900
1901
1905
1906
1908
2157
2337
2502
2529
2571
2635
2704
2740
427
464
549
351
476
349
352
356
358
362
365
371
372
375
377
379
380
381
382
383
384
385
386
390
401
403
405
406
407
410
411
413
416
418
425
426
429
433
435
440
442
443
446
447
448
449
454
459
466
467
468
470
472
474
477
478
480
485
486
490
491
494
495
499
502
505
508
521
522
528
529
530
533
534
535
536
540
541
543
550
552
558
562
565
568
569
571
572
656
646
587
590
634
586
610
652
673
676
574
593
575
581
585
588
598
602
603
607
608
611
612
613
621
622
624
626
628
631
638
639
642
648
655
657
660
663
665
667
668
671
672
674
679
682
1967
3723
3961
4011
689
690
691
692
699
700
702
704
710
715
717
721
723
725
733
735
740
742
743
744
746
749
750
756
757
759
761
763
767
775
785
786
788
790
791
796
799
801
802
808
811
812
813
816
821
825
826
832
836
841
846
850
851
852
854
855
890
858
859
860
861
864
865
868
869
873
875
877
880
882
883
884
886
887
891
892
893
894
895
3621
3626
2678
2760
2822
2883
2941
2968
3164
3222
3245
3328
3361
3556
2826
2752
3404
2971
3410
3289
2065
2239
2496
2530
2725
2964
3165
3205
3409
2979
1913
2163
2295
2298
2355
2389
2413
2519
2544
2605
2903
2938
2707
3186
2667
2671
2682
2685
2687
2688
2691
2692
2695
2696
2697
2699
2700
2709
2710
2714
2721
2722
2723
2726
2727
2731
2732
2733
2735
2736
2737
2744
2746
2747
2759
2761
2762
2766
2767
2769
2771
2776
2779
2788
2790
2791
2792
2794
2798
2801
2802
2803
2804
2805
2808
2811
2816
2817
2818
2819
2820
2821
2824
2825
2831
2834
2837
2842
2844
2845
2846
2847
2852
2855
2856
2857
2859
2860
2868
2870
2876
2878
2882
2884
2886
2888
2891
2893
2895
2898
2899
2900
2902
2917
2918
2922
2935
2942
2947
2948
2952
2954
2957
2961
2963
2965
2967
2975
2980
2981
2990
2995
2997
2998
3006
3007
3009
3012
3013
3015
3016
3024
3030
3031
3032
3037
3039
3041
3042
3043
3044
3045
3048
3050
3055
3058
3059
3061
3063
3067
3068
3069
3071
3075
3083
3088
3091
3092
3093
3094
3095
3099
3103
3109
3110
3112
3121
3125
3127
3128
3130
3133
3134
3138
3143
3144
3147
3151
3153
3155
3156
3157
3159
3161
3167
3171
3175
3183
3190
3192
3193
3194
3197
3199
3202
3208
3209
3210
3216
3217
3218
3227
3229
3230
3235
3236
3241
3242
3244
3246
3249
3254
3260
3266
3268
3269
3270
3276
3281
3282
3286
3292
3294
3305
3306
3307
3308
3310
3311
3312
3315
3317
3322
3323
3326
3329
3333
3334
3336
3337
3338
3340
3343
3349
3352
3356
3357
3358
3359
3367
3368
3370
3371
3372
3373
3375
3376
3380
3383
3388
3389
3390
3392
3393
3398
3401
3405
3407
3408
3413
3414
3418
3421
3424
3425
3427
3428
3429
3430
3432
3436
2003
2155
2185
1915
1922
1924
1928
1930
1933
1934
1937
1942
1944
1949
1950
1952
1958
1961
1965
1968
1969
1974
1977
1978
1982
1987
1992
1996
1999
2000
2008
2012
2013
2014
2015
2016
2019
2021
2025
2029
2036
2041
2044
2048
2050
2051
2057
2066
2067
2070
2075
2079
2080
2082
2092
2094
2096
2099
2100
2105
2106
2110
2113
2114
2119
2130
2141
2147
2158
2162
2166
2167
2168
2175
2177
2178
2182
2186
2193
2195
2204
2205
2208
2209
2219
2221
2227
2230
2234
2238
2242
2245
2248
2249
2251
2252
2255
2256
2262
2263
2265
2269
2270
2272
2274
2277
2288
2291
2303
2305
2310
2312
2314
2316
2321
2350
2358
2360
2362
2373
2375
2379
2380
2382
2383
2387
2388
2393
2400
2402
2403
2405
2415
2422
2424
2426
2427
2431
2432
2435
2437
2439
2441
2442
2444
2449
2450
2452
2453
2454
2455
2457
2466
2470
2473
2476
2479
2480
2481
2483
2490
2493
2503
2505
2513
2514
2515
2517
2518
2522
2524
2525
2527
2528
2531
2534
2541
2545
2548
2557
2562
2565
2566
2568
2569
2572
2576
2577
2580
2584
2595
2596
2599
2612
2613
2621
2632
2634
2641
2651
2652
3441
3444
3445
3447
3451
3453
3457
3461
3467
3477
3482
3483
3489
3492
3494
3503
3504
3507
3513
3515
3520
3522
3533
3537
3539
3543
3544
3548
3551
3552
3560
3565
3566
3570
3572
3575
3582
3583
3585
3588
3589
3597
3598
3600
3603
3606
3607
3614
3619
3622
3630
3631
3632
3637
3641
3647
3650
3652
3653
3654
3659
3660
3661
3663
3664
3665
3666
3668
3669
3671
3673
3676
3678
3681
3686
3688
3689
3691
3694
3699
3700
3704
3709
3712
3715
3716
3717
3724
3727
3729
3732
3733
3742
3744
3745
3746
3748
3749
3751
3754
3755
3763
3765
3766
3767
3769
3770
3771
3772
3777
3778
3781
3784
3787
3792
3795
3796
3798
3801
3805
3806
3807
3808
3811
3812
3813
3814
3816
3817
3820
3827
3832
3834
3839
3840
3843
3844
3846
3848
3849
3853
3854
3856
3857
3859
3864
3865
3871
3875
3876
3878
3879
3880
3882
3885
3887
3890
3893
3895
3897
3899
3901
3904
3905
3908
3910
3911
3914
3916
3919
3922
3925
3928
3934
3935
3936
3939
3940
3941
3942
3944
3946
3952
3953
3954
3955
3958
3959
3963
3965
3970
3973
3974
3977
3978
3983
3984
3987
3990
3991
3992
3996
3999
4001
4005
4006
4008
4010
4012
4015
4016
4022
4024
4025
4028
4029
4032
4033
4034
4035
4036
4037
