3
4
5
8
17
28
29
49
58
89
91
99
127
143
149
171
173
177
179
181
192
197
198
225
230
259
275
278
281
284
310
319
901
903
908
913
944
948
963
964
968
990
991
992
1000
1010
1011
1030
1037
1043
1064
1098
1106
1114
1127
1131
1137
1138
1165
1171
1177
1202
1212
1213
1226
1228
1240
1246
1260
1274
1283
1299
1307
1317
1319
1327
1333
1337
1343
1348
1355
1356
1357
1378
1406
1415
1419
1421
1425
1450
1452
1453
1468
1494
1499
1507
1511
1531
1534
1537
1541
1553
1566
1567
1585
1593
1601
1615
1624
1626
1634
1642
1656
1660
1667
1671
1672
1694
1702
1705
1758
1778
1779
1785
1798
1803
1806
1825
1847
1858
1860
1863
1866
1880
1889
1890
1909
1910
1911
1976
1991
2004
2009
2378
2447
2459
2583
2647
364
399
564
350
354
359
361
367
369
434
437
453
457
469
481
516
518
532
539
546
548
551
554
645
678
577
584
589
599
600
616
617
618
627
632
635
636
640
643
644
650
658
659
670
675
677
681
3487
3861
712
714
720
729
732
736
768
769
771
776
782
789
804
806
818
822
833
839
857
867
870
871
881
885
889
3592
3779
3057
3248
3561
2677
2962
2813
3178
2734
2764
3062
2693
2999
2663
2668
2670
2690
2703
2711
2715
2739
2745
2772
2784
2789
2795
2807
2809
2812
2836
2841
2861
2889
2949
2959
2972
2978
2983
3010
3028
3066
3080
3081
3105
3124
3139
3141
3180
3200
3211
3221
3231
3255
3264
3275
3279
3300
3303
3309
3314
3318
3325
3341
3382
3394
3402
3423
2031
1914
1923
1935
1936
1956
1975
1988
2022
2035
2049
2061
2076
2091
2107
2120
2129
2145
2146
2152
2156
2159
2160
2170
2173
2202
2207
2211
2214
2217
2222
2226
2228
2231
2236
2260
2286
2317
2318
2322
2335
2341
2342
2345
2349
2357
2371
2397
2401
2406
2411
2412
2421
2425
2440
2448
2456
2474
2486
2487
2497
2535
2540
2558
2570
2581
2610
2622
2628
2644
2648
2650
3439
3465
3473
3478
3490
3496
3519
3523
3535
3536
3549
3564
3571
3579
3587
3610
3613
3616
3624
3638
3649
3679
3695
3701
3720
3752
3757
3789
3799
3809
3823
3847
3883
3898
3920
3949
3950
3960
3967
4002
4027
