13
30
39
55
59
62
66
72
75
79
85
103
105
123
128
132
133
134
141
148
158
161
176
185
204
212
223
224
232
238
248
254
257
258
265
274
276
290
297
298
303
308
330
331
334
341
345
420
897
898
902
906
921
927
932
934
936
952
954
959
969
971
975
978
981
982
983
984
988
989
997
999
1009
1015
1018
1019
1020
1021
1026
1028
1036
1039
1040
1044
1047
1048
1049
1054
1056
1060
1068
1074
1075
1082
1092
1102
1108
1112
1115
1116
1120
1123
1129
1130
1135
1149
1156
1158
1160
1163
1164
1180
1181
1182
1190
1195
1198
1201
1205
1207
1209
1219
1229
1242
1245
1257
1265
1271
1272
1278
1279
1280
1281
1285
1287
1288
1289
1290
1291
1292
1293
1302
1303
1309
1312
1313
1315
1316
1323
1324
1336
1339
1340
1344
1350
1351
1359
1365
1375
1379
1380
1381
1382
1388
1389
1392
1393
1396
1398
1402
1404
1407
1416
1432
1437
1438
1439
1446
1448
1451
1454
1457
1458
1460
1470
1485
1508
1513
1514
1517
1523
1524
1528
1530
1532
1535
1538
1539
1542
1550
1556
1563
1572
1578
1580
1582
1587
1592
1595
1605
1609
1614
1623
1632
1635
1638
1639
1643
1644
1647
1652
1653
1655
1659
1677
1682
1691
1706
1712
1720
1723
1724
1728
1732
1734
1735
1737
1740
1741
1744
1751
1753
1754
1765
1772
1774
1782
1789
1790
1795
1796
1810
1811
1812
1819
1821
1824
1826
1828
1832
1841
1843
1848
1849
1851
1859
1862
1872
1873
1875
1877
1884
1891
1898
1903
1907
1932
1939
1955
2135
2254
2264
2267
2417
2436
2445
2472
2475
2508
2533
2547
2589
2643
2653
392
398
409
471
473
479
482
487
488
511
512
527
537
560
591
669
683
614
687
693
696
701
706
709
711
716
722
730
731
737
738
741
748
751
754
755
758
760
762
764
765
772
777
778
779
783
792
794
795
807
809
814
817
831
835
837
838
840
843
844
845
847
3517
3550
3609
3651
3741
3750
3886
3943
3962
3304
2976
2134
2148
2191
2196
2198
2285
2293
2315
2351
2368
2399
2420
2516
2597
3079
3386
1916
1940
1994
2002
2010
2026
2052
2062
2101
2137
2144
2151
2215
2273
2343
2465
2582
2588
2609
3355
2666
2672
2673
2674
2680
2681
2684
2698
2701
2705
2708
2712
2717
2720
2743
2749
2753
2756
2765
2770
2773
2797
2815
2823
2835
2850
2853
2874
2875
2887
2896
2897
2907
2908
2911
2912
2914
2924
2929
2931
2940
2945
2950
2953
2970
2974
2977
2985
2987
2988
2991
2993
2994
3004
3014
3021
3023
3029
3036
3040
3047
3052
3064
3065
3070
3085
3098
3102
3108
3115
3118
3123
3129
3135
3142
3160
3163
3166
3169
3170
3204
3206
3212
3213
3220
3228
3234
3238
3239
3243
3247
3250
3257
3262
3284
3288
3293
3296
3301
3316
3339
3364
3381
3384
3391
3399
3400
3416
3422
3435
2330
1918
1925
1929
1953
1963
1981
1986
1989
1997
2005
2020
2046
2055
2058
2060
2063
2074
2077
2083
2086
2095
2098
2108
2109
2115
2121
2122
2136
2140
2161
2164
2165
2179
2190
2210
2212
2213
2216
2237
2243
2257
2258
2261
2276
2280
2287
2290
2299
2306
2307
2308
2311
2329
2348
2353
2359
2370
2374
2386
2391
2392
2396
2407
2408
2418
2429
2430
2433
2462
2467
2469
2477
2484
2485
2489
2495
2504
2506
2521
2532
2536
2539
2549
2552
2554
2556
2559
2561
2563
2573
2574
2575
2578
2579
2591
2593
2606
2619
2623
2631
2646
2654
2655
3438
3450
3452
3458
3462
3463
3471
3474
3475
3480
3484
3485
3491
3493
3497
3498
3509
3510
3512
3518
3527
3534
3554
3557
3559
3563
3569
3573
3574
3578
3591
3601
3602
3608
3618
3620
3623
3627
3634
3635
3642
3643
3645
3646
3656
3658
3667
3670
3683
3687
3693
3697
3703
3706
3707
3714
3718
3719
3730
3735
3736
3760
3761
3762
3785
3786
3788
3818
3828
3831
3835
3845
3852
3855
3858
3860
3862
3866
3867
3881
3884
3889
3896
3903
3907
3909
3913
3915
3929
3969
3972
3976
3981
3988
3995
4004
4009
4018
4019
4026
