9
21
25
26
40
53
56
67
82
98
104
109
113
118
119
122
136
142
169
170
172
186
188
199
200
203
213
236
239
249
252
261
271
272
277
280
285
291
304
315
322
323
324
325
332
342
346
428
353
363
366
376
475
483
484
517
526
538
566
580
606
637
641
651
896
916
917
925
942
946
947
960
980
993
1006
1014
1017
1032
1059
1067
1076
1078
1079
1080
1085
1086
1100
1101
1104
1107
1117
1124
1126
1132
1146
1153
1173
1175
1184
1185
1191
1192
1199
1204
1211
1214
1221
1222
1227
1230
1231
1235
1237
1238
1250
1255
1256
1261
1269
1273
1277
1305
1320
1322
1329
1330
1331
1334
1345
1347
1352
1358
1361
1367
1373
1376
1377
1390
1391
1399
1409
1420
1427
1431
1447
1456
1459
1462
1465
1467
1471
1475
1479
1480
1487
1488
1495
1502
1509
1515
1516
1520
1522
1551
1554
1557
1559
1570
1573
1577
1583
1584
1589
1591
1596
1598
1600
1603
1604
1608
1610
1611
1612
1613
1619
1620
1621
1622
1628
1636
1661
1662
1663
1665
1668
1669
1675
1683
1707
1714
1717
1718
1729
1730
1736
1742
1746
1750
1757
1761
1768
1783
1786
1791
1793
1799
1800
1804
1809
1813
1816
1820
1827
1833
1835
1839
1844
1845
1868
1871
1879
1888
1893
1899
1926
1945
2007
2032
2038
2039
2054
2068
2071
2072
2081
2102
2111
2117
2127
2128
2133
2138
2153
2174
2180
2183
2187
2189
2199
2223
2224
2247
2250
2268
2283
2289
2292
2302
2319
2327
2336
2384
2451
2461
2463
2471
2491
2498
2510
2511
2543
2598
2617
2629
2649
370
373
374
378
391
395
400
402
404
408
412
417
423
431
432
438
456
465
492
493
497
500
503
506
507
513
514
515
520
524
525
542
544
553
559
561
688
694
695
697
703
705
713
719
724
726
728
739
745
747
752
766
773
774
781
784
800
805
815
819
820
823
824
827
828
829
830
834
842
853
3456
3495
3586
3797
3501
3577
3633
3677
3684
3948
3525
3674
3756
3830
3851
3877
2869
3406
3179
1920
1941
1948
1959
2053
2087
2125
2149
2266
2282
2328
2333
2347
2372
2509
2542
2555
2567
2592
2642
3258
3101
1947
1954
2176
2294
2344
2419
2468
2594
2616
3201
2661
2664
2669
2676
2679
2683
2694
2706
2716
2719
2729
2738
2742
2748
2750
2754
2755
2757
2763
2777
2778
2780
2781
2782
2786
2787
2793
2800
2827
2828
2833
2839
2849
2862
2863
2864
2866
2867
2872
2873
2877
2890
2894
2901
2904
2905
2906
2909
2910
2915
2916
2925
2927
2928
2936
2939
2943
2944
2946
2951
2956
2960
2966
2973
2986
2992
3000
3002
3017
3022
3026
3027
3033
3035
3038
3049
3051
3054
3060
3076
3078
3082
3084
3089
3090
3104
3113
3116
3119
3120
3132
3140
3145
3150
3152
3154
3172
3182
3185
3198
3226
3232
3240
3252
3267
3274
3277
3280
3291
3299
3320
3321
3324
3330
3332
3335
3342
3344
3345
3347
3348
3350
3351
3353
3360
3363
3387
3396
3397
3403
3411
3417
3426
3433
3434
1917
1938
1943
1946
1966
1983
1985
1993
2033
2059
2064
2069
2073
2078
2088
2090
2093
2103
2104
2118
2123
2131
2139
2142
2150
2172
2184
2188
2200
2206
2218
2229
2233
2240
2244
2278
2309
2323
2324
2326
2331
2340
2352
2354
2369
2376
2395
2410
2428
2434
2460
2464
2500
2507
2526
2553
2560
2564
2586
2590
2600
2601
2602
2607
2611
2615
2624
2625
3442
3448
3449
3455
3460
3464
3466
3468
3469
3486
3488
3506
3514
3521
3526
3528
3529
3545
3553
3558
3568
3576
3584
3593
3596
3599
3604
3605
3611
3617
3625
3629
3636
3640
3672
3680
3705
3710
3722
3728
3731
3734
3737
3738
3740
3758
3764
3782
3790
3793
3794
3800
3804
3810
3821
3822
3824
3829
3838
3842
3869
3900
3902
3906
3921
3924
3926
3930
3938
3945
3947
3951
3966
3968
3971
3982
3994
3998
4014
4021
4023
4030
