3980 0.09239130434782608
179 0.07598784194528875
642 0.07396449704142012
49 0.0679886685552408
4001 0.06764705882352941
3987 0.06646525679758308
3037 0.065625
182 0.06285714285714286
4027 0.06051873198847262
3268 0.05917159763313609
895 0.05740181268882175
8 0.056962025316455694
2792 0.056910569105691054
256 0.05588235294117647
230 0.05571847507331378
81 0.05501618122977346
3271 0.05352112676056338
2106 0.05263157894736842
3181 0.05214723926380368
233 0.05142857142857143
4012 0.0513595166163142
2421 0.05102040816326531
4029 0.05016722408026756
3746 0.04838709677419355
192 0.04804804804804805
219 0.047058823529411764
3990 0.0463768115942029
4007 0.046153846153846156
377 0.04597701149425287
2691 0.0449438202247191
1202 0.0446927374301676
386 0.04430379746835443
532 0.04411764705882353
874 0.0440771349862259
3055 0.04398826979472141
2456 0.0436046511627907
42 0.043596730245231606
3996 0.043343653250773995
4025 0.04281345565749235
2483 0.04276315789473684
453 0.0425531914893617
1071 0.04242424242424243
3616 0.04201680672268908
171 0.04180064308681672
174 0.04154302670623145
147 0.04153354632587859
1627 0.041176470588235294
698 0.04093567251461988
58 0.04081632653061224
1890 0.040268456375838924
3147 0.04024767801857585
0 0.040229885057471264
243 0.04
33 0.03987730061349693
3638 0.03987730061349693
3544 0.039735099337748346
1253 0.039634146341463415
864 0.03951367781155015
910 0.03934426229508197
2168 0.03926701570680628
255 0.03903903903903904
1586 0.03903903903903904
399 0.03900709219858156
356 0.03869047619047619
871 0.03859649122807018
2281 0.03823529411764706
881 0.03812316715542522
1105 0.03773584905660377
411 0.03773584905660377
3141 0.03768115942028986
3999 0.03724928366762178
1046 0.03715170278637771
498 0.03715170278637771
3290 0.037142857142857144
2535 0.037142857142857144
337 0.037037037037037035
244 0.03669724770642202
852 0.03669724770642202
2595 0.0364741641337386
3127 0.036211699164345405
1797 0.03614457831325301
3954 0.036101083032490974
91 0.035830618892508145
364 0.03582089552238806
4031 0.03560830860534125
1194 0.03536977491961415
2437 0.035326086956521736
89 0.03529411764705882
717 0.035256410256410256
401 0.03514376996805112
3846 0.03514376996805112
3679 0.03488372093023256
383 0.034782608695652174
798 0.034782608695652174
3700 0.034782608695652174
872 0.0345821325648415
879 0.0345821325648415
1776 0.034482758620689655
3652 0.03439153439153439
32 0.034129692832764506
3610 0.03409090909090909
2017 0.03389830508474576
93 0.03363914373088685
157 0.03363914373088685
4038 0.03363914373088685
894 0.03353658536585366
3074 0.03353658536585366
282 0.033444816053511704
1002 0.03343465045592705
885 0.03333333333333333
2527 0.0332409972299169
1607 0.03287671232876712
270 0.032679738562091505
145 0.03257328990228013
581 0.03257328990228013
406 0.032448377581120944
3200 0.032362459546925564
90 0.03235294117647059
2886 0.03216374269005848
1693 0.03215434083601286
4036 0.03205128205128205
2321 0.03197674418604651
1240 0.031746031746031744
839 0.03164556962025317
3887 0.03142857142857143
253 0.03125
855 0.03115264797507788
275 0.031073446327683617
3139 0.031073446327683617
3847 0.03089887640449438
2817 0.030864197530864196
3863 0.030864197530864196
1499 0.03076923076923077
899 0.03048780487804878
1441 0.03048780487804878
572 0.03048780487804878
3624 0.03048780487804878
4005 0.03048780487804878
686 0.030395136778115502
3961 0.030211480362537766
866 0.030201342281879196
2113 0.030201342281879196
2983 0.02972972972972973
19 0.029605263157894735
454 0.029605263157894735
3216 0.029585798816568046
3994 0.029498525073746312
2167 0.029411764705882353
1057 0.029333333333333333
3546 0.02932551319648094
4016 0.02932551319648094
2732 0.029069767441860465
776 0.02903225806451613
3407 0.02903225806451613
167 0.028938906752411574
863 0.028938906752411574
120 0.02865329512893983
3549 0.028645833333333332
143 0.02857142857142857
260 0.02857142857142857
3487 0.02857142857142857
732 0.02857142857142857
736 0.02857142857142857
47 0.02849002849002849
3662 0.028481012658227847
241 0.028409090909090908
29 0.028391167192429023
127 0.028328611898016998
155 0.028328611898016998
310 0.028328611898016998
746 0.028328611898016998
2634 0.028328611898016998
166 0.02824858757062147
2034 0.028169014084507043
124 0.028125
306 0.028125
4030 0.027950310559006212
76 0.027874564459930314
193 0.027777777777777776
351 0.027777777777777776
3868 0.027692307692307693
3720 0.027624309392265192
348 0.027607361963190184
884 0.027439024390243903
3592 0.027439024390243903
870 0.02735562310030395
3283 0.02735562310030395
1016 0.02727272727272727
3444 0.027210884353741496
177 0.02710843373493976
1896 0.026845637583892617
3723 0.026845637583892617
77 0.026785714285714284
2771 0.026785714285714284
3251 0.026785714285714284
330 0.026578073089700997
1254 0.02654867256637168
3917 0.02654867256637168
3982 0.02654867256637168
2671 0.026490066225165563
3745 0.026470588235294117
3989 0.026402640264026403
2152 0.026402640264026403
3053 0.026392961876832845
437 0.02631578947368421
2245 0.02631578947368421
3839 0.02631578947368421
771 0.026239067055393587
3447 0.026239067055393587
1760 0.026143790849673203
339 0.02610966057441253
3908 0.02608695652173913
904 0.026058631921824105
1368 0.026058631921824105
3322 0.02601156069364162
3799 0.025889967637540454
3806 0.02586206896551724
3923 0.025839793281653745
3716 0.025787965616045846
3437 0.02572347266881029
822 0.02572347266881029
3560 0.02564102564102564
3336 0.025280898876404494
86 0.025157232704402517
301 0.025157232704402517
2614 0.025157232704402517
1027 0.025078369905956112
3727 0.025078369905956112
3749 0.025078369905956112
3888 0.025078369905956112
3318 0.025
3338 0.025
3823 0.025
4014 0.025
328 0.024930747922437674
3165 0.024922118380062305
3401 0.024861878453038673
312 0.024844720496894408
68 0.024793388429752067
220 0.024793388429752067
3542 0.024725274725274724
99 0.024615384615384615
1111 0.024615384615384615
2776 0.024615384615384615
3180 0.02452316076294278
225 0.024464831804281346
757 0.024464831804281346
658 0.024390243902439025
858 0.024390243902439025
3690 0.024324324324324326
25 0.0243161094224924
117 0.0243161094224924
3584 0.0243161094224924
97 0.024305555555555556
3567 0.024242424242424242
3691 0.024242424242424242
110 0.02416918429003021
3442 0.02416918429003021
3774 0.02416918429003021
3932 0.02416918429003021
1664 0.024096385542168676
3066 0.024096385542168676
804 0.024024024024024024
181 0.023952095808383235
3665 0.023952095808383235
3757 0.023936170212765957
857 0.023880597014925373
3513 0.023809523809523808
3530 0.023809523809523808
4017 0.023809523809523808
3653 0.02373887240356083
861 0.023668639053254437
832 0.02359882005899705
2541 0.023529411764705882
307 0.02346041055718475
3952 0.023391812865497075
1138 0.023333333333333334
2265 0.023323615160349854
3455 0.023323615160349854
3875 0.023323615160349854
320 0.023255813953488372
414 0.023255813953488372
441 0.023255813953488372
96 0.02318840579710145
3861 0.02318840579710145
2207 0.023178807947019868
1208 0.023121387283236993
552 0.023026315789473683
1157 0.02295918367346939
867 0.022950819672131147
3446 0.022950819672131147
247 0.022922636103151862
4011 0.022922636103151862
876 0.02280130293159609
469 0.022792022792022793
626 0.022727272727272728
2902 0.022727272727272728
3837 0.022727272727272728
3918 0.022727272727272728
2581 0.0226628895184136
3218 0.022653721682847898
3801 0.022653721682847898
3502 0.02258064516129032
4 0.022535211267605635
198 0.022535211267605635
1860 0.022535211267605635
464 0.022508038585209004
695 0.022508038585209004
2448 0.022435897435897436
284 0.022408963585434174
877 0.022408963585434174
3979 0.022364217252396165
468 0.0223463687150838
190 0.022292993630573247
909 0.022292993630573247
594 0.022284122562674095
791 0.022284122562674095
2926 0.022284122562674095
3742 0.022284122562674095
281 0.022222222222222223
2893 0.022222222222222223
868 0.022151898734177215
3005 0.022151898734177215
3583 0.022151898734177215
501 0.022082018927444796
740 0.02203856749311295
2204 0.02203856749311295
159 0.02197802197802198
1073 0.0219435736677116
2505 0.0219435736677116
4013 0.021917808219178082
2728 0.021875
3388 0.021875
1808 0.021806853582554516
3864 0.021806853582554516
293 0.021739130434782608
2807 0.021739130434782608
2799 0.02168021680216802
3588 0.02168021680216802
3807 0.02168021680216802
1657 0.021671826625386997
3787 0.021671826625386997
621 0.021604938271604937
2481 0.021604938271604937
939 0.021538461538461538
4028 0.021538461538461538
2774 0.021505376344086023
2426 0.02142857142857143
95 0.021406727828746176
749 0.021406727828746176
3813 0.021341463414634148
3901 0.021341463414634148
1486 0.02127659574468085
2439 0.02127659574468085
3711 0.02127659574468085
563 0.021212121212121213
564 0.021164021164021163
1043 0.021148036253776436
2856 0.021148036253776436
3012 0.021148036253776436
2041 0.02108433734939759
4002 0.02108433734939759
622 0.021052631578947368
1174 0.020958083832335328
1854 0.020958083832335328
349 0.020958083832335328
554 0.020958083832335328
682 0.020895522388059702
782 0.020895522388059702
3657 0.020895522388059702
6 0.020833333333333332
3395 0.020833333333333332
3606 0.020771513353115726
2528 0.020710059171597635
3481 0.020689655172413793
2263 0.020671834625323
2861 0.02064896755162242
1224 0.020618556701030927
3003 0.020527859237536656
3105 0.020477815699658702
112 0.020348837209302327
1910 0.020348837209302327
504 0.020348837209302327
3548 0.020348837209302327
56 0.020289855072463767
327 0.020289855072463767
3153 0.020289855072463767
329 0.02023121387283237
251 0.020202020202020204
2870 0.020202020202020204
1840 0.020172910662824207
3626 0.020172910662824207
2903 0.020172910662824207
3128 0.020172910662824207
3676 0.020172910662824207
61 0.020114942528735632
873 0.02005730659025788
245 0.02
3997 0.02
1177 0.019943019943019943
3533 0.019933554817275746
259 0.019886363636363636
573 0.019886363636363636
3454 0.019801980198019802
833 0.01977401129943503
4000 0.01977401129943503
1394 0.019736842105263157
2650 0.019736842105263157
3309 0.01971830985915493
3647 0.01971830985915493
1023 0.019672131147540985
3950 0.019662921348314606
2358 0.0196078431372549
691 0.019553072625698324
1889 0.019543973941368076
2565 0.01948051948051948
3960 0.01948051948051948
229 0.019444444444444445
961 0.019417475728155338
3130 0.019417475728155338
955 0.019390581717451522
3551 0.019337016574585635
2982 0.01928374655647383
2193 0.01928374655647383
269 0.019230769230769232
3898 0.019230769230769232
189 0.019169329073482427
1295 0.019169329073482427
3376 0.019169329073482427
533 0.01912568306010929
1759 0.01910828025477707
2094 0.01910828025477707
1729 0.01904761904761905
2805 0.01904761904761905
333 0.019021739130434784
480 0.0189873417721519
3490 0.0189873417721519
216 0.018867924528301886
1193 0.018867924528301886
457 0.018867924528301886
3566 0.01881720430107527
3988 0.018691588785046728
3122 0.018633540372670808
3998 0.018633540372670808
2173 0.018575851393188854
3949 0.018575851393188854
4009 0.01856763925729443
100 0.018461538461538463
195 0.018461538461538463
1384 0.018461538461538463
2466 0.018461538461538463
3619 0.018461538461538463
2313 0.018421052631578946
3506 0.018404907975460124
3661 0.01834862385321101
3751 0.01834862385321101
41 0.018292682926829267
170 0.018292682926829267
799 0.018292682926829267
3992 0.018292682926829267
1562 0.0182370820668693
2949 0.0182370820668693
3083 0.0182370820668693
3803 0.0182370820668693
4020 0.0182370820668693
286 0.01818181818181818
296 0.01818181818181818
1960 0.01818181818181818
1964 0.01818181818181818
3782 0.01818181818181818
3885 0.01818181818181818
3939 0.01818181818181818
2936 0.01812688821752266
3903 0.01812688821752266
2450 0.018072289156626505
3733 0.018072289156626505
78 0.018018018018018018
175 0.018018018018018018
725 0.018018018018018018
775 0.018018018018018018
2211 0.018018018018018018
3883 0.018018018018018018
273 0.017985611510791366
71 0.017964071856287425
197 0.017964071856287425
3425 0.01791044776119403
3580 0.01791044776119403
3634 0.01791044776119403
2255 0.017857142857142856
2651 0.017857142857142856
116 0.017804154302670624
1218 0.017804154302670624
1252 0.017804154302670624
3783 0.017804154302670624
137 0.017766497461928935
1097 0.01775147928994083
150 0.017699115044247787
3099 0.017605633802816902
2357 0.017595307917888565
3892 0.017595307917888565
3995 0.017595307917888565
467 0.01749271137026239
534 0.01749271137026239
4033 0.01749271137026239
789 0.01744186046511628
1922 0.01744186046511628
2930 0.017391304347826087
4037 0.017391304347826087
1719 0.017241379310344827
825 0.017241379310344827
893 0.017241379310344827
2514 0.017241379310344827
235 0.017191977077363897
3756 0.017191977077363897
1829 0.01718213058419244
88 0.017142857142857144
912 0.017142857142857144
2788 0.017142857142857144
707 0.017123287671232876
1090 0.017094017094017096
2709 0.017094017094017096
516 0.017064846416382253
2335 0.017064846416382253
1270 0.0169971671388102
1317 0.0169971671388102
865 0.0169971671388102
3126 0.0169971671388102
1758 0.01694915254237288
816 0.01694915254237288
3594 0.01694915254237288
4018 0.01694915254237288
979 0.016853932584269662
1203 0.01680672268907563
889 0.01680672268907563
3368 0.01680672268907563
23 0.016778523489932886
476 0.016778523489932886
835 0.01675977653631285
477 0.016722408026755852
173 0.016666666666666666
427 0.016666666666666666
518 0.016666666666666666
2808 0.016666666666666666
3414 0.016666666666666666
729 0.016611295681063124
2416 0.016574585635359115
3515 0.016574585635359115
1487 0.016556291390728478
1527 0.016556291390728478
2964 0.016483516483516484
3372 0.01644736842105263
319 0.01639344262295082
3586 0.016339869281045753
1975 0.016286644951140065
3571 0.016286644951140065
3614 0.016286644951140065
3825 0.016260162601626018
410 0.016233766233766232
2663 0.016233766233766232
2868 0.016233766233766232
3374 0.016233766233766232
639 0.016181229773462782
115 0.016172506738544475
472 0.016172506738544475
1552 0.016129032258064516
3222 0.016129032258064516
2688 0.016129032258064516
3123 0.016129032258064516
2622 0.016129032258064516
3696 0.016129032258064516
3937 0.016129032258064516
222 0.0160857908847185
205 0.01607717041800643
627 0.01607717041800643
2884 0.01607717041800643
3524 0.01607717041800643
4032 0.01607717041800643
283 0.016025641025641024
551 0.016025641025641024
3307 0.016
869 0.01597444089456869
2933 0.01597444089456869
3464 0.01597444089456869
3522 0.01597444089456869
2015 0.015957446808510637
630 0.01592356687898089
3310 0.01592356687898089
1961 0.01592356687898089
3523 0.015822784810126583
508 0.015789473684210527
811 0.015789473684210527
645 0.015772870662460567
631 0.015772870662460567
2051 0.015772870662460567
343 0.015723270440251572
1505 0.015723270440251572
529 0.015723270440251572
226 0.01567398119122257
237 0.01567398119122257
3708 0.01567398119122257
2238 0.015625
3539 0.015625
654 0.01557632398753894
709 0.01557632398753894
3162 0.01557632398753894
3091 0.01557632398753894
3365 0.01557632398753894
568 0.015527950310559006
659 0.015527950310559006
3495 0.015527950310559006
3740 0.015527950310559006
1544 0.015479876160990712
1599 0.015479876160990712
2721 0.015479876160990712
3564 0.015479876160990712
3857 0.015479876160990712
3878 0.015479876160990712
1956 0.015432098765432098
3538 0.015432098765432098
3718 0.015432098765432098
3916 0.015432098765432098
135 0.015384615384615385
1474 0.015384615384615385
459 0.015384615384615385
616 0.015384615384615385
712 0.015384615384615385
794 0.015384615384615385
3827 0.015384615384615385
217 0.015337423312883436
688 0.015337423312883436
2826 0.015337423312883436
3405 0.015337423312883436
3486 0.015337423312883436
360 0.01529051987767584
555 0.01529051987767584
3121 0.01529051987767584
3849 0.01529051987767584
3894 0.01529051987767584
2667 0.015267175572519083
1704 0.01524390243902439
813 0.01524390243902439
843 0.01524390243902439
3991 0.01524390243902439
1667 0.015228426395939087
3636 0.015197568389057751
1814 0.015151515151515152
3587 0.015151515151515152
126 0.015105740181268883
149 0.015105740181268883
152 0.015105740181268883
264 0.015105740181268883
1831 0.015105740181268883
689 0.015105740181268883
2975 0.015105740181268883
3028 0.015105740181268883
3325 0.015105740181268883
52 0.015060240963855422
1585 0.015060240963855422
384 0.015060240963855422
3478 0.015015015015015015
3953 0.015015015015015015
3688 0.015
311 0.014970059880239521
3983 0.014970059880239521
1493 0.014925373134328358
1698 0.014925373134328358
1977 0.014925373134328358
227 0.01488095238095238
971 0.01488095238095238
1151 0.01488095238095238
2922 0.01488095238095238
3698 0.01488095238095238
3717 0.01488095238095238
1387 0.01483679525222552
3621 0.01483679525222552
3744 0.01483679525222552
26 0.014792899408284023
948 0.014792899408284023
3536 0.014792899408284023
3771 0.014792899408284023
201 0.014749262536873156
745 0.014749262536873156
819 0.014749262536873156
3535 0.014749262536873156
3947 0.014749262536873156
3264 0.014705882352941176
2277 0.01466275659824047
3593 0.01466275659824047
202 0.014619883040935672
1264 0.014619883040935672
2382 0.014619883040935672
314 0.014577259475218658
322 0.014577259475218658
1089 0.014577259475218658
1443 0.014577259475218658
588 0.014577259475218658
786 0.014577259475218658
3279 0.014577259475218658
987 0.014534883720930232
671 0.014534883720930232
4023 0.014534883720930232
584 0.014492753623188406
3278 0.014492753623188406
180 0.014450867052023121
2834 0.014450867052023121
3895 0.014450867052023121
1419 0.01440922190201729
3599 0.01440922190201729
274 0.014367816091954023
455 0.014367816091954023
3131 0.014367816091954023
3778 0.014326647564469915
3919 0.014326647564469915
1881 0.014285714285714285
770 0.014285714285714285
2670 0.014285714285714285
3641 0.014285714285714285
1346 0.014245014245014245
1567 0.014245014245014245
2049 0.014245014245014245
3814 0.014245014245014245
3357 0.014204545454545454
2513 0.014204545454545454
2523 0.014204545454545454
3859 0.014204545454545454
3945 0.014204545454545454
878 0.014164305949008499
888 0.014164305949008499
2879 0.014164305949008499
3671 0.014164305949008499
3659 0.014134275618374558
824 0.014124293785310734
887 0.014124293785310734
2557 0.014124293785310734
3603 0.014124293785310734
102 0.014084507042253521
169 0.014084507042253521
996 0.014084507042253521
3556 0.014044943820224719
2758 0.014044943820224719
3902 0.014044943820224719
1555 0.014005602240896359
3057 0.014005602240896359
1052 0.013986013986013986
2686 0.013986013986013986
1681 0.013966480446927373
510 0.013966480446927373
3770 0.013966480446927373
3912 0.013966480446927373
3489 0.013937282229965157
1403 0.013927576601671309
1422 0.013927576601671309
1650 0.013888888888888888
3009 0.013888888888888888
3829 0.013888888888888888
1283 0.013850415512465374
1297 0.013850415512465374
3479 0.013850415512465374
1308 0.013812154696132596
3466 0.013812154696132596
3946 0.013812154696132596
424 0.013793103448275862
3628 0.013774104683195593
3685 0.013774104683195593
187 0.013745704467353952
3699 0.013745704467353952
2739 0.013736263736263736
1642 0.0136986301369863
3443 0.0136986301369863
3725 0.0136986301369863
490 0.01366120218579235
2388 0.01366120218579235
2612 0.013651877133105802
172 0.013623978201634877
3707 0.013623978201634877
1705 0.01358695652173913
579 0.013559322033898305
769 0.013559322033898305
1022 0.013550135501355014
3956 0.013550135501355014
818 0.013513513513513514
3764 0.013513513513513514
2760 0.013422818791946308
3703 0.013404825737265416
3269 0.013368983957219251
2734 0.013333333333333334
3543 0.013333333333333334
3500 0.013297872340425532
38 0.013289036544850499
249 0.013289036544850499
280 0.013289036544850499
299 0.013289036544850499
2668 0.013245033112582781
3911 0.013245033112582781
1348 0.013201320132013201
417 0.013157894736842105
634 0.013157894736842105
3178 0.013157894736842105
2726 0.013157894736842105
3922 0.013157894736842105
2682 0.013123359580052493
194 0.013114754098360656
1684 0.013114754098360656
1785 0.013114754098360656
3477 0.013114754098360656
3826 0.013114754098360656
3986 0.013114754098360656
1085 0.013071895424836602
3362 0.013071895424836602
2517 0.013071895424836602
3728 0.013071895424836602
2809 0.013054830287206266
632 0.013020833333333334
3297 0.013020833333333334
72 0.012987012987012988
1061 0.012987012987012988
856 0.012987012987012988
3521 0.012987012987012988
1127 0.012944983818770227
2656 0.012944983818770227
3484 0.012944983818770227
218 0.012903225806451613
600 0.012903225806451613
119 0.012861736334405145
1566 0.012861736334405145
1711 0.012861736334405145
1845 0.012861736334405145
768 0.012861736334405145
908 0.01282051282051282
3465 0.01282051282051282
3483 0.01282051282051282
242 0.012779552715654952
2881 0.012779552715654952
3349 0.012779552715654952
129 0.012738853503184714
3781 0.012738853503184714
1093 0.012698412698412698
1246 0.012698412698412698
1337 0.012698412698412698
1654 0.012698412698412698
850 0.012698412698412698
714 0.012658227848101266
677 0.012618296529968454
704 0.012578616352201259
830 0.012578616352201259
3993 0.012578616352201259
106 0.012539184952978056
278 0.012539184952978056
1442 0.012539184952978056
1788 0.012539184952978056
3263 0.012539184952978056
3715 0.012539184952978056
915 0.0125
462 0.0125
727 0.0125
2316 0.0125
3637 0.0125
21 0.012461059190031152
1621 0.012461059190031152
1641 0.012461059190031152
3460 0.012461059190031152
362 0.012437810945273632
977 0.012422360248447204
1806 0.012422360248447204
3519 0.012422360248447204
3794 0.012422360248447204
3844 0.012422360248447204
2487 0.01238390092879257
3975 0.01238390092879257
937 0.012345679012345678
1633 0.012345679012345678
1701 0.012345679012345678
3233 0.012345679012345678
2548 0.012345679012345678
1168 0.012307692307692308
1408 0.012307692307692308
3809 0.012307692307692308
580 0.012269938650306749
1774 0.012269938650306749
46 0.012232415902140673
70 0.012232415902140673
1178 0.012232415902140673
779 0.012232415902140673
787 0.012232415902140673
2999 0.012232415902140673
2091 0.012232415902140673
3494 0.012232415902140673
3607 0.012232415902140673
985 0.012195121951219513
3265 0.012195121951219513
3069 0.012195121951219513
2178 0.012195121951219513
2248 0.012195121951219513
3706 0.012195121951219513
131 0.0121580547112462
254 0.0121580547112462
2885 0.0121580547112462
1030 0.0121580547112462
3747 0.0121580547112462
262 0.012121212121212121
2821 0.012121212121212121
3266 0.012121212121212121
3300 0.012121212121212121
2558 0.012121212121212121
3669 0.012121212121212121
7 0.012084592145015106
907 0.012084592145015106
1815 0.012084592145015106
748 0.012084592145015106
2858 0.012084592145015106
3059 0.012084592145015106
3439 0.012084592145015106
1353 0.012048192771084338
595 0.012048192771084338
665 0.012048192771084338
829 0.012048192771084338
3948 0.012048192771084338
3308 0.012048192771084338
2349 0.012048192771084338
2455 0.012048192771084338
3964 0.012048192771084338
1366 0.012012012012012012
1537 0.012012012012012012
3504 0.012012012012012012
3529 0.012012012012012012
3957 0.012012012012012012
20 0.011976047904191617
324 0.011976047904191617
361 0.011976047904191617
3030 0.011976047904191617
2251 0.011976047904191617
3682 0.011976047904191617
3758 0.011976047904191617
3768 0.011976047904191617
1040 0.011940298507462687
1937 0.011940298507462687
3470 0.011940298507462687
1055 0.011904761904761904
1383 0.011904761904761904
1807 0.011904761904761904
625 0.011904761904761904
793 0.011904761904761904
2160 0.011904761904761904
443 0.011869436201780416
672 0.011869436201780416
726 0.011869436201780416
2727 0.011869436201780416
2972 0.011869436201780416
3510 0.011869436201780416
3565 0.011869436201780416
3572 0.011869436201780416
3660 0.011869436201780416
3933 0.011869436201780416
83 0.011834319526627219
1277 0.011834319526627219
3910 0.011834319526627219
1708 0.011799410029498525
478 0.011799410029498525
540 0.011799410029498525
3010 0.011799410029498525
3505 0.011799410029498525
3786 0.011799410029498525
3931 0.011799410029498525
17 0.011764705882352941
315 0.011764705882352941
340 0.011764705882352941
499 0.011764705882352941
2047 0.011764705882352941
3423 0.011764705882352941
1980 0.011764705882352941
3701 0.011764705882352941
3775 0.011764705882352941
3963 0.011764705882352941
277 0.011730205278592375
1118 0.011730205278592375
525 0.011730205278592375
636 0.011730205278592375
3654 0.011730205278592375
3818 0.011730205278592375
101 0.011695906432748537
228 0.011695906432748537
374 0.011695906432748537
2935 0.011695906432748537
3021 0.011695906432748537
3075 0.011695906432748537
3333 0.011695906432748537
2089 0.011695906432748537
2480 0.011695906432748537
3790 0.011695906432748537
3 0.011661807580174927
582 0.011661807580174927
3207 0.011661807580174927
1992 0.011661807580174927
2029 0.011661807580174927
2130 0.011661807580174927
2453 0.011661807580174927
3581 0.011661807580174927
3639 0.011661807580174927
3777 0.011661807580174927
3537 0.011627906976744186
3791 0.011627906976744186
2942 0.011594202898550725
3210 0.011594202898550725
3256 0.011594202898550725
3819 0.011594202898550725
3848 0.011594202898550725
92 0.011560693641618497
662 0.011560693641618497
2711 0.011560693641618497
3714 0.011560693641618497
24 0.011527377521613832
57 0.011527377521613832
1053 0.011527377521613832
1421 0.011527377521613832
495 0.011527377521613832
3738 0.011527377521613832
22 0.011494252873563218
2795 0.011494252873563218
3027 0.011494252873563218
2158 0.011494252873563218
2314 0.011494252873563218
108 0.011461318051575931
1634 0.011461318051575931
1905 0.011461318051575931
354 0.011461318051575931
456 0.011461318051575931
598 0.011461318051575931
1949 0.011461318051575931
2971 0.011428571428571429
2957 0.011428571428571429
3311 0.011428571428571429
2545 0.011428571428571429
3914 0.011428571428571429
619 0.011396011396011397
836 0.011396011396011397
3011 0.011396011396011397
98 0.011363636363636364
3077 0.011363636363636364
2276 0.011363636363636364
3526 0.011363636363636364
3824 0.011363636363636364
1822 0.0113314447592068
359 0.0113314447592068
2775 0.0113314447592068
3241 0.0113314447592068
3631 0.0113314447592068
3705 0.0113314447592068
3326 0.011299435028248588
2431 0.011299435028248588
389 0.011267605633802818
991 0.011267605633802818
1343 0.011267605633802818
1565 0.011267605633802818
2707 0.011267605633802818
3927 0.011267605633802818
3967 0.011267605633802818
84 0.011204481792717087
3340 0.011204481792717087
1672 0.0111731843575419
3143 0.0111731843575419
2373 0.0111731843575419
890 0.011142061281337047
3285 0.011142061281337047
2114 0.011142061281337047
2637 0.011142061281337047
3821 0.011142061281337047
2837 0.011111111111111112
2956 0.011111111111111112
3150 0.011111111111111112
2840 0.011049723756906077
2411 0.011049723756906077
297 0.011019283746556474
1618 0.01098901098901099
1725 0.01098901098901099
1229 0.010958904109589041
1694 0.01092896174863388
2803 0.01092896174863388
2364 0.01090909090909091
107 0.010899182561307902
1131 0.010899182561307902
2703 0.010899182561307902
2256 0.010869565217391304
3838 0.010869565217391304
1405 0.010810810810810811
615 0.010810810810810811
945 0.01078167115902965
1041 0.01078167115902965
3458 0.01078167115902965
956 0.010752688172043012
1511 0.010723860589812333
3541 0.010723860589812333
1629 0.0106951871657754
3904 0.010638297872340425
3915 0.010638297872340425
733 0.01060070671378092
1926 0.010526315789473684
3615 0.010526315789473684
913 0.01048951048951049
1624 0.010471204188481676
783 0.010416666666666666
2979 0.01038961038961039
3436 0.010309278350515464
1409 0.010273972602739725
3562 0.010273972602739725
747 0.010238907849829351
4019 0.010238907849829351
886 0.01020408163265306
3785 0.010169491525423728
3227 0.010135135135135136
2657 0.010135135135135136
2825 0.010067114093959731
2503 0.010050251256281407
558 0.010033444816053512
309 0.009966777408637873
1617 0.009966777408637873
2444 0.009966777408637873
2806 0.009933774834437087
3382 0.009933774834437087
3552 0.009933774834437087
1440 0.009900990099009901
3645 0.009900990099009901
3732 0.009900990099009901
1507 0.009868421052631578
3409 0.009868421052631578
2743 0.009868421052631578
1265 0.009836065573770493
1682 0.009836065573770493
545 0.009836065573770493
3138 0.009836065573770493
3555 0.009836065573770493
680 0.00980392156862745
2832 0.00980392156862745
3836 0.00980392156862745
3862 0.00980392156862745
1326 0.009771986970684038
1521 0.009771986970684038
3553 0.009771986970684038
1077 0.00974025974025974
433 0.00974025974025974
3314 0.00974025974025974
941 0.009708737864077669
1444 0.009708737864077669
3294 0.009708737864077669
3623 0.009708737864077669
3646 0.00967741935483871
204 0.00964630225080386
1098 0.00964630225080386
2640 0.00964630225080386
3025 0.00964630225080386
3427 0.00964630225080386
1843 0.009615384615384616
3404 0.009615384615384616
2889 0.009615384615384616
1958 0.009615384615384616
3735 0.009615384615384616
4004 0.009615384615384616
200 0.009584664536741214
224 0.009584664536741214
304 0.009584664536741214
3750 0.009584664536741214
3024 0.009584664536741214
3259 0.009584664536741214
3664 0.009584664536741214
347 0.009554140127388535
450 0.009554140127388535
2822 0.009554140127388535
3394 0.009554140127388535
2659 0.009554140127388535
3602 0.009554140127388535
2814 0.009523809523809525
1469 0.009523809523809525
1882 0.009523809523809525
2635 0.009523809523809525
663 0.009523809523809525
3517 0.009523809523809525
3295 0.009523809523809525
3015 0.009523809523809525
3462 0.009523809523809525
35 0.00949367088607595
45 0.00949367088607595
69 0.00949367088607595
1184 0.00949367088607595
2350 0.00949367088607595
756 0.00946372239747634
2801 0.00946372239747634
2270 0.00946372239747634
3710 0.00946372239747634
4035 0.00946372239747634
263 0.009433962264150943
938 0.009433962264150943
1137 0.009433962264150943
1798 0.009433962264150943
1858 0.009433962264150943
435 0.009433962264150943
546 0.009433962264150943
785 0.009433962264150943
3354 0.009433962264150943
3559 0.009433962264150943
48 0.009404388714733543
1122 0.009404388714733543
820 0.009404388714733543
882 0.009404388714733543
2980 0.009404388714733543
2170 0.009404388714733543
3891 0.009404388714733543
54 0.009375
156 0.009375
350 0.009375
434 0.009375
446 0.009375
461 0.009375
470 0.009375
3779 0.009375
1050 0.009345794392523364
1477 0.009345794392523364
2297 0.009345794392523364
2633 0.009345794392523364
3833 0.009345794392523364
62 0.009316770186335404
163 0.009316770186335404
1304 0.009316770186335404
1546 0.009316770186335404
463 0.009316770186335404
700 0.009316770186335404
817 0.009316770186335404
846 0.009316770186335404
2260 0.009316770186335404
2286 0.009316770186335404
3589 0.009316770186335404
3595 0.009316770186335404
3793 0.009316770186335404
3816 0.009316770186335404
3942 0.009316770186335404
5 0.009287925696594427
1154 0.009287925696594427
1591 0.009287925696594427
512 0.009287925696594427
742 0.009287925696594427
2644 0.009287925696594427
3468 0.009287925696594427
3582 0.009287925696594427
3789 0.009287925696594427
3811 0.009287925696594427
1169 0.009259259259259259
3045 0.009259259259259259
2214 0.009259259259259259
3558 0.009259259259259259
3776 0.009259259259259259
14 0.009230769230769232
1699 0.009230769230769232
3087 0.009230769230769232
3359 0.009230769230769232
3531 0.009230769230769232
1113 0.009202453987730062
1133 0.009202453987730062
1510 0.009202453987730062
1880 0.009202453987730062
1908 0.009202453987730062
767 0.009202453987730062
842 0.009202453987730062
854 0.009202453987730062
3328 0.009202453987730062
3498 0.009202453987730062
3579 0.009202453987730062
144 0.009174311926605505
1574 0.009174311926605505
1995 0.009174311926605505
693 0.009174311926605505
716 0.009174311926605505
840 0.009174311926605505
3065 0.009174311926605505
2360 0.009174311926605505
3491 0.009174311926605505
3724 0.009174311926605505
3810 0.009174311926605505
3913 0.009174311926605505
1260 0.009146341463414634
1266 0.009146341463414634
1363 0.009146341463414634
425 0.009146341463414634
2981 0.009146341463414634
2997 0.009146341463414634
3070 0.009146341463414634
1996 0.009146341463414634
1033 0.00911854103343465
1144 0.00911854103343465
1155 0.00911854103343465
694 0.00911854103343465
705 0.00911854103343465
721 0.00911854103343465
2747 0.00911854103343465
3413 0.00911854103343465
1974 0.00911854103343465
3532 0.00911854103343465
3896 0.00911854103343465
3972 0.00911854103343465
44 0.00909090909090909
55 0.00909090909090909
236 0.00909090909090909
973 0.00909090909090909
1087 0.00909090909090909
1188 0.00909090909090909
1468 0.00909090909090909
1583 0.00909090909090909
1744 0.00909090909090909
3684 0.00909090909090909
3872 0.00909090909090909
3020 0.00909090909090909
3389 0.00909090909090909
3516 0.00909090909090909
3730 0.00909090909090909
3802 0.00909090909090909
154 0.00906344410876133
758 0.00906344410876133
2854 0.00906344410876133
1568 0.009036144578313253
544 0.009036144578313253
589 0.009036144578313253
739 0.009036144578313253
2772 0.009036144578313253
3869 0.009036144578313253
148 0.009009009009009009
178 0.009009009009009009
379 0.009009009009009009
407 0.009009009009009009
3651 0.009009009009009009
1930 0.009009009009009009
2366 0.009009009009009009
2405 0.009009009009009009
2422 0.009009009009009009
3608 0.009009009009009009
2171 0.008982035928143712
618 0.008982035928143712
763 0.008982035928143712
2731 0.008982035928143712
2848 0.008982035928143712
3004 0.008982035928143712
3182 0.008982035928143712
3441 0.008982035928143712
3739 0.008982035928143712
2226 0.008955223880597015
2645 0.008955223880597015
3568 0.008955223880597015
3695 0.008955223880597015
3876 0.008955223880597015
191 0.008928571428571428
267 0.008928571428571428
1709 0.008928571428571428
397 0.008928571428571428
844 0.008928571428571428
2899 0.008928571428571428
3140 0.008928571428571428
3187 0.008928571428571428
3459 0.008928571428571428
3920 0.008928571428571428
338 0.008902077151335312
1433 0.008902077151335312
1497 0.008902077151335312
3038 0.008902077151335312
3402 0.008902077151335312
1970 0.008902077151335312
2452 0.008902077151335312
2562 0.008902077151335312
3511 0.008902077151335312
1481 0.008875739644970414
562 0.008875739644970414
583 0.008875739644970414
2768 0.008875739644970414
3643 0.008875739644970414
51 0.008849557522123894
73 0.008849557522123894
606 0.008849557522123894
519 0.008849557522123894
2841 0.008849557522123894
3358 0.008849557522123894
2312 0.008849557522123894
3925 0.008849557522123894
3985 0.008849557522123894
133 0.008823529411764706
929 0.008823529411764706
1018 0.008823529411764706
1064 0.008823529411764706
1192 0.008823529411764706
1909 0.008823529411764706
460 0.008823529411764706
556 0.008823529411764706
667 0.008823529411764706
788 0.008823529411764706
2379 0.008823529411764706
3473 0.008823529411764706
2 0.008797653958944282
1028 0.008797653958944282
1796 0.008797653958944282
369 0.008797653958944282
3136 0.008797653958944282
2677 0.008797653958944282
3008 0.008797653958944282
2397 0.008797653958944282
2585 0.008797653958944282
3475 0.008797653958944282
3890 0.008797653958944282
1102 0.008771929824561403
611 0.008771929824561403
660 0.008771929824561403
3981 0.008771929824561403
1134 0.008746355685131196
3373 0.008746355685131196
3743 0.008746355685131196
3893 0.008746355685131196
3905 0.008746355685131196
1666 0.00872093023255814
1786 0.00872093023255814
1862 0.00872093023255814
536 0.00872093023255814
2872 0.00872093023255814
3016 0.00872093023255814
3152 0.00872093023255814
3773 0.00872093023255814
3907 0.00872093023255814
1490 0.008695652173913044
1731 0.008695652173913044
1852 0.008695652173913044
2284 0.008695652173913044
2704 0.008695652173913044
388 0.008695652173913044
491 0.008695652173913044
735 0.008695652173913044
3211 0.008695652173913044
3313 0.008695652173913044
3424 0.008695652173913044
2346 0.008695652173913044
2490 0.008695652173913044
3812 0.008695652173913044
39 0.008670520231213872
905 0.008670520231213872
1500 0.008670520231213872
474 0.008670520231213872
505 0.008670520231213872
2696 0.008670520231213872
2992 0.008670520231213872
3081 0.008670520231213872
1013 0.008645533141210375
808 0.008645533141210375
2968 0.008645533141210375
3245 0.008645533141210375
2791 0.008645533141210375
2965 0.008645533141210375
3124 0.008645533141210375
3156 0.008645533141210375
3212 0.008645533141210375
3217 0.008645533141210375
1010 0.008620689655172414
1319 0.008620689655172414
1837 0.008620689655172414
3761 0.008620689655172414
990 0.008595988538681949
1241 0.008595988538681949
1501 0.008595988538681949
429 0.008595988538681949
2780 0.008595988538681949
2320 0.008595988538681949
2488 0.008595988538681949
82 0.008571428571428572
1001 0.008571428571428572
761 0.008571428571428572
3540 0.008571428571428572
2698 0.008571428571428572
1104 0.008547008547008548
1129 0.008547008547008548
1696 0.008547008547008548
1726 0.008547008547008548
2725 0.008547008547008548
2100 0.008547008547008548
295 0.008522727272727272
444 0.008522727272727272
603 0.008522727272727272
2129 0.008522727272727272
3480 0.008522727272727272
3808 0.008522727272727272
316 0.0084985835694051
475 0.0084985835694051
1065 0.0084985835694051
1296 0.0084985835694051
719 0.0084985835694051
3692 0.0084985835694051
3186 0.0084985835694051
3938 0.0084985835694051
27 0.00847457627118644
313 0.00847457627118644
1342 0.00847457627118644
413 0.00847457627118644
2923 0.00847457627118644
1042 0.008450704225352112
1106 0.008450704225352112
1660 0.008450704225352112
923 0.008426966292134831
549 0.008426966292134831
530 0.008426966292134831
703 0.008426966292134831
2952 0.008426966292134831
2206 0.008426966292134831
111 0.008403361344537815
121 0.008403361344537815
1612 0.008403361344537815
1779 0.008403361344537815
1784 0.008403361344537815
1838 0.008403361344537815
368 0.008403361344537815
439 0.008403361344537815
445 0.008403361344537815
2037 0.008403361344537815
3452 0.008403361344537815
3640 0.008403361344537815
3752 0.008403361344537815
1237 0.008379888268156424
837 0.008379888268156424
53 0.008356545961002786
80 0.008356545961002786
2494 0.008356545961002786
605 0.008356545961002786
760 0.008356545961002786
3877 0.008356545961002786
3155 0.008356545961002786
683 0.008333333333333333
2116 0.008310249307479225
2815 0.008287292817679558
3193 0.008287292817679558
3255 0.008287292817679558
67 0.008264462809917356
1820 0.008264462809917356
620 0.008264462809917356
3108 0.008264462809917356
3185 0.008264462809917356
4003 0.008264462809917356
936 0.008241758241758242
1318 0.008241758241758242
548 0.008241758241758242
3412 0.008241758241758242
3086 0.008241758241758242
3190 0.008241758241758242
3260 0.008241758241758242
188 0.00821917808219178
1435 0.00821917808219178
3668 0.00821917808219178
165 0.00819672131147541
1062 0.00819672131147541
528 0.00819672131147541
3936 0.00819672131147541
1000 0.008174386920980926
404 0.008174386920980926
841 0.008174386920980926
3076 0.008174386920980926
2438 0.008174386920980926
542 0.008152173913043478
2597 0.008152173913043478
3433 0.008152173913043478
2966 0.008130081300813009
160 0.008108108108108109
355 0.008108108108108109
3209 0.008108108108108109
1850 0.008086253369272238
1282 0.008064516129032258
1952 0.008064516129032258
1196 0.008021390374331552
2228 0.008021390374331552
1136 0.007978723404255319
184 0.007957559681697613
1091 0.007936507936507936
1659 0.007936507936507936
2102 0.0079155672823219
526 0.007894736842105263
3335 0.007894736842105263
557 0.007874015748031496
780 0.007874015748031496
2813 0.007874015748031496
2812 0.0078125
1412 0.007792207792207792
790 0.007751937984496124
382 0.007731958762886598
661 0.007731958762886598
2838 0.007692307692307693
3063 0.007407407407407408
644 0.0072992700729927005
2990 0.007272727272727273
422 0.007220216606498195
1281 0.007142857142857143
1601 0.007142857142857143
720 0.0070921985815602835
3734 0.0070921985815602835
3175 0.007017543859649123
1058 0.006968641114982578
633 0.006968641114982578
3050 0.006944444444444444
3097 0.006920415224913495
2970 0.006920415224913495
2027 0.006896551724137931
2715 0.00684931506849315
3755 0.00684931506849315
1640 0.006802721088435374
3644 0.006802721088435374
1047 0.006779661016949152
3507 0.006779661016949152
3472 0.006756756756756757
419 0.006734006734006734
3719 0.006734006734006734
3792 0.006734006734006734
2863 0.006711409395973154
2342 0.006711409395973154
3772 0.006711409395973154
3934 0.006711409395973154
1 0.006688963210702341
1267 0.006688963210702341
3107 0.006688963210702341
1935 0.006688963210702341
1554 0.006666666666666667
2909 0.006666666666666667
3474 0.006666666666666667
3666 0.006666666666666667
3754 0.006666666666666667
1301 0.006644518272425249
1898 0.006644518272425249
752 0.006644518272425249
2044 0.006644518272425249
2217 0.006644518272425249
3578 0.006644518272425249
566 0.006622516556291391
919 0.006600660066006601
678 0.006600660066006601
2234 0.006600660066006601
2324 0.006600660066006601
158 0.006578947368421052
958 0.006578947368421052
2067 0.006578947368421052
3575 0.006578947368421052
3629 0.006578947368421052
3880 0.006578947368421052
1247 0.006557377049180328
1482 0.006557377049180328
2850 0.006557377049180328
3132 0.006557377049180328
3144 0.006557377049180328
3573 0.006557377049180328
483 0.006535947712418301
946 0.006535947712418301
774 0.006535947712418301
2921 0.006535947712418301
3493 0.006535947712418301
3906 0.006535947712418301
186 0.006514657980456026
1884 0.006514657980456026
2851 0.006514657980456026
1315 0.006493506493506494
448 0.006493506493506494
821 0.006493506493506494
3874 0.006493506493506494
162 0.006472491909385114
1216 0.006472491909385114
1432 0.006472491909385114
1656 0.006472491909385114
3033 0.006472491909385114
213 0.0064516129032258064
896 0.0064516129032258064
570 0.0064516129032258064
591 0.0064516129032258064
647 0.0064516129032258064
741 0.0064516129032258064
2060 0.0064516129032258064
3508 0.0064516129032258064
3722 0.0064516129032258064
3881 0.0064516129032258064
94 0.006430868167202572
932 0.006430868167202572
1485 0.006430868167202572
1743 0.006430868167202572
473 0.006430868167202572
567 0.006430868167202572
2730 0.006430868167202572
3036 0.006430868167202572
2003 0.006430868167202572
2096 0.006430868167202572
3834 0.006430868167202572
924 0.00641025641025641
982 0.00641025641025641
1372 0.00641025641025641
1588 0.00641025641025641
497 0.00641025641025641
701 0.00641025641025641
713 0.00641025641025641
2898 0.00641025641025641
3039 0.00641025641025641
3339 0.00641025641025641
2013 0.00641025641025641
3600 0.00641025641025641
203 0.006389776357827476
1200 0.006389776357827476
1221 0.006389776357827476
1258 0.006389776357827476
1340 0.006389776357827476
423 0.006389776357827476
3386 0.006389776357827476
2934 0.006389776357827476
2953 0.006389776357827476
2441 0.006389776357827476
964 0.006369426751592357
1691 0.006369426751592357
744 0.006369426751592357
3633 0.006369426751592357
3353 0.006369426751592357
3393 0.006369426751592357
2424 0.006369426751592357
2628 0.006369426751592357
16 0.006349206349206349
151 0.006349206349206349
265 0.006349206349206349
1631 0.006349206349206349
1736 0.006349206349206349
2836 0.006349206349206349
2880 0.006349206349206349
3067 0.006349206349206349
118 0.006329113924050633
641 0.006329113924050633
1374 0.006329113924050633
1470 0.006329113924050633
1830 0.006329113924050633
2032 0.006329113924050633
2072 0.006329113924050633
681 0.006329113924050633
2938 0.006329113924050633
3120 0.006329113924050633
3384 0.006329113924050633
3422 0.006329113924050633
2022 0.006329113924050633
2537 0.006329113924050633
3815 0.006329113924050633
3867 0.006329113924050633
4026 0.006329113924050633
901 0.006309148264984227
933 0.006309148264984227
531 0.006309148264984227
655 0.006309148264984227
827 0.006309148264984227
2062 0.006309148264984227
3159 0.006309148264984227
3352 0.006309148264984227
291 0.006289308176100629
2292 0.006289308176100629
2778 0.006289308176100629
2843 0.006289308176100629
3137 0.006289308176100629
3270 0.006289308176100629
3298 0.006289308176100629
2390 0.006289308176100629
3697 0.006289308176100629
140 0.006269592476489028
1031 0.006269592476489028
1232 0.006269592476489028
723 0.006269592476489028
2575 0.006269592476489028
2610 0.006269592476489028
3557 0.006269592476489028
113 0.00625
130 0.00625
998 0.00625
1035 0.00625
1360 0.00625
2458 0.00625
2797 0.00625
3296 0.00625
2486 0.00625
3509 0.00625
3611 0.00625
1356 0.006230529595015576
1722 0.006230529595015576
1738 0.006230529595015576
390 0.006230529595015576
3248 0.006230529595015576
2763 0.006230529595015576
2847 0.006230529595015576
3000 0.006230529595015576
3167 0.006230529595015576
2534 0.006230529595015576
2587 0.006230529595015576
3612 0.006230529595015576
3673 0.006230529595015576
141 0.006211180124223602
538 0.006211180124223602
974 0.006211180124223602
1580 0.006211180124223602
1655 0.006211180124223602
1735 0.006211180124223602
1826 0.006211180124223602
1872 0.006211180124223602
3962 0.006211180124223602
2710 0.006211180124223602
3171 0.006211180124223602
1927 0.006211180124223602
2115 0.006211180124223602
2606 0.006211180124223602
3527 0.006211180124223602
3694 0.006211180124223602
1461 0.006191950464396285
1498 0.006191950464396285
1710 0.006191950464396285
1841 0.006191950464396285
1973 0.006191950464396285
393 0.006191950464396285
2662 0.006191950464396285
3383 0.006191950464396285
2370 0.006191950464396285
3482 0.006191950464396285
302 0.006172839506172839
949 0.006172839506172839
1630 0.006172839506172839
2004 0.006172839506172839
571 0.006172839506172839
805 0.006172839506172839
3525 0.006172839506172839
1913 0.006172839506172839
2465 0.006172839506172839
3236 0.006172839506172839
3316 0.006172839506172839
1094 0.006153846153846154
1110 0.006153846153846154
1225 0.006153846153846154
1321 0.006153846153846154
1385 0.006153846153846154
1430 0.006153846153846154
1695 0.006153846153846154
2378 0.006153846153846154
449 0.006153846153846154
664 0.006153846153846154
2787 0.006153846153846154
3249 0.006153846153846154
3334 0.006153846153846154
2083 0.006153846153846154
2162 0.006153846153846154
2181 0.006153846153846154
3514 0.006153846153846154
3769 0.006153846153846154
1179 0.006134969325153374
1303 0.006134969325153374
1334 0.006134969325153374
1638 0.006134969325153374
1733 0.006134969325153374
1851 0.006134969325153374
416 0.006134969325153374
593 0.006134969325153374
3886 0.006134969325153374
2769 0.006134969325153374
3007 0.006134969325153374
3390 0.006134969325153374
1999 0.006134969325153374
2308 0.006134969325153374
2326 0.006134969325153374
3840 0.006134969325153374
122 0.0061162079510703364
898 0.0061162079510703364
1478 0.0061162079510703364
1765 0.0061162079510703364
614 0.0061162079510703364
679 0.0061162079510703364
710 0.0061162079510703364
3044 0.0061162079510703364
3082 0.0061162079510703364
3104 0.0061162079510703364
3229 0.0061162079510703364
3327 0.0061162079510703364
3415 0.0061162079510703364
1968 0.0061162079510703364
1982 0.0061162079510703364
3463 0.0061162079510703364
3800 0.0061162079510703364
3965 0.0061162079510703364
332 0.006097560975609756
1280 0.006097560975609756
1702 0.006097560975609756
1863 0.006097560975609756
2533 0.006097560975609756
372 0.006097560975609756
485 0.006097560975609756
486 0.006097560975609756
2962 0.006097560975609756
2385 0.006097560975609756
2672 0.006097560975609756
2783 0.006097560975609756
2978 0.006097560975609756
3017 0.006097560975609756
3197 0.006097560975609756
2012 0.006097560975609756
3845 0.006097560975609756
288 0.0060790273556231
345 0.0060790273556231
601 0.0060790273556231
950 0.0060790273556231
1307 0.0060790273556231
1483 0.0060790273556231
1518 0.0060790273556231
1671 0.0060790273556231
1678 0.0060790273556231
1895 0.0060790273556231
357 0.0060790273556231
2413 0.0060790273556231
3013 0.0060790273556231
3237 0.0060790273556231
3312 0.0060790273556231
3428 0.0060790273556231
1936 0.0060790273556231
1944 0.0060790273556231
1953 0.0060790273556231
2040 0.0060790273556231
2145 0.0060790273556231
2403 0.0060790273556231
1932 0.006060606060606061
766 0.006060606060606061
772 0.006060606060606061
3410 0.006060606060606061
2987 0.006060606060606061
3043 0.006060606060606061
3392 0.006060606060606061
2566 0.006060606060606061
3534 0.006060606060606061
3702 0.006060606060606061
3973 0.006060606060606061
258 0.006042296072507553
1187 0.006042296072507553
1857 0.006042296072507553
734 0.006042296072507553
3456 0.006042296072507553
3721 0.006042296072507553
3106 0.006042296072507553
3208 0.006042296072507553
3306 0.006042296072507553
2371 0.006042296072507553
3675 0.006042296072507553
3929 0.006042296072507553
303 0.006024096385542169
428 0.006024096385542169
1299 0.006024096385542169
2174 0.006024096385542169
522 0.006024096385542169
543 0.006024096385542169
809 0.006024096385542169
1948 0.006024096385542169
2148 0.006024096385542169
2895 0.006024096385542169
2900 0.006024096385542169
2939 0.006024096385542169
3369 0.006024096385542169
3426 0.006024096385542169
3680 0.006024096385542169
128 0.006006006006006006
1213 0.006006006006006006
1812 0.006006006006006006
466 0.006006006006006006
792 0.006006006006006006
847 0.006006006006006006
2198 0.006006006006006006
2344 0.006006006006006006
3204 0.006006006006006006
3275 0.006006006006006006
3375 0.006006006006006006
3590 0.006006006006006006
3591 0.006006006006006006
3909 0.006006006006006006
920 0.005988023952095809
1069 0.005988023952095809
1492 0.005988023952095809
1504 0.005988023952095809
1569 0.005988023952095809
1615 0.005988023952095809
494 0.005988023952095809
853 0.005988023952095809
3034 0.005988023952095809
3363 0.005988023952095809
3429 0.005988023952095809
3655 0.005988023952095809
3780 0.005988023952095809
206 0.005970149253731343
1291 0.005970149253731343
1354 0.005970149253731343
1434 0.005970149253731343
1749 0.005970149253731343
1780 0.005970149253731343
2869 0.005970149253731343
2002 0.005970149253731343
2875 0.005970149253731343
3416 0.005970149253731343
2361 0.005970149253731343
3450 0.005970149253731343
3855 0.005970149253731343
1322 0.005952380952380952
1844 0.005952380952380952
2538 0.005952380952380952
753 0.005952380952380952
2266 0.005952380952380952
2685 0.005952380952380952
2820 0.005952380952380952
3246 0.005952380952380952
3832 0.005952380952380952
266 0.005934718100890208
903 0.005934718100890208
1095 0.005934718100890208
1121 0.005934718100890208
1223 0.005934718100890208
1605 0.005934718100890208
436 0.005934718100890208
3072 0.005934718100890208
3103 0.005934718100890208
3109 0.005934718100890208
3219 0.005934718100890208
3244 0.005934718100890208
2023 0.005934718100890208
2150 0.005934718100890208
139 0.005917159763313609
334 0.005917159763313609
1912 0.005917159763313609
1325 0.005917159763313609
1428 0.005917159763313609
1777 0.005917159763313609
2302 0.005917159763313609
2941 0.005917159763313609
2745 0.005917159763313609
2753 0.005917159763313609
2786 0.005917159763313609
3189 0.005917159763313609
2019 0.005917159763313609
2230 0.005917159763313609
2317 0.005917159763313609
2440 0.005917159763313609
2621 0.005917159763313609
138 0.0058997050147492625
196 0.0058997050147492625
3173 0.0058997050147492625
951 0.0058997050147492625
1103 0.0058997050147492625
1215 0.0058997050147492625
1496 0.0058997050147492625
773 0.0058997050147492625
826 0.0058997050147492625
2120 0.0058997050147492625
3966 0.0058997050147492625
36 0.0058823529411764705
123 0.0058823529411764705
132 0.0058823529411764705
1037 0.0058823529411764705
1306 0.0058823529411764705
1410 0.0058823529411764705
1658 0.0058823529411764705
1894 0.0058823529411764705
2111 0.0058823529411764705
685 0.0058823529411764705
2518 0.0058823529411764705
3503 0.0058823529411764705
3672 0.0058823529411764705
3759 0.0058823529411764705
3871 0.0058823529411764705
271 0.005865102639296188
1167 0.005865102639296188
1453 0.005865102639296188
1626 0.005865102639296188
1687 0.005865102639296188
1825 0.005865102639296188
2660 0.005865102639296188
848 0.005865102639296188
2824 0.005865102639296188
3110 0.005865102639296188
3900 0.005865102639296188
13 0.005847953216374269
146 0.005847953216374269
161 0.005847953216374269
1070 0.005847953216374269
653 0.005847953216374269
731 0.005847953216374269
2890 0.005847953216374269
3084 0.005847953216374269
2066 0.005847953216374269
3445 0.005847953216374269
3512 0.005847953216374269
3627 0.005847953216374269
75 0.0058309037900874635
240 0.0058309037900874635
965 0.0058309037900874635
1473 0.0058309037900874635
1790 0.0058309037900874635
2417 0.0058309037900874635
648 0.0058309037900874635
2664 0.0058309037900874635
3161 0.0058309037900874635
3693 0.0058309037900874635
221 0.005813953488372093
1161 0.005813953488372093
1162 0.005813953488372093
1171 0.005813953488372093
1313 0.005813953488372093
1379 0.005813953488372093
1547 0.005813953488372093
569 0.005813953488372093
711 0.005813953488372093
1251 0.005797101449275362
1373 0.005797101449275362
1649 0.005797101449275362
1832 0.005797101449275362
777 0.005797101449275362
2800 0.005797101449275362
2920 0.005797101449275362
3054 0.005797101449275362
2006 0.005797101449275362
2099 0.005797101449275362
3604 0.005797101449275362
3726 0.005797101449275362
3817 0.005797101449275362
976 0.005780346820809248
1248 0.005780346820809248
1249 0.005780346820809248
1901 0.005780346820809248
592 0.005780346820809248
2097 0.005780346820809248
2107 0.005780346820809248
3563 0.005780346820809248
1204 0.005763688760806916
1661 0.005763688760806916
650 0.005763688760806916
754 0.005763688760806916
2693 0.005763688760806916
2766 0.005763688760806916
2959 0.005763688760806916
2197 0.005763688760806916
2474 0.005763688760806916
2552 0.005763688760806916
3984 0.005763688760806916
63 0.005747126436781609
290 0.005747126436781609
1311 0.005747126436781609
1853 0.005747126436781609
617 0.005747126436781609
3289 0.005747126436781609
3062 0.005747126436781609
3051 0.005747126436781609
2179 0.005747126436781609
3496 0.005747126436781609
3601 0.005747126436781609
944 0.0057306590257879654
1333 0.0057306590257879654
1361 0.0057306590257879654
1564 0.0057306590257879654
3577 0.0057306590257879654
3830 0.0057306590257879654
2338 0.0057306590257879654
2607 0.0057306590257879654
1086 0.005714285714285714
1210 0.005714285714285714
1703 0.005714285714285714
597 0.005714285714285714
778 0.005714285714285714
859 0.005714285714285714
2402 0.005714285714285714
3852 0.005714285714285714
3978 0.005714285714285714
28 0.005698005698005698
1594 0.005698005698005698
1718 0.005698005698005698
1756 0.005698005698005698
2203 0.005698005698005698
666 0.005698005698005698
718 0.005698005698005698
796 0.005698005698005698
2592 0.005698005698005698
3687 0.005698005698005698
1439 0.005681818181818182
1794 0.005681818181818182
2647 0.005681818181818182
2348 0.005681818181818182
2525 0.005681818181818182
3951 0.005681818181818182
353 0.0056657223796034
2447 0.0056657223796034
539 0.0056657223796034
577 0.0056657223796034
762 0.0056657223796034
803 0.0056657223796034
3205 0.0056657223796034
1925 0.0056657223796034
1981 0.0056657223796034
2412 0.0056657223796034
3632 0.0056657223796034
234 0.005649717514124294
649 0.005649717514124294
1236 0.005649717514124294
1548 0.005649717514124294
2189 0.005649717514124294
574 0.005649717514124294
2906 0.005649717514124294
2305 0.005649717514124294
317 0.005633802816901409
1165 0.005633802816901409
1540 0.005633802816901409
1787 0.005633802816901409
373 0.005633802816901409
687 0.005633802816901409
3302 0.005633802816901409
1983 0.005633802816901409
3822 0.005633802816901409
3976 0.005633802816901409
1045 0.0056179775280898875
1088 0.0056179775280898875
1595 0.0056179775280898875
1763 0.0056179775280898875
1866 0.0056179775280898875
2653 0.0056179775280898875
481 0.0056179775280898875
640 0.0056179775280898875
849 0.0056179775280898875
3225 0.0056179775280898875
3277 0.0056179775280898875
2221 0.0056179775280898875
1309 0.0056022408963585435
806 0.0056022408963585435
812 0.0056022408963585435
2375 0.0056022408963585435
1038 0.00558659217877095
1112 0.00558659217877095
3865 0.00558659217877095
31 0.005571030640668524
1589 0.005571030640668524
3111 0.005571030640668524
3089 0.005571030640668524
2639 0.005571030640668524
3630 0.005571030640668524
3796 0.005571030640668524
1534 0.005555555555555556
183 0.00554016620498615
541 0.00554016620498615
800 0.00554016620498615
2770 0.00554016620498615
2984 0.00554016620498615
2632 0.00554016620498615
3831 0.00554016620498615
238 0.0055248618784530384
957 0.0055248618784530384
1904 0.0055248618784530384
1426 0.005509641873278237
1604 0.005509641873278237
2692 0.005509641873278237
2773 0.005509641873278237
2785 0.005509641873278237
2362 0.005509641873278237
2401 0.005509641873278237
3201 0.005494505494505495
1990 0.005494505494505495
1645 0.005479452054794521
722 0.005479452054794521
765 0.005479452054794521
3085 0.005479452054794521
3319 0.00546448087431694
2367 0.00546448087431694
1357 0.005449591280653951
3341 0.005449591280653951
3784 0.005449591280653951
3944 0.005449591280653951
3547 0.005434782608695652
3350 0.005420054200542005
3618 0.005420054200542005
1739 0.005405405405405406
3286 0.005405405405405406
3866 0.005405405405405406
995 0.005390835579514825
3228 0.005390835579514825
2400 0.005390835579514825
344 0.005376344086021506
1338 0.005376344086021506
2963 0.005376344086021506
2620 0.005376344086021506
970 0.005361930294906166
1244 0.005361930294906166
1273 0.005361930294906166
1332 0.005361930294906166
2765 0.005361930294906166
1713 0.0053475935828877
402 0.005333333333333333
2789 0.005333333333333333
3032 0.005319148936170213
1810 0.005305039787798408
300 0.005291005291005291
1186 0.005291005291005291
1577 0.005277044854881266
1839 0.005249343832020997
1723 0.005235602094240838
2751 0.005235602094240838
3114 0.005221932114882507
1517 0.0051813471502590676
590 0.0051813471502590676
2010 0.0051813471502590676
2590 0.005154639175257732
458 0.005141388174807198
2860 0.005141388174807198
3195 0.005141388174807198
65 0.005128205128205128
3476 0.003703703703703704
2570 0.0036101083032490976
2199 0.0035971223021582736
305 0.0035842293906810036
1382 0.0035842293906810036
2280 0.0035842293906810036
2520 0.0035714285714285713
670 0.0035587188612099642
3129 0.0035460992907801418
2690 0.0035335689045936395
257 0.0034965034965034965
2927 0.003484320557491289
1147 0.003472222222222222
3943 0.003472222222222222
1245 0.0034602076124567475
2024 0.0034482758620689655
2876 0.0034482758620689655
1697 0.003436426116838488
2915 0.003436426116838488
3002 0.003436426116838488
2386 0.003436426116838488
1614 0.003424657534246575
1646 0.003424657534246575
409 0.003424657534246575
2736 0.003424657534246575
1550 0.0034129692832764505
2901 0.0034129692832764505
3199 0.0034129692832764505
986 0.003401360544217687
1181 0.003401360544217687
2372 0.003401360544217687
3079 0.003401360544217687
2112 0.003401360544217687
1400 0.003389830508474576
3609 0.003389830508474576
289 0.003367003367003367
1005 0.003367003367003367
1148 0.003367003367003367
1189 0.003367003367003367
1415 0.003367003367003367
1459 0.003367003367003367
578 0.003367003367003367
728 0.003367003367003367
2706 0.003367003367003367
2744 0.003367003367003367
1034 0.003355704697986577
2033 0.003355704697986577
3955 0.003355704697986577
1107 0.0033444816053511705
2694 0.0033444816053511705
3736 0.0033444816053511705
3788 0.0033444816053511705
1159 0.0033333333333333335
1235 0.0033333333333333335
802 0.0033333333333333335
3528 0.0033333333333333335
3753 0.0033333333333333335
1413 0.0033222591362126247
515 0.0033222591362126247
2764 0.0033222591362126247
2818 0.0033222591362126247
2993 0.0033222591362126247
2031 0.0033222591362126247
3448 0.0033222591362126247
1538 0.0033112582781456954
2665 0.0033112582781456954
3400 0.0033112582781456954
2430 0.0033112582781456954
2449 0.0033112582781456954
3642 0.0033112582781456954
1330 0.0033003300330033004
1888 0.0033003300330033004
2973 0.0033003300330033004
2996 0.0033003300330033004
10 0.003289473684210526
250 0.003289473684210526
1078 0.003289473684210526
831 0.003289473684210526
2053 0.003289473684210526
3280 0.003289473684210526
3281 0.003289473684210526
1933 0.003289473684210526
2136 0.003289473684210526
2406 0.003289473684210526
2586 0.003289473684210526
3683 0.003289473684210526
1075 0.003278688524590164
1531 0.003278688524590164
1545 0.003278688524590164
405 0.003278688524590164
2104 0.003278688524590164
3977 0.003278688524590164
246 0.0032679738562091504
1114 0.0032679738562091504
1228 0.0032679738562091504
1378 0.0032679738562091504
1899 0.0032679738562091504
3145 0.0032679738562091504
1298 0.003257328990228013
1350 0.003257328990228013
1438 0.003257328990228013
1445 0.003257328990228013
1636 0.003257328990228013
2793 0.003257328990228013
3157 0.003257328990228013
3431 0.003257328990228013
2070 0.003257328990228013
2074 0.003257328990228013
2304 0.003257328990228013
2341 0.003257328990228013
1683 0.003246753246753247
2511 0.003246753246753247
2649 0.003246753246753247
3019 0.003246753246753247
2241 0.003246753246753247
3064 0.003246753246753247
3166 0.003246753246753247
2435 0.003246753246753247
376 0.003236245954692557
1431 0.003236245954692557
1616 0.003236245954692557
415 0.003236245954692557
2149 0.003236245954692557
2674 0.003236245954692557
2833 0.003236245954692557
2969 0.003236245954692557
3061 0.003236245954692557
3115 0.003236245954692557
1989 0.003236245954692557
2235 0.003236245954692557
104 0.0032258064516129032
239 0.0032258064516129032
1587 0.0032258064516129032
1870 0.0032258064516129032
2001 0.0032258064516129032
507 0.0032258064516129032
635 0.0032258064516129032
781 0.0032258064516129032
2724 0.0032258064516129032
2669 0.0032258064516129032
2749 0.0032258064516129032
3342 0.0032258064516129032
3364 0.0032258064516129032
2016 0.0032258064516129032
2274 0.0032258064516129032
2352 0.0032258064516129032
2604 0.0032258064516129032
3585 0.0032258064516129032
3850 0.0032258064516129032
921 0.003215434083601286
1506 0.003215434083601286
1865 0.003215434083601286
2028 0.003215434083601286
1997 0.003215434083601286
2050 0.003215434083601286
321 0.003205128205128205
1011 0.003205128205128205
521 0.003205128205128205
628 0.003205128205128205
3029 0.003205128205128205
3273 0.003205128205128205
3408 0.003205128205128205
1965 0.003205128205128205
2318 0.003205128205128205
207 0.003194888178913738
931 0.003194888178913738
1349 0.003194888178913738
1358 0.003194888178913738
1579 0.003194888178913738
2068 0.003194888178913738
2463 0.003194888178913738
646 0.003194888178913738
2681 0.003194888178913738
2687 0.003194888178913738
3049 0.003194888178913738
3959 0.003194888178913738
64 0.0031847133757961785
596 0.0031847133757961785
1234 0.0031847133757961785
1310 0.0031847133757961785
1955 0.0031847133757961785
2183 0.0031847133757961785
624 0.0031847133757961785
2714 0.0031847133757961785
2819 0.0031847133757961785
2434 0.0031847133757961785
3843 0.0031847133757961785
969 0.0031746031746031746
1381 0.0031746031746031746
1674 0.0031746031746031746
432 0.0031746031746031746
3440 0.0031746031746031746
2282 0.0031746031746031746
2729 0.0031746031746031746
3243 0.0031746031746031746
326 0.0031645569620253164
900 0.0031645569620253164
1115 0.0031645569620253164
1271 0.0031645569620253164
1582 0.0031645569620253164
1801 0.0031645569620253164
1809 0.0031645569620253164
759 0.0031645569620253164
2542 0.0031645569620253164
2717 0.0031645569620253164
2192 0.0031645569620253164
2303 0.0031645569620253164
2311 0.0031645569620253164
2345 0.0031645569620253164
3635 0.0031645569620253164
637 0.0031545741324921135
1191 0.0031545741324921135
1520 0.0031545741324921135
1741 0.0031545741324921135
394 0.0031545741324921135
451 0.0031545741324921135
560 0.0031545741324921135
673 0.0031545741324921135
708 0.0031545741324921135
2594 0.0031545741324921135
2126 0.0031545741324921135
2433 0.0031545741324921135
3766 0.0031545741324921135
212 0.0031446540880503146
1066 0.0031446540880503146
1109 0.0031446540880503146
1488 0.0031446540880503146
1669 0.0031446540880503146
1716 0.0031446540880503146
1847 0.0031446540880503146
2018 0.0031446540880503146
2389 0.0031446540880503146
2871 0.0031446540880503146
3060 0.0031446540880503146
3169 0.0031446540880503146
1934 0.0031446540880503146
2075 0.0031446540880503146
3648 0.0031446540880503146
3760 0.0031446540880503146
925 0.003134796238244514
1080 0.003134796238244514
1553 0.003134796238244514
1662 0.003134796238244514
1951 0.003134796238244514
784 0.003134796238244514
3561 0.003134796238244514
2298 0.003134796238244514
3052 0.003134796238244514
3151 0.003134796238244514
3284 0.003134796238244514
3323 0.003134796238244514
2092 0.003134796238244514
2269 0.003134796238244514
2339 0.003134796238244514
2574 0.003134796238244514
335 0.003125
1285 0.003125
1371 0.003125
2740 0.003125
398 0.003125
845 0.003125
860 0.003125
2678 0.003125
2755 0.003125
2943 0.003125
2961 0.003125
2646 0.003125
3554 0.003125
4022 0.003125
211 0.003115264797507788
984 0.003115264797507788
1126 0.003115264797507788
1294 0.003115264797507788
1458 0.003115264797507788
1515 0.003115264797507788
795 0.003115264797507788
3501 0.003115264797507788
2883 0.003115264797507788
2294 0.003115264797507788
2802 0.003115264797507788
3148 0.003115264797507788
3235 0.003115264797507788
3303 0.003115264797507788
2036 0.003115264797507788
3762 0.003115264797507788
3879 0.003115264797507788
66 0.003105590062111801
279 0.003105590062111801
336 0.003105590062111801
1305 0.003105590062111801
1418 0.003105590062111801
1429 0.003105590062111801
1976 0.003105590062111801
3304 0.003105590062111801
2722 0.003105590062111801
2912 0.003105590062111801
3345 0.003105590062111801
2271 0.003105590062111801
2593 0.003105590062111801
3804 0.003105590062111801
50 0.0030959752321981426
927 0.0030959752321981426
963 0.0030959752321981426
1108 0.0030959752321981426
1128 0.0030959752321981426
1197 0.0030959752321981426
1800 0.0030959752321981426
447 0.0030959752321981426
575 0.0030959752321981426
2134 0.0030959752321981426
2713 0.0030959752321981426
2777 0.0030959752321981426
3048 0.0030959752321981426
3254 0.0030959752321981426
2030 0.0030959752321981426
2429 0.0030959752321981426
3882 0.0030959752321981426
261 0.0030864197530864196
1447 0.0030864197530864196
1494 0.0030864197530864196
1766 0.0030864197530864196
2169 0.0030864197530864196
2960 0.0030864197530864196
3080 0.0030864197530864196
3262 0.0030864197530864196
2166 0.0030864197530864196
325 0.003076923076923077
366 0.003076923076923077
1072 0.003076923076923077
1139 0.003076923076923077
1407 0.003076923076923077
1584 0.003076923076923077
2138 0.003076923076923077
2283 0.003076923076923077
395 0.003076923076923077
489 0.003076923076923077
503 0.003076923076923077
2767 0.003076923076923077
2958 0.003076923076923077
2986 0.003076923076923077
3191 0.003076923076923077
1914 0.003076923076923077
1950 0.003076923076923077
2216 0.003076923076923077
3828 0.003076923076923077
3899 0.003076923076923077
1099 0.003067484662576687
1314 0.003067484662576687
1347 0.003067484662576687
1670 0.003067484662576687
2127 0.003067484662576687
2699 0.003067484662576687
2231 0.003067484662576687
4021 0.003067484662576687
1124 0.0030581039755351682
1242 0.0030581039755351682
1528 0.0030581039755351682
1559 0.0030581039755351682
1647 0.0030581039755351682
1673 0.0030581039755351682
1911 0.0030581039755351682
520 0.0030581039755351682
561 0.0030581039755351682
730 0.0030581039755351682
764 0.0030581039755351682
834 0.0030581039755351682
2144 0.0030581039755351682
2702 0.0030581039755351682
2794 0.0030581039755351682
2905 0.0030581039755351682
3250 0.0030581039755351682
3344 0.0030581039755351682
1921 0.0030581039755351682
1984 0.0030581039755351682
2059 0.0030581039755351682
2142 0.0030581039755351682
3940 0.0030581039755351682
134 0.003048780487804878
199 0.003048780487804878
248 0.003048780487804878
1437 0.003048780487804878
1573 0.003048780487804878
1732 0.003048780487804878
1859 0.003048780487804878
2117 0.003048780487804878
609 0.003048780487804878
2420 0.003048780487804878
2877 0.003048780487804878
3023 0.003048780487804878
3158 0.003048780487804878
3234 0.003048780487804878
3267 0.003048780487804878
2380 0.003048780487804878
3681 0.003048780487804878
252 0.00303951367781155
294 0.00303951367781155
1164 0.00303951367781155
1180 0.00303951367781155
1463 0.00303951367781155
1576 0.00303951367781155
2128 0.00303951367781155
2153 0.00303951367781155
371 0.00303951367781155
3355 0.00303951367781155
2910 0.00303951367781155
2073 0.00303951367781155
2076 0.00303951367781155
2236 0.00303951367781155
2252 0.00303951367781155
2618 0.00303951367781155
2624 0.00303951367781155
3569 0.00303951367781155
3576 0.00303951367781155
346 0.0030303030303030303
967 0.0030303030303030303
1214 0.0030303030303030303
1536 0.0030303030303030303
1690 0.0030303030303030303
1875 0.0030303030303030303
2384 0.0030303030303030303
396 0.0030303030303030303
2944 0.0030303030303030303
2069 0.0030303030303030303
2139 0.0030303030303030303
2369 0.0030303030303030303
2396 0.0030303030303030303
3663 0.0030303030303030303
928 0.0030211480362537764
1364 0.0030211480362537764
1495 0.0030211480362537764
1668 0.0030211480362537764
1886 0.0030211480362537764
599 0.0030211480362537764
643 0.0030211480362537764
706 0.0030211480362537764
3366 0.0030211480362537764
2355 0.0030211480362537764
2914 0.0030211480362537764
3093 0.0030211480362537764
2000 0.0030211480362537764
2182 0.0030211480362537764
2253 0.0030211480362537764
2532 0.0030211480362537764
2536 0.0030211480362537764
2631 0.0030211480362537764
168 0.0030120481927710845
209 0.0030120481927710845
285 0.0030120481927710845
484 0.0030120481927710845
994 0.0030120481927710845
997 0.0030120481927710845
1316 0.0030120481927710845
1328 0.0030120481927710845
1712 0.0030120481927710845
2247 0.0030120481927710845
387 0.0030120481927710845
669 0.0030120481927710845
755 0.0030120481927710845
2496 0.0030120481927710845
2756 0.0030120481927710845
2904 0.0030120481927710845
2908 0.0030120481927710845
2994 0.0030120481927710845
3391 0.0030120481927710845
2602 0.0030120481927710845
4015 0.0030120481927710845
18 0.003003003003003003
34 0.003003003003003003
1451 0.003003003003003003
431 0.003003003003003003
586 0.003003003003003003
696 0.003003003003003003
3168 0.003003003003003003
2697 0.003003003003003003
2742 0.003003003003003003
2055 0.003003003003003003
2093 0.003003003003003003
105 0.0029940119760479044
992 0.0029940119760479044
1256 0.0029940119760479044
1398 0.0029940119760479044
1519 0.0029940119760479044
1611 0.0029940119760479044
1619 0.0029940119760479044
1762 0.0029940119760479044
2498 0.0029940119760479044
3851 0.0029940119760479044
2673 0.0029940119760479044
2735 0.0029940119760479044
3288 0.0029940119760479044
2045 0.0029940119760479044
2077 0.0029940119760479044
2257 0.0029940119760479044
2262 0.0029940119760479044
2427 0.0029940119760479044
3461 0.0029940119760479044
3921 0.0029940119760479044
3930 0.0029940119760479044
4034 0.0029940119760479044
109 0.0029850746268656717
142 0.0029850746268656717
231 0.0029850746268656717
966 0.0029850746268656717
981 0.0029850746268656717
1176 0.0029850746268656717
1227 0.0029850746268656717
1452 0.0029850746268656717
1596 0.0029850746268656717
1767 0.0029850746268656717
1793 0.0029850746268656717
1819 0.0029850746268656717
524 0.0029850746268656717
547 0.0029850746268656717
724 0.0029850746268656717
2295 0.0029850746268656717
2951 0.0029850746268656717
3102 0.0029850746268656717
3160 0.0029850746268656717
2210 0.0029850746268656717
2515 0.0029850746268656717
3729 0.0029850746268656717
3924 0.0029850746268656717
3928 0.0029850746268656717
59 0.002976190476190476
176 0.002976190476190476
214 0.002976190476190476
323 0.002976190476190476
962 0.002976190476190476
1259 0.002976190476190476
1275 0.002976190476190476
1396 0.002976190476190476
465 0.002976190476190476
828 0.002976190476190476
2811 0.002976190476190476
3214 0.002976190476190476
3356 0.002976190476190476
3379 0.002976190476190476
3397 0.002976190476190476
2322 0.002976190476190476
2359 0.002976190476190476
2499 0.002976190476190476
2577 0.002976190476190476
3545 0.002976190476190476
3656 0.002976190476190476
3765 0.002976190476190476
1132 0.002967359050445104
1172 0.002967359050445104
1183 0.002967359050445104
1556 0.002967359050445104
1734 0.002967359050445104
1752 0.002967359050445104
1939 0.002967359050445104
2279 0.002967359050445104
2827 0.002967359050445104
3315 0.002967359050445104
2061 0.002967359050445104
2240 0.002967359050445104
2580 0.002967359050445104
3438 0.002967359050445104
3469 0.002967359050445104
4006 0.002967359050445104
1359 0.0029585798816568047
1399 0.0029585798816568047
1401 0.0029585798816568047
1425 0.0029585798816568047
1476 0.0029585798816568047
1514 0.0029585798816568047
2042 0.0029585798816568047
2589 0.0029585798816568047
511 0.0029585798816568047
604 0.0029585798816568047
576 0.0029585798816568047
612 0.0029585798816568047
2882 0.0029585798816568047
3014 0.0029585798816568047
1978 0.0029585798816568047
2014 0.0029585798816568047
2105 0.0029585798816568047
3617 0.0029585798816568047
268 0.0029498525073746312
1525 0.0029498525073746312
1692 0.0029498525073746312
1803 0.0029498525073746312
1867 0.0029498525073746312
378 0.0029498525073746312
652 0.0029498525073746312
3797 0.0029498525073746312
2605 0.0029498525073746312
2232 0.0029498525073746312
2638 0.0029498525073746312
2654 0.0029498525073746312
3499 0.0029498525073746312
3596 0.0029498525073746312
308 0.0029411764705882353
1341 0.0029411764705882353
1639 0.0029411764705882353
2529 0.0029411764705882353
559 0.0029411764705882353
2712 0.0029411764705882353
2784 0.0029411764705882353
2862 0.0029411764705882353
2929 0.0029411764705882353
2937 0.0029411764705882353
3088 0.0029411764705882353
3299 0.0029411764705882353
2648 0.0029411764705882353
3622 0.0029411764705882353
3689 0.0029411764705882353
959 0.002932551319648094
1522 0.002932551319648094
1606 0.002932551319648094
1906 0.002932551319648094
496 0.002932551319648094
699 0.002932551319648094
3677 0.002932551319648094
3101 0.002932551319648094
3301 0.002932551319648094
3398 0.002932551319648094
1957 0.002932551319648094
2222 0.002932551319648094
2288 0.002932551319648094
2310 0.002932551319648094
2432 0.002932551319648094
40 0.0029239766081871343
902 0.0029239766081871343
906 0.0029239766081871343
1141 0.0029239766081871343
1312 0.0029239766081871343
1602 0.0029239766081871343
2828 0.0029239766081871343
2945 0.0029239766081871343
2974 0.0029239766081871343
3154 0.0029239766081871343
2521 0.0029239766081871343
3497 0.0029239766081871343
1166 0.0029154518950437317
1185 0.0029154518950437317
1355 0.0029154518950437317
1549 0.0029154518950437317
1864 0.0029154518950437317
1900 0.0029154518950437317
375 0.0029154518950437317
392 0.0029154518950437317
3385 0.0029154518950437317
2810 0.0029154518950437317
2887 0.0029154518950437317
3274 0.0029154518950437317
2568 0.0029154518950437317
3971 0.0029154518950437317
916 0.0029069767441860465
917 0.0029069767441860465
1471 0.0029069767441860465
1508 0.0029069767441860465
1620 0.0029069767441860465
1635 0.0029069767441860465
1728 0.0029069767441860465
452 0.0029069767441860465
2989 0.0029069767441860465
2995 0.0029069767441860465
3305 0.0029069767441860465
3419 0.0029069767441860465
2080 0.0029069767441860465
3658 0.0029069767441860465
1063 0.002898550724637681
1082 0.002898550724637681
1375 0.002898550724637681
2636 0.002898550724637681
697 0.002898550724637681
737 0.002898550724637681
2790 0.002898550724637681
3116 0.002898550724637681
3317 0.002898550724637681
3370 0.002898550724637681
2110 0.002898550724637681
2584 0.002898550724637681
3870 0.002898550724637681
60 0.002890173410404624
1014 0.002890173410404624
1170 0.002890173410404624
1212 0.002890173410404624
1217 0.002890173410404624
1769 0.002890173410404624
2508 0.002890173410404624
492 0.002890173410404624
674 0.002890173410404624
743 0.002890173410404624
814 0.002890173410404624
3741 0.002890173410404624
2737 0.002890173410404624
3203 0.002890173410404624
3223 0.002890173410404624
3371 0.002890173410404624
3381 0.002890173410404624
2407 0.002890173410404624
1279 0.002881844380403458
1406 0.002881844380403458
1449 0.002881844380403458
1450 0.002881844380403458
1598 0.002881844380403458
1792 0.002881844380403458
2225 0.002881844380403458
2616 0.002881844380403458
2705 0.002881844380403458
2746 0.002881844380403458
2845 0.002881844380403458
2916 0.002881844380403458
3094 0.002881844380403458
3221 0.002881844380403458
3795 0.002881844380403458
11 0.0028735632183908046
1207 0.0028735632183908046
1268 0.0028735632183908046
426 0.0028735632183908046
862 0.0028735632183908046
2246 0.0028735632183908046
2781 0.0028735632183908046
2852 0.0028735632183908046
2917 0.0028735632183908046
2940 0.0028735632183908046
3040 0.0028735632183908046
3046 0.0028735632183908046
2374 0.0028735632183908046
2473 0.0028735632183908046
3449 0.0028735632183908046
3649 0.0028735632183908046
3970 0.0028735632183908046
943 0.0028653295128939827
1190 0.0028653295128939827
1263 0.0028653295128939827
2643 0.0028653295128939827
418 0.0028653295128939827
750 0.0028653295128939827
2839 0.0028653295128939827
2967 0.0028653295128939827
3018 0.0028653295128939827
2484 0.0028653295128939827
2493 0.0028653295128939827
30 0.002857142857142857
1116 0.002857142857142857
1327 0.002857142857142857
1345 0.002857142857142857
1689 0.002857142857142857
3164 0.002857142857142857
2892 0.002857142857142857
3135 0.002857142857142857
3337 0.002857142857142857
2175 0.002857142857142857
136 0.002849002849002849
930 0.002849002849002849
1541 0.002849002849002849
1824 0.002849002849002849
2543 0.002849002849002849
2873 0.002849002849002849
3196 0.002849002849002849
3321 0.002849002849002849
2140 0.002849002849002849
2200 0.002849002849002849
2393 0.002849002849002849
3767 0.002849002849002849
208 0.002840909090909091
1036 0.002840909090909091
1231 0.002840909090909091
1376 0.002840909090909091
2583 0.002840909090909091
391 0.002840909090909091
823 0.002840909090909091
2816 0.002840909090909091
3192 0.002840909090909091
2025 0.002840909090909091
2085 0.002840909090909091
2103 0.002840909090909091
2141 0.002840909090909091
2205 0.002840909090909091
2564 0.002840909090909091
2641 0.002840909090909091
318 0.0028328611898017
1286 0.0028328611898017
1535 0.0028328611898017
1757 0.0028328611898017
1868 0.0028328611898017
2754 0.0028328611898017
3343 0.0028328611898017
3346 0.0028328611898017
1988 0.0028328611898017
2159 0.0028328611898017
2329 0.0028328611898017
2482 0.0028328611898017
2627 0.0028328611898017
3958 0.0028328611898017
1117 0.002824858757062147
1893 0.002824858757062147
2399 0.002824858757062147
2823 0.002824858757062147
3068 0.002824858757062147
3247 0.002824858757062147
2576 0.002824858757062147
3457 0.002824858757062147
3926 0.002824858757062147
103 0.0028169014084507044
1300 0.0028169014084507044
1842 0.0028169014084507044
1856 0.0028169014084507044
2864 0.0028169014084507044
1942 0.0028169014084507044
2008 0.0028169014084507044
2122 0.0028169014084507044
2442 0.0028169014084507044
2603 0.0028169014084507044
1009 0.0028089887640449437
1135 0.0028089887640449437
1464 0.0028089887640449437
1892 0.0028089887640449437
657 0.0028089887640449437
3257 0.0028089887640449437
3367 0.0028089887640449437
1529 0.0028011204481792717
1897 0.0028011204481792717
2157 0.0028011204481792717
2642 0.0028011204481792717
2689 0.0028011204481792717
1056 0.002793296089385475
1142 0.002793296089385475
1558 0.002793296089385475
1676 0.002793296089385475
421 0.002793296089385475
2101 0.002793296089385475
2300 0.002793296089385475
3884 0.002793296089385475
164 0.002785515320334262
298 0.002785515320334262
1424 0.002785515320334262
535 0.002785515320334262
838 0.002785515320334262
3258 0.002785515320334262
2151 0.002785515320334262
2867 0.002785515320334262
3095 0.002785515320334262
3253 0.002785515320334262
3411 0.002785515320334262
1175 0.002777777777777778
1802 0.002777777777777778
2009 0.002777777777777778
2194 0.002777777777777778
2328 0.002777777777777778
2035 0.002777777777777778
3763 0.002777777777777778
953 0.002770083102493075
1727 0.002770083102493075
1818 0.002770083102493075
3078 0.002770083102493075
3737 0.002770083102493075
914 0.0027624309392265192
1140 0.0027624309392265192
1472 0.0027624309392265192
1512 0.0027624309392265192
1746 0.0027624309392265192
1902 0.0027624309392265192
2418 0.0027624309392265192
3873 0.0027624309392265192
3968 0.0027624309392265192
1823 0.0027548209366391185
2502 0.0027548209366391185
602 0.0027548209366391185
2125 0.0027548209366391185
1994 0.0027548209366391185
3026 0.0027548209366391185
3073 0.0027548209366391185
1924 0.0027548209366391185
272 0.0027472527472527475
989 0.0027472527472527475
1051 0.0027472527472527475
2857 0.0027472527472527475
3360 0.0027472527472527475
2259 0.0027472527472527475
1320 0.0027397260273972603
1351 0.0027397260273972603
1817 0.0027397260273972603
2007 0.0027397260273972603
2081 0.0027397260273972603
2720 0.0027397260273972603
2723 0.0027397260273972603
1986 0.0027397260273972603
1388 0.00273224043715847
527 0.00273224043715847
738 0.00273224043715847
3406 0.00273224043715847
1920 0.00273224043715847
2750 0.00273224043715847
2804 0.00273224043715847
1290 0.0027247956403269754
1768 0.0027247956403269754
684 0.0027247956403269754
2347 0.0027247956403269754
2582 0.0027247956403269754
2874 0.0027247956403269754
2088 0.0027247956403269754
153 0.002717391304347826
3399 0.002717391304347826
2609 0.0027100271002710027
2846 0.0027100271002710027
223 0.002702702702702703
1092 0.002702702702702703
623 0.002702702702702703
2526 0.002702702702702703
1578 0.0026954177897574125
2184 0.0026954177897574125
1173 0.002688172043010753
1846 0.002688172043010753
482 0.002688172043010753
2844 0.002688172043010753
2038 0.002680965147453083
851 0.002680965147453083
2301 0.002680965147453083
1526 0.00267379679144385
1686 0.00267379679144385
2683 0.00267379679144385
1339 0.0026666666666666666
3239 0.0026666666666666666
380 0.0026595744680851063
2146 0.0026595744680851063
1024 0.002652519893899204
1561 0.002652519893899204
676 0.002652519893899204
1152 0.0026455026455026454
1049 0.002638522427440633
1404 0.002638522427440633
1677 0.002638522427440633
3670 0.002631578947368421
1928 0.002617801047120419
2865 0.0026041666666666665
1764 0.0025974025974025974
1284 0.002570694087403599
420 0.002551020408163265
692 0.002544529262086514
1276 0.0025252525252525255
2540 0.0025252525252525255
9 0
12 0
15 0
37 0
43 0
74 0
79 0
85 0
87 0
114 0
125 0
185 0
210 0
215 0
232 0
276 0
287 0
292 0
331 0
341 0
342 0
363 0
517 0
629 0
651 0
897 0
911 0
918 0
922 0
926 0
934 0
935 0
940 0
942 0
947 0
952 0
954 0
960 0
968 0
972 0
975 0
978 0
980 0
983 0
988 0
993 0
999 0
1003 0
1004 0
1006 0
1007 0
1008 0
1012 0
1015 0
1017 0
1019 0
1020 0
1021 0
1025 0
1026 0
1029 0
1032 0
1039 0
1044 0
1048 0
1054 0
1059 0
1060 0
1067 0
1068 0
1074 0
1076 0
1079 0
1081 0
1083 0
1084 0
1096 0
1100 0
1101 0
1119 0
1120 0
1123 0
1125 0
1130 0
1143 0
1145 0
1146 0
1149 0
1150 0
1153 0
1156 0
1158 0
1160 0
1163 0
1182 0
1195 0
1198 0
1199 0
1201 0
1205 0
1206 0
1209 0
1211 0
1219 0
1220 0
1222 0
1226 0
1230 0
1233 0
1238 0
1239 0
1243 0
1250 0
1255 0
1257 0
1261 0
1262 0
1269 0
1272 0
1274 0
1278 0
1287 0
1288 0
1289 0
1292 0
1293 0
1302 0
1323 0
1324 0
1329 0
1331 0
1335 0
1336 0
1344 0
1352 0
1362 0
1365 0
1367 0
1369 0
1370 0
1377 0
1380 0
1386 0
1389 0
1390 0
1391 0
1392 0
1393 0
1395 0
1397 0
1402 0
1411 0
1414 0
1416 0
1417 0
1420 0
1423 0
1427 0
1436 0
1446 0
1448 0
1454 0
1455 0
1456 0
1457 0
1460 0
1462 0
1465 0
1466 0
1467 0
1475 0
1479 0
1480 0
1484 0
1489 0
1491 0
1502 0
1503 0
1509 0
1513 0
1516 0
1523 0
1524 0
1530 0
1532 0
1533 0
1539 0
1542 0
1543 0
1551 0
1557 0
1560 0
1563 0
1570 0
1571 0
1572 0
1575 0
1581 0
1590 0
1592 0
1593 0
1597 0
1600 0
1603 0
1608 0
1609 0
1610 0
1613 0
1622 0
1623 0
1625 0
1628 0
1632 0
1637 0
1643 0
1644 0
1648 0
1651 0
1652 0
1653 0
1663 0
1665 0
1675 0
1679 0
1680 0
1685 0
1688 0
1700 0
1706 0
1707 0
1714 0
1715 0
1717 0
1720 0
1721 0
1724 0
1730 0
1737 0
1740 0
1742 0
1745 0
1747 0
1748 0
1750 0
1751 0
1753 0
1754 0
1755 0
1761 0
1770 0
1771 0
1772 0
1773 0
1775 0
1778 0
1781 0
1782 0
1783 0
1789 0
1791 0
1795 0
1799 0
1804 0
1805 0
1811 0
1813 0
1816 0
1821 0
1827 0
1828 0
1833 0
1834 0
1835 0
1836 0
1848 0
1849 0
1855 0
1861 0
1869 0
1871 0
1873 0
1874 0
1876 0
1877 0
1878 0
1879 0
1883 0
1885 0
1887 0
1891 0
1903 0
1907 0
1945 0
1972 0
1991 0
1998 0
2039 0
2054 0
2071 0
2133 0
2135 0
2143 0
2180 0
2187 0
2223 0
2224 0
2250 0
2254 0
2264 0
2267 0
2268 0
2289 0
2319 0
2327 0
2336 0
2337 0
2398 0
2436 0
2445 0
2451 0
2459 0
2461 0
2471 0
2472 0
2475 0
2491 0
2510 0
2547 0
2571 0
2598 0
2617 0
2629 0
352 0
358 0
365 0
367 0
370 0
381 0
385 0
400 0
403 0
408 0
412 0
430 0
438 0
440 0
442 0
471 0
479 0
487 0
488 0
493 0
500 0
502 0
506 0
509 0
513 0
514 0
523 0
537 0
550 0
553 0
565 0
656 0
587 0
610 0
585 0
607 0
608 0
613 0
638 0
668 0
675 0
1967 0
690 0
702 0
715 0
751 0
797 0
801 0
807 0
810 0
815 0
875 0
880 0
883 0
891 0
892 0
3550 0
3361 0
3674 0
2752 0
3001 0
3100 0
3331 0
3420 0
2976 0
3179 0
1941 0
1959 0
2065 0
2087 0
2132 0
2191 0
2196 0
2239 0
2285 0
2293 0
2315 0
2332 0
2333 0
2351 0
2368 0
2501 0
2509 0
2512 0
2516 0
2530 0
2555 0
2567 0
2608 0
1916 0
1940 0
1947 0
1954 0
2026 0
2052 0
2137 0
2163 0
2176 0
2215 0
2273 0
2343 0
2377 0
2394 0
2419 0
2468 0
2519 0
2544 0
2588 0
2661 0
2666 0
2675 0
2676 0
2679 0
2680 0
2684 0
2695 0
2700 0
2701 0
2708 0
2716 0
2718 0
2719 0
2733 0
2738 0
2741 0
2748 0
2757 0
2759 0
2761 0
2762 0
2779 0
2782 0
2796 0
2798 0
2829 0
2830 0
2831 0
2835 0
2842 0
2849 0
2853 0
2855 0
2859 0
2866 0
2878 0
2888 0
2891 0
2894 0
2896 0
2897 0
2907 0
2911 0
2913 0
2918 0
2919 0
2924 0
2925 0
2928 0
2931 0
2932 0
2946 0
2947 0
2948 0
2950 0
2954 0
2955 0
2977 0
2985 0
2988 0
2991 0
2998 0
3006 0
3022 0
3031 0
3035 0
3041 0
3042 0
3047 0
3056 0
3058 0
3071 0
3090 0
3092 0
3096 0
3098 0
3112 0
3113 0
3117 0
3118 0
3119 0
3125 0
3133 0
3134 0
3142 0
3146 0
3149 0
3163 0
3170 0
3172 0
3174 0
3176 0
3177 0
3183 0
3184 0
3188 0
3194 0
3198 0
3202 0
3206 0
3213 0
3215 0
3220 0
3224 0
3226 0
3230 0
3231 0
3232 0
3238 0
3240 0
3242 0
3252 0
3261 0
3272 0
3276 0
3282 0
3287 0
3291 0
3292 0
3293 0
3320 0
3324 0
3329 0
3330 0
3332 0
3347 0
3348 0
3351 0
3377 0
3378 0
3380 0
3387 0
3396 0
3403 0
3417 0
3418 0
3421 0
3430 0
3432 0
3434 0
3435 0
2155 0
2185 0
2325 0
2330 0
1915 0
1917 0
1918 0
1919 0
1923 0
1929 0
1931 0
1938 0
1943 0
1946 0
1962 0
1963 0
1966 0
1969 0
1971 0
1979 0
1985 0
1987 0
1993 0
2005 0
2011 0
2020 0
2021 0
2043 0
2046 0
2048 0
2056 0
2057 0
2058 0
2063 0
2064 0
2078 0
2079 0
2082 0
2084 0
2086 0
2090 0
2095 0
2098 0
2108 0
2109 0
2118 0
2119 0
2121 0
2123 0
2124 0
2131 0
2147 0
2154 0
2156 0
2161 0
2164 0
2165 0
2172 0
2177 0
2186 0
2188 0
2190 0
2195 0
2201 0
2202 0
2208 0
2209 0
2212 0
2213 0
2218 0
2219 0
2220 0
2227 0
2229 0
2233 0
2237 0
2242 0
2243 0
2244 0
2249 0
2258 0
2261 0
2272 0
2275 0
2278 0
2287 0
2290 0
2291 0
2296 0
2299 0
2306 0
2307 0
2309 0
2323 0
2331 0
2334 0
2340 0
2353 0
2354 0
2356 0
2363 0
2365 0
2376 0
2381 0
2383 0
2387 0
2391 0
2392 0
2395 0
2404 0
2408 0
2409 0
2410 0
2414 0
2415 0
2423 0
2425 0
2428 0
2443 0
2446 0
2454 0
2457 0
2460 0
2462 0
2464 0
2467 0
2469 0
2470 0
2476 0
2477 0
2478 0
2479 0
2485 0
2489 0
2492 0
2495 0
2497 0
2500 0
2504 0
2506 0
2507 0
2522 0
2524 0
2531 0
2539 0
2546 0
2549 0
2550 0
2551 0
2553 0
2554 0
2556 0
2559 0
2560 0
2561 0
2563 0
2569 0
2572 0
2573 0
2578 0
2579 0
2591 0
2596 0
2599 0
2600 0
2601 0
2611 0
2613 0
2615 0
2619 0
2623 0
2625 0
2626 0
2630 0
2652 0
2655 0
2658 0
3451 0
3453 0
3467 0
3471 0
3485 0
3488 0
3492 0
3518 0
3520 0
3570 0
3574 0
3597 0
3598 0
3605 0
3613 0
3620 0
3625 0
3650 0
3667 0
3678 0
3686 0
3704 0
3709 0
3712 0
3713 0
3731 0
3748 0
3798 0
3805 0
3820 0
3835 0
3841 0
3842 0
3853 0
3854 0
3856 0
3858 0
3860 0
3889 0
3897 0
3935 0
3941 0
3969 0
3974 0
4008 0
4010 0
4024 0
