192 0.07216494845360824
49 0.05847953216374269
282 0.05759162303664921
182 0.05405405405405406
3037 0.05232558139534884
179 0.05142857142857143
244 0.05
1586 0.04678362573099415
166 0.0446927374301676
871 0.0446927374301676
2691 0.044444444444444446
256 0.0440251572327044
3268 0.04285714285714286
23 0.041916167664670656
1224 0.04093567251461988
3980 0.040229885057471264
864 0.03954802259887006
3990 0.039473684210526314
3407 0.0392156862745098
771 0.03825136612021858
855 0.03825136612021858
4025 0.03825136612021858
81 0.03723404255319149
143 0.03684210526315789
2421 0.03614457831325301
2817 0.03592814371257485
4 0.03571428571428571
552 0.03571428571428571
874 0.03553299492385787
885 0.03553299492385787
686 0.03508771929824561
2321 0.03508771929824561
3723 0.034722222222222224
1071 0.03468208092485549
3074 0.034653465346534656
1194 0.034482758620689655
42 0.03409090909090909
2732 0.03409090909090909
2792 0.034013605442176874
383 0.03389830508474576
3271 0.03389830508474576
4012 0.03389830508474576
3733 0.033707865168539325
174 0.0335195530726257
255 0.03289473684210526
581 0.03289473684210526
717 0.032679738562091505
1002 0.03225806451612903
3921 0.03208556149732621
275 0.030927835051546393
818 0.030864197530864196
467 0.030456852791878174
1254 0.030303030303030304
1657 0.030120481927710843
289 0.03
3487 0.029940119760479042
8 0.02976190476190476
3401 0.029585798816568046
3746 0.029411764705882353
198 0.029239766081871343
1133 0.029239766081871343
1890 0.029239766081871343
3437 0.02912621359223301
4029 0.029069767441860465
904 0.028901734104046242
3998 0.028901734104046242
4002 0.028901734104046242
819 0.028735632183908046
4016 0.028735632183908046
4001 0.02843601895734597
564 0.028409090909090908
286 0.02824858757062147
1208 0.02824858757062147
2106 0.02824858757062147
77 0.028169014084507043
219 0.028089887640449437
642 0.027777777777777776
584 0.027624309392265192
2456 0.027624309392265192
41 0.027472527472527472
1157 0.027472527472527472
3055 0.02717391304347826
205 0.02702702702702703
3846 0.02702702702702703
97 0.026881720430107527
3565 0.026737967914438502
3626 0.026455026455026454
3128 0.02631578947368421
3949 0.02631578947368421
263 0.02617801047120419
1896 0.026143790849673203
3745 0.026143790849673203
2824 0.025906735751295335
468 0.025477707006369428
4011 0.02531645569620253
3999 0.02531645569620253
2693 0.025157232704402517
572 0.02512562814070352
2841 0.025
319 0.024844720496894408
411 0.024844720496894408
228 0.024691358024691357
757 0.024539877300613498
90 0.024390243902439025
3742 0.024390243902439025
532 0.024096385542168676
2723 0.024096385542168676
3911 0.024096385542168676
4017 0.024096385542168676
157 0.023952095808383235
259 0.023952095808383235
2962 0.023952095808383235
2265 0.023952095808383235
1442 0.023809523809523808
2535 0.023809523809523808
3717 0.023809523809523808
91 0.023668639053254437
348 0.023668639053254437
498 0.023668639053254437
827 0.023668639053254437
3516 0.023668639053254437
3887 0.023668639053254437
273 0.023529411764705882
312 0.023529411764705882
1627 0.023529411764705882
489 0.023529411764705882
740 0.023529411764705882
2483 0.023529411764705882
3727 0.023529411764705882
241 0.023391812865497075
3538 0.023391812865497075
3892 0.023391812865497075
115 0.023255813953488372
732 0.023255813953488372
832 0.023255813953488372
3749 0.023255813953488372
3875 0.023255813953488372
386 0.023121387283236993
691 0.023121387283236993
3338 0.023121387283236993
89 0.022988505747126436
3147 0.022988505747126436
3997 0.022935779816513763
3507 0.022857142857142857
893 0.022727272727272728
631 0.022598870056497175
881 0.022598870056497175
2094 0.022598870056497175
3885 0.022598870056497175
181 0.02247191011235955
2776 0.02247191011235955
3131 0.02247191011235955
19 0.0223463687150838
910 0.0223463687150838
3066 0.0223463687150838
3925 0.0223463687150838
2431 0.022222222222222223
472 0.022099447513812154
3127 0.022099447513812154
3558 0.022099447513812154
4036 0.022099447513812154
253 0.02197802197802198
3651 0.02197802197802198
2650 0.02197802197802198
3720 0.02197802197802198
28 0.02185792349726776
301 0.02185792349726776
94 0.021739130434782608
1131 0.021739130434782608
2565 0.021621621621621623
3511 0.021621621621621623
3908 0.021621621621621623
1087 0.021505376344086023
3898 0.021505376344086023
1089 0.02127659574468085
230 0.021164021164021163
351 0.021052631578947368
3799 0.021052631578947368
4033 0.021052631578947368
145 0.02072538860103627
3372 0.02072538860103627
3638 0.020689655172413793
4030 0.02040816326530612
381 0.02030456852791878
554 0.02030456852791878
888 0.02027027027027027
3787 0.020100502512562814
307 0.02
344 0.02
2774 0.02
2934 0.02
2487 0.01990049751243781
895 0.019867549668874173
852 0.0196078431372549
3789 0.0196078431372549
1046 0.01935483870967742
2041 0.01935483870967742
3290 0.019230769230769232
4009 0.019230769230769232
1451 0.01910828025477707
516 0.01910828025477707
505 0.01904761904761905
3296 0.0189873417721519
71 0.018867924528301886
2281 0.018867924528301886
1387 0.01875
3987 0.01875
1308 0.018633540372670808
3617 0.018633540372670808
3827 0.018604651162790697
464 0.018518518518518517
868 0.018518518518518517
3890 0.018518518518518517
4020 0.018518518518518517
842 0.018404907975460124
873 0.018404907975460124
2734 0.018404907975460124
2851 0.018404907975460124
1996 0.018404907975460124
2621 0.018404907975460124
3985 0.018404907975460124
3861 0.018292682926829267
3495 0.018292682926829267
2505 0.018292682926829267
3173 0.01818181818181818
1731 0.01818181818181818
742 0.01818181818181818
2968 0.01818181818181818
3816 0.01818181818181818
689 0.01809954751131222
1328 0.018072289156626505
551 0.018072289156626505
3592 0.018072289156626505
2480 0.018072289156626505
3847 0.018072289156626505
1382 0.017964071856287425
1797 0.017964071856287425
867 0.017964071856287425
3318 0.017964071856287425
1956 0.017964071856287425
2168 0.017964071856287425
3991 0.017964071856287425
965 0.017857142857142856
3 0.01775147928994083
623 0.01775147928994083
510 0.01764705882352941
3752 0.01764705882352941
1461 0.017543859649122806
3419 0.017543859649122806
3610 0.017543859649122806
53 0.01744186046511628
86 0.01744186046511628
154 0.01744186046511628
1202 0.01744186046511628
2547 0.01744186046511628
753 0.01744186046511628
3295 0.01744186046511628
3708 0.01744186046511628
309 0.017341040462427744
453 0.017341040462427744
647 0.017341040462427744
2444 0.017341040462427744
3536 0.017341040462427744
150 0.017241379310344827
1616 0.017241379310344827
615 0.017241379310344827
3231 0.017241379310344827
2341 0.017241379310344827
3994 0.017241379310344827
939 0.017142857142857144
1776 0.017142857142857144
698 0.017142857142857144
2707 0.017142857142857144
3045 0.017142857142857144
2207 0.017142857142857144
3458 0.017142857142857144
3604 0.017142857142857144
3679 0.017142857142857144
3899 0.017142857142857144
1105 0.017045454545454544
372 0.017045454545454544
2335 0.017045454545454544
2541 0.017045454545454544
3829 0.017045454545454544
193 0.01694915254237288
357 0.01694915254237288
3872 0.01694915254237288
2211 0.01694915254237288
3933 0.01694915254237288
197 0.016853932584269662
317 0.016853932584269662
1760 0.016853932584269662
590 0.016853932584269662
2338 0.016853932584269662
2702 0.016853932584269662
3594 0.016853932584269662
3613 0.016853932584269662
4027 0.016853932584269662
247 0.01675977653631285
2949 0.01675977653631285
3105 0.01675977653631285
3616 0.01675977653631285
3957 0.01675977653631285
162 0.016666666666666666
1337 0.016666666666666666
657 0.016666666666666666
2527 0.016666666666666666
2595 0.016666666666666666
3655 0.016666666666666666
4037 0.016666666666666666
164 0.016574585635359115
1264 0.016574585635359115
269 0.016483516483516484
306 0.016483516483516484
2838 0.016483516483516484
1677 0.016483516483516484
356 0.016483516483516484
1961 0.016483516483516484
3523 0.016483516483516484
33 0.01639344262295082
894 0.01639344262295082
3019 0.01639344262295082
3612 0.01639344262295082
3766 0.01639344262295082
109 0.016304347826086956
195 0.016304347826086956
1739 0.016304347826086956
1998 0.016304347826086956
725 0.016304347826086956
3251 0.016304347826086956
3354 0.016304347826086956
2076 0.016304347826086956
3731 0.016304347826086956
817 0.016260162601626018
257 0.016216216216216217
889 0.016216216216216217
3141 0.016216216216216217
220 0.016129032258064516
296 0.016129032258064516
1701 0.016129032258064516
643 0.016129032258064516
2882 0.016129032258064516
2437 0.016129032258064516
3481 0.016129032258064516
3849 0.016129032258064516
338 0.016042780748663103
341 0.016042780748663103
858 0.016042780748663103
3211 0.016042780748663103
3678 0.016042780748663103
0 0.015957446808510637
1 0.015957446808510637
1057 0.015957446808510637
663 0.015957446808510637
3989 0.015957446808510637
813 0.015957446808510637
3286 0.015957446808510637
2439 0.015957446808510637
3477 0.015957446808510637
3518 0.015957446808510637
3562 0.015957446808510637
3862 0.015957446808510637
310 0.015873015873015872
1368 0.015873015873015872
887 0.015873015873015872
2170 0.015873015873015872
2412 0.015873015873015872
128 0.015789473684210527
620 0.015789473684210527
3473 0.015789473684210527
3700 0.015789473684210527
3807 0.015789473684210527
9 0.015706806282722512
654 0.015706806282722512
2861 0.015706806282722512
3835 0.015706806282722512
2053 0.015625
3775 0.015625
1540 0.015544041450777202
1630 0.015544041450777202
1798 0.015544041450777202
1883 0.015544041450777202
716 0.015544041450777202
884 0.015544041450777202
2809 0.015544041450777202
3920 0.015544041450777202
64 0.015463917525773196
985 0.015463917525773196
1914 0.015463917525773196
3470 0.015463917525773196
3643 0.015463917525773196
4023 0.015463917525773196
277 0.015384615384615385
3237 0.015384615384615385
2036 0.015384615384615385
621 0.015306122448979591
3191 0.015306122448979591
3307 0.015306122448979591
968 0.015228426395939087
1295 0.015228426395939087
1575 0.015228426395939087
3336 0.015228426395939087
2360 0.015228426395939087
1144 0.015151515151515152
441 0.01507537688442211
3531 0.015
789 0.014925373134328358
1494 0.01485148514851485
846 0.01485148514851485
879 0.01485148514851485
1056 0.014705882352941176
841 0.014634146341463415
3083 0.014563106796116505
706 0.014492753623188406
2825 0.014150943396226415
3300 0.013953488372093023
3003 0.013888888888888888
826 0.013888888888888888
729 0.013793103448275862
3086 0.013793103448275862
3160 0.013793103448275862
36 0.0136986301369863
833 0.0136986301369863
3773 0.0136986301369863
3863 0.013605442176870748
1515 0.013422818791946308
2976 0.013422818791946308
308 0.013333333333333334
3560 0.013333333333333334
3628 0.013333333333333334
404 0.013245033112582781
680 0.013245033112582781
2952 0.013245033112582781
3099 0.013245033112582781
1987 0.013245033112582781
3919 0.013245033112582781
237 0.013157894736842105
962 0.013157894736842105
1674 0.013157894736842105
4000 0.013157894736842105
212 0.013071895424836602
1146 0.012987012987012988
576 0.012987012987012988
3405 0.012987012987012988
3442 0.012987012987012988
1534 0.012903225806451613
377 0.012903225806451613
518 0.012903225806451613
785 0.012903225806451613
796 0.012903225806451613
3325 0.012903225806451613
3423 0.012903225806451613
3964 0.012903225806451613
171 0.01282051282051282
2645 0.01282051282051282
3652 0.01282051282051282
2812 0.012738853503184714
3810 0.012738853503184714
3954 0.012738853503184714
1321 0.012658227848101266
890 0.012658227848101266
2886 0.012658227848101266
3931 0.012658227848101266
32 0.012578616352201259
201 0.012578616352201259
1200 0.012578616352201259
1275 0.012578616352201259
1394 0.012578616352201259
1838 0.012578616352201259
427 0.012578616352201259
384 0.012578616352201259
3283 0.012578616352201259
206 0.0125
1086 0.0125
1193 0.0125
719 0.0125
2897 0.0125
2008 0.0125
2231 0.0125
2424 0.0125
2474 0.0125
1197 0.012422360248447204
760 0.012422360248447204
3310 0.012422360248447204
3725 0.012422360248447204
3777 0.012422360248447204
78 0.012345679012345678
216 0.012345679012345678
1244 0.012345679012345678
659 0.012345679012345678
886 0.012345679012345678
3744 0.012345679012345678
3869 0.012345679012345678
3982 0.012345679012345678
1022 0.012269938650306749
1240 0.012269938650306749
1408 0.012269938650306749
1852 0.012269938650306749
501 0.012269938650306749
708 0.012269938650306749
755 0.012269938650306749
3057 0.012269938650306749
3893 0.012269938650306749
57 0.012195121951219513
116 0.012195121951219513
149 0.012195121951219513
974 0.012195121951219513
2699 0.012195121951219513
2113 0.012195121951219513
2397 0.012195121951219513
3496 0.012195121951219513
3548 0.012195121951219513
124 0.012121212121212121
326 0.012121212121212121
2001 0.012121212121212121
2181 0.012121212121212121
3490 0.012121212121212121
3806 0.012121212121212121
142 0.012048192771084338
236 0.012048192771084338
1235 0.012048192771084338
1661 0.012048192771084338
1705 0.012048192771084338
1730 0.012048192771084338
773 0.012048192771084338
839 0.012048192771084338
3305 0.012048192771084338
1975 0.012048192771084338
2146 0.012048192771084338
2558 0.012048192771084338
3585 0.012048192771084338
3599 0.012048192771084338
233 0.011976047904191617
293 0.011976047904191617
792 0.011976047904191617
2984 0.011976047904191617
3063 0.011976047904191617
3124 0.011976047904191617
2015 0.011976047904191617
2034 0.011976047904191617
3524 0.011976047904191617
3637 0.011976047904191617
3694 0.011976047904191617
3864 0.011976047904191617
1116 0.011904761904761904
688 0.011904761904761904
869 0.011904761904761904
2721 0.011904761904761904
3216 0.011904761904761904
1919 0.011904761904761904
3588 0.011904761904761904
3758 0.011904761904761904
46 0.011834319526627219
51 0.011834319526627219
328 0.011834319526627219
414 0.011834319526627219
1671 0.011834319526627219
387 0.011834319526627219
535 0.011834319526627219
690 0.011834319526627219
799 0.011834319526627219
2905 0.011834319526627219
2910 0.011834319526627219
3236 0.011834319526627219
2000 0.011834319526627219
3813 0.011834319526627219
3880 0.011834319526627219
133 0.011764705882352941
1585 0.011764705882352941
1678 0.011764705882352941
437 0.011764705882352941
2935 0.011764705882352941
3091 0.011764705882352941
3218 0.011764705882352941
2256 0.011764705882352941
3444 0.011764705882352941
4004 0.011764705882352941
1218 0.011695906432748537
1366 0.011695906432748537
469 0.011695906432748537
675 0.011695906432748537
828 0.011695906432748537
4014 0.011695906432748537
47 0.011627906976744186
161 0.011627906976744186
170 0.011627906976744186
313 0.011627906976744186
1169 0.011627906976744186
1290 0.011627906976744186
1326 0.011627906976744186
1592 0.011627906976744186
697 0.011627906976744186
3561 0.011627906976744186
3276 0.011627906976744186
3439 0.011627906976744186
3539 0.011627906976744186
3583 0.011627906976744186
3693 0.011627906976744186
3917 0.011627906976744186
3929 0.011627906976744186
3953 0.011627906976744186
102 0.011560693641618497
334 0.011560693641618497
1836 0.011560693641618497
401 0.011560693641618497
589 0.011560693641618497
738 0.011560693641618497
739 0.011560693641618497
2937 0.011560693641618497
3288 0.011560693641618497
3368 0.011560693641618497
2017 0.011560693641618497
110 0.011494252873563218
112 0.011494252873563218
135 0.011494252873563218
1136 0.011494252873563218
1217 0.011494252873563218
1567 0.011494252873563218
1599 0.011494252873563218
1667 0.011494252873563218
2511 0.011494252873563218
528 0.011494252873563218
768 0.011494252873563218
2772 0.011494252873563218
3311 0.011494252873563218
2276 0.011494252873563218
3480 0.011494252873563218
3603 0.011494252873563218
3670 0.011494252873563218
3691 0.011494252873563218
148 0.011428571428571429
194 0.011428571428571429
304 0.011428571428571429
907 0.011428571428571429
1633 0.011428571428571429
1911 0.011428571428571429
542 0.011428571428571429
749 0.011428571428571429
2501 0.011428571428571429
3510 0.011428571428571429
3545 0.011428571428571429
3680 0.011428571428571429
3866 0.011428571428571429
332 0.011363636363636364
964 0.011363636363636364
1008 0.011363636363636364
1499 0.011363636363636364
1711 0.011363636363636364
2337 0.011363636363636364
443 0.011363636363636364
3577 0.011363636363636364
2975 0.011363636363636364
2178 0.011363636363636364
2626 0.011363636363636364
3474 0.011363636363636364
1593 0.011299435028248588
352 0.011299435028248588
568 0.011299435028248588
579 0.011299435028248588
790 0.011299435028248588
3263 0.011299435028248588
3389 0.011299435028248588
3664 0.011299435028248588
3672 0.011299435028248588
3724 0.011299435028248588
3988 0.011299435028248588
144 0.011235955056179775
173 0.011235955056179775
218 0.011235955056179775
278 0.011235955056179775
333 0.011235955056179775
963 0.011235955056179775
1029 0.011235955056179775
549 0.011235955056179775
3278 0.011235955056179775
2696 0.011235955056179775
2228 0.011235955056179775
2316 0.011235955056179775
3580 0.011235955056179775
3698 0.011235955056179775
96 0.0111731843575419
100 0.0111731843575419
155 0.0111731843575419
243 0.0111731843575419
1016 0.0111731843575419
478 0.0111731843575419
798 0.0111731843575419
808 0.0111731843575419
2771 0.0111731843575419
2902 0.0111731843575419
2455 0.0111731843575419
3498 0.0111731843575419
3587 0.0111731843575419
65 0.011111111111111112
76 0.011111111111111112
931 0.011111111111111112
1034 0.011111111111111112
1410 0.011111111111111112
1518 0.011111111111111112
1866 0.011111111111111112
2834 0.011111111111111112
3028 0.011111111111111112
1999 0.011111111111111112
2644 0.011111111111111112
3848 0.011111111111111112
3855 0.011111111111111112
3907 0.011111111111111112
971 0.011049723756906077
1392 0.011049723756906077
1654 0.011049723756906077
1727 0.011049723756906077
1860 0.011049723756906077
2760 0.011049723756906077
2690 0.011049723756906077
2785 0.011049723756906077
2789 0.011049723756906077
3087 0.011049723756906077
3374 0.011049723756906077
2126 0.011049723756906077
3514 0.011049723756906077
17 0.01098901098901099
956 0.01098901098901099
1649 0.01098901098901099
465 0.01098901098901099
627 0.01098901098901099
2763 0.01098901098901099
3544 0.01098901098901099
3567 0.01098901098901099
226 0.01092896174863388
229 0.01092896174863388
349 0.01092896174863388
714 0.01092896174863388
807 0.01092896174863388
835 0.01092896174863388
3383 0.01092896174863388
2197 0.01092896174863388
3904 0.01092896174863388
178 0.010869565217391304
929 0.010869565217391304
1898 0.010869565217391304
800 0.010869565217391304
866 0.010869565217391304
3233 0.010869565217391304
3309 0.010869565217391304
2051 0.010869565217391304
3441 0.010869565217391304
129 0.010810810810810811
339 0.010810810810810811
1058 0.010810810810810811
1406 0.010810810810810811
1428 0.010810810810810811
1474 0.010810810810810811
1871 0.010810810810810811
2967 0.010810810810810811
3035 0.010810810810810811
3541 0.010810810810810811
3608 0.010810810810810811
3712 0.010810810810810811
3809 0.010810810810810811
901 0.010752688172043012
955 0.010752688172043012
979 0.010752688172043012
1027 0.010752688172043012
1213 0.010752688172043012
408 0.010752688172043012
555 0.010752688172043012
849 0.010752688172043012
3779 0.010752688172043012
2958 0.010752688172043012
3013 0.010752688172043012
3950 0.010752688172043012
4007 0.010752688172043012
169 0.0106951871657754
637 0.0106951871657754
897 0.0106951871657754
943 0.0106951871657754
990 0.0106951871657754
1078 0.0106951871657754
3097 0.0106951871657754
2933 0.0106951871657754
3121 0.0106951871657754
3166 0.0106951871657754
3768 0.0106951871657754
3910 0.0106951871657754
85 0.010638297872340425
321 0.010638297872340425
942 0.010638297872340425
1511 0.010638297872340425
1566 0.010638297872340425
1642 0.010638297872340425
733 0.010638297872340425
788 0.010638297872340425
3360 0.010638297872340425
3377 0.010638297872340425
2481 0.010638297872340425
2637 0.010638297872340425
95 0.010582010582010581
389 0.010582010582010581
2775 0.010582010582010581
3331 0.010582010582010581
2873 0.010582010582010581
3177 0.010582010582010581
2405 0.010582010582010581
3970 0.010582010582010581
117 0.010526315789473684
202 0.010526315789473684
260 0.010526315789473684
1111 0.010526315789473684
1788 0.010526315789473684
600 0.010526315789473684
2766 0.010526315789473684
2796 0.010526315789473684
2427 0.010526315789473684
39 0.010471204188481676
343 0.010471204188481676
1151 0.010471204188481676
1802 0.010471204188481676
1818 0.010471204188481676
661 0.010471204188481676
3328 0.010471204188481676
2667 0.010471204188481676
3143 0.010471204188481676
3418 0.010471204188481676
2019 0.010471204188481676
3575 0.010471204188481676
3601 0.010471204188481676
3689 0.010471204188481676
163 0.010416666666666666
1568 0.010416666666666666
766 0.010416666666666666
2255 0.010416666666666666
2277 0.010416666666666666
2466 0.010416666666666666
3606 0.010416666666666666
3675 0.010416666666666666
3753 0.010416666666666666
159 0.010362694300518135
1042 0.010362694300518135
1424 0.010362694300518135
533 0.010362694300518135
2666 0.010362694300518135
2712 0.010362694300518135
2884 0.010362694300518135
2946 0.010362694300518135
2252 0.010362694300518135
3468 0.010362694300518135
3662 0.010362694300518135
3979 0.010362694300518135
4026 0.010362694300518135
1284 0.010309278350515464
1455 0.010309278350515464
1544 0.010309278350515464
1868 0.010309278350515464
3540 0.010309278350515464
3180 0.010309278350515464
3346 0.010309278350515464
2167 0.010309278350515464
3956 0.010309278350515464
490 0.010256410256410256
3701 0.010256410256410256
50 0.01020408163265306
211 0.01020408163265306
649 0.01020408163265306
611 0.01020408163265306
3181 0.01020408163265306
3859 0.01020408163265306
61 0.01015228426395939
188 0.01015228426395939
1702 0.01015228426395939
1713 0.01015228426395939
1817 0.01015228426395939
824 0.01015228426395939
3886 0.01015228426395939
2821 0.01015228426395939
3273 0.01015228426395939
2270 0.01015228426395939
3757 0.01015228426395939
4035 0.01015228426395939
20 0.010101010101010102
114 0.010101010101010102
325 0.010101010101010102
3178 0.010101010101010102
3208 0.010101010101010102
2515 0.010101010101010102
3512 0.010101010101010102
3519 0.010101010101010102
3590 0.010101010101010102
1223 0.010050251256281407
1469 0.010050251256281407
1538 0.010050251256281407
3492 0.010050251256281407
3657 0.010050251256281407
3705 0.010050251256281407
3747 0.010050251256281407
3915 0.010050251256281407
3947 0.010050251256281407
1053 0.01
1270 0.01
350 0.01
1928 0.01
3871 0.01
1161 0.009950248756218905
1425 0.009950248756218905
1822 0.009950248756218905
837 0.009950248756218905
3316 0.009950248756218905
3513 0.009900990099009901
3614 0.009900990099009901
3839 0.009900990099009901
2765 0.009852216748768473
3946 0.009852216748768473
2911 0.00980392156862745
3293 0.00980392156862745
3695 0.00980392156862745
2251 0.00975609756097561
1225 0.009708737864077669
1854 0.00966183574879227
2725 0.00966183574879227
3113 0.00966183574879227
364 0.009615384615384616
3894 0.009615384615384616
242 0.009569377990430622
1171 0.009523809523809525
682 0.009523809523809525
2248 0.009523809523809525
3697 0.009523809523809525
1537 0.009478672985781991
251 0.009389671361502348
1441 0.009389671361502348
1077 0.009345794392523364
1666 0.009345794392523364
1476 0.00909090909090909
3739 0.008888888888888889
1748 0.007575757575757576
327 0.007518796992481203
2010 0.007407407407407408
3722 0.0072992700729927005
509 0.007194244604316547
694 0.007142857142857143
3715 0.007142857142857143
1468 0.0070921985815602835
1440 0.007042253521126761
2989 0.007042253521126761
3382 0.007042253521126761
281 0.006993006993006993
1362 0.006944444444444444
361 0.006944444444444444
2835 0.006944444444444444
3010 0.006896551724137931
3274 0.006896551724137931
2525 0.006896551724137931
795 0.00684931506849315
2441 0.00684931506849315
3515 0.00684931506849315
2263 0.006802721088435374
961 0.006756756756756757
1436 0.006756756756756757
1904 0.006756756756756757
3199 0.006756756756756757
3831 0.006756756756756757
183 0.006711409395973154
1043 0.006711409395973154
1869 0.006711409395973154
1889 0.006711409395973154
435 0.006711409395973154
2959 0.006711409395973154
3161 0.006711409395973154
3600 0.006711409395973154
3814 0.006711409395973154
122 0.006666666666666667
239 0.006666666666666667
3996 0.006666666666666667
21 0.006622516556291391
261 0.006622516556291391
1808 0.006622516556291391
767 0.006622516556291391
3079 0.006622516556291391
2805 0.006622516556291391
3569 0.006622516556291391
3676 0.006622516556291391
1214 0.006578947368421052
1346 0.006578947368421052
1448 0.006578947368421052
847 0.006578947368421052
3359 0.006578947368421052
2550 0.006578947368421052
29 0.006535947712418301
917 0.006535947712418301
1000 0.006535947712418301
1030 0.006535947712418301
1545 0.006535947712418301
2111 0.006535947712418301
2225 0.006535947712418301
607 0.006535947712418301
3292 0.006535947712418301
3303 0.006535947712418301
2622 0.006535947712418301
3532 0.006535947712418301
3945 0.006535947712418301
136 0.006493506493506494
1303 0.006493506493506494
2284 0.006493506493506494
459 0.006493506493506494
3621 0.006493506493506494
3355 0.006493506493506494
3702 0.006493506493506494
176 0.0064516129032258064
346 0.0064516129032258064
928 0.0064516129032258064
1692 0.0064516129032258064
1792 0.0064516129032258064
1829 0.0064516129032258064
1840 0.0064516129032258064
3002 0.0064516129032258064
3119 0.0064516129032258064
3139 0.0064516129032258064
3149 0.0064516129032258064
2100 0.0064516129032258064
2345 0.0064516129032258064
2403 0.0064516129032258064
3963 0.0064516129032258064
72 0.00641025641025641
1212 0.00641025641025641
1512 0.00641025641025641
1626 0.00641025641025641
1629 0.00641025641025641
1734 0.00641025641025641
457 0.00641025641025641
727 0.00641025641025641
750 0.00641025641025641
2736 0.00641025641025641
2844 0.00641025641025641
2983 0.00641025641025641
2114 0.00641025641025641
2545 0.00641025641025641
2578 0.00641025641025641
3552 0.00641025641025641
3602 0.00641025641025641
3736 0.00641025641025641
1778 0.006369426751592357
701 0.006369426751592357
2883 0.006369426751592357
3264 0.006369426751592357
3314 0.006369426751592357
2218 0.006369426751592357
2278 0.006369426751592357
3502 0.006369426751592357
3983 0.006369426751592357
295 0.006329113924050633
563 0.006329113924050633
930 0.006329113924050633
992 0.006329113924050633
1090 0.006329113924050633
1211 0.006329113924050633
1322 0.006329113924050633
1364 0.006329113924050633
1478 0.006329113924050633
1784 0.006329113924050633
539 0.006329113924050633
3214 0.006329113924050633
1942 0.006329113924050633
2109 0.006329113924050633
3489 0.006329113924050633
1569 0.006289308176100629
582 0.006289308176100629
2926 0.006289308176100629
3238 0.006289308176100629
2082 0.006289308176100629
2581 0.006289308176100629
2634 0.006289308176100629
3529 0.006289308176100629
3632 0.006289308176100629
3654 0.006289308176100629
105 0.00625
152 0.00625
185 0.00625
270 0.00625
1128 0.00625
1283 0.00625
1437 0.00625
1446 0.00625
1477 0.00625
1533 0.00625
2254 0.00625
693 0.00625
2745 0.00625
3084 0.00625
3203 0.00625
3297 0.00625
3388 0.00625
3464 0.00625
3661 0.00625
3671 0.00625
3780 0.00625
3801 0.00625
186 0.006211180124223602
916 0.006211180124223602
1167 0.006211180124223602
1618 0.006211180124223602
1689 0.006211180124223602
1972 0.006211180124223602
593 0.006211180124223602
3222 0.006211180124223602
3877 0.006211180124223602
2710 0.006211180124223602
2853 0.006211180124223602
2907 0.006211180124223602
3104 0.006211180124223602
3508 0.006211180124223602
88 0.006172839506172839
902 0.006172839506172839
1265 0.006172839506172839
1281 0.006172839506172839
1389 0.006172839506172839
2081 0.006172839506172839
2459 0.006172839506172839
367 0.006172839506172839
636 0.006172839506172839
736 0.006172839506172839
3255 0.006172839506172839
2365 0.006172839506172839
2416 0.006172839506172839
2488 0.006172839506172839
2584 0.006172839506172839
3870 0.006172839506172839
3927 0.006172839506172839
187 0.006134969325153374
1055 0.006134969325153374
1234 0.006134969325153374
1876 0.006134969325153374
1877 0.006134969325153374
1976 0.006134969325153374
362 0.006134969325153374
471 0.006134969325153374
699 0.006134969325153374
774 0.006134969325153374
870 0.006134969325153374
876 0.006134969325153374
3221 0.006134969325153374
3537 0.006134969325153374
3551 0.006134969325153374
3624 0.006134969325153374
3759 0.006134969325153374
3837 0.006134969325153374
101 0.006097560975609756
252 0.006097560975609756
283 0.006097560975609756
329 0.006097560975609756
947 0.006097560975609756
1242 0.006097560975609756
1552 0.006097560975609756
1766 0.006097560975609756
1830 0.006097560975609756
1872 0.006097560975609756
1991 0.006097560975609756
2647 0.006097560975609756
724 0.006097560975609756
737 0.006097560975609756
3205 0.006097560975609756
2681 0.006097560975609756
2943 0.006097560975609756
2954 0.006097560975609756
3324 0.006097560975609756
3327 0.006097560975609756
1990 0.006097560975609756
2401 0.006097560975609756
3446 0.006097560975609756
3526 0.006097560975609756
3769 0.006097560975609756
3913 0.006097560975609756
111 0.006060606060606061
347 0.006060606060606061
1085 0.006060606060606061
1100 0.006060606060606061
1794 0.006060606060606061
1831 0.006060606060606061
1901 0.006060606060606061
1903 0.006060606060606061
476 0.006060606060606061
696 0.006060606060606061
2787 0.006060606060606061
2818 0.006060606060606061
2820 0.006060606060606061
2859 0.006060606060606061
3078 0.006060606060606061
2514 0.006060606060606061
3499 0.006060606060606061
3530 0.006060606060606061
3571 0.006060606060606061
3710 0.006060606060606061
3718 0.006060606060606061
3891 0.006060606060606061
63 0.006024096385542169
225 0.006024096385542169
1112 0.006024096385542169
1675 0.006024096385542169
1995 0.006024096385542169
512 0.006024096385542169
546 0.006024096385542169
560 0.006024096385542169
635 0.006024096385542169
794 0.006024096385542169
3556 0.006024096385542169
3410 0.006024096385542169
2670 0.006024096385542169
2688 0.006024096385542169
2743 0.006024096385542169
3158 0.006024096385542169
3291 0.006024096385542169
3364 0.006024096385542169
1937 0.006024096385542169
2334 0.006024096385542169
2379 0.006024096385542169
3504 0.006024096385542169
3535 0.006024096385542169
3591 0.006024096385542169
3640 0.006024096385542169
3649 0.006024096385542169
3659 0.006024096385542169
3867 0.006024096385542169
13 0.005988023952095809
73 0.005988023952095809
98 0.005988023952095809
246 0.005988023952095809
285 0.005988023952095809
336 0.005988023952095809
1063 0.005988023952095809
1429 0.005988023952095809
541 0.005988023952095809
640 0.005988023952095809
731 0.005988023952095809
803 0.005988023952095809
810 0.005988023952095809
2241 0.005988023952095809
2903 0.005988023952095809
2709 0.005988023952095809
2801 0.005988023952095809
2893 0.005988023952095809
3110 0.005988023952095809
3130 0.005988023952095809
3159 0.005988023952095809
3341 0.005988023952095809
2523 0.005988023952095809
2659 0.005988023952095809
3823 0.005988023952095809
3922 0.005988023952095809
4006 0.005988023952095809
1035 0.005952380952380952
1045 0.005952380952380952
1073 0.005952380952380952
1222 0.005952380952380952
1333 0.005952380952380952
1352 0.005952380952380952
1357 0.005952380952380952
1464 0.005952380952380952
1555 0.005952380952380952
1588 0.005952380952380952
1726 0.005952380952380952
442 0.005952380952380952
671 0.005952380952380952
759 0.005952380952380952
3684 0.005952380952380952
3001 0.005952380952380952
3111 0.005952380952380952
2840 0.005952380952380952
2898 0.005952380952380952
3058 0.005952380952380952
3103 0.005952380952380952
3353 0.005952380952380952
2448 0.005952380952380952
2641 0.005952380952380952
3493 0.005952380952380952
3563 0.005952380952380952
3593 0.005952380952380952
3645 0.005952380952380952
3751 0.005952380952380952
3936 0.005952380952380952
5 0.005917159763313609
45 0.005917159763313609
2814 0.005917159763313609
1181 0.005917159763313609
1318 0.005917159763313609
1383 0.005917159763313609
1492 0.005917159763313609
1646 0.005917159763313609
1693 0.005917159763313609
418 0.005917159763313609
446 0.005917159763313609
602 0.005917159763313609
802 0.005917159763313609
3674 0.005917159763313609
2848 0.005917159763313609
2856 0.005917159763313609
3059 0.005917159763313609
3060 0.005917159763313609
3075 0.005917159763313609
3115 0.005917159763313609
3399 0.005917159763313609
3430 0.005917159763313609
2016 0.005917159763313609
2557 0.005917159763313609
2611 0.005917159763313609
3623 0.005917159763313609
3790 0.005917159763313609
3905 0.005917159763313609
189 0.0058823529411764705
240 0.0058823529411764705
280 0.0058823529411764705
909 0.0058823529411764705
1548 0.0058823529411764705
1687 0.0058823529411764705
1841 0.0058823529411764705
1899 0.0058823529411764705
368 0.0058823529411764705
395 0.0058823529411764705
403 0.0058823529411764705
417 0.0058823529411764705
529 0.0058823529411764705
545 0.0058823529411764705
597 0.0058823529411764705
616 0.0058823529411764705
723 0.0058823529411764705
2724 0.0058823529411764705
2683 0.0058823529411764705
2845 0.0058823529411764705
2913 0.0058823529411764705
2993 0.0058823529411764705
3376 0.0058823529411764705
1982 0.0058823529411764705
2067 0.0058823529411764705
2313 0.0058823529411764705
2563 0.0058823529411764705
2618 0.0058823529411764705
3648 0.0058823529411764705
3767 0.0058823529411764705
3969 0.0058823529411764705
92 0.005847953216374269
264 0.005847953216374269
311 0.005847953216374269
596 0.005847953216374269
1296 0.005847953216374269
1781 0.005847953216374269
1863 0.005847953216374269
2451 0.005847953216374269
355 0.005847953216374269
410 0.005847953216374269
1967 0.005847953216374269
3440 0.005847953216374269
2668 0.005847953216374269
2782 0.005847953216374269
2811 0.005847953216374269
2948 0.005847953216374269
3052 0.005847953216374269
3320 0.005847953216374269
3432 0.005847953216374269
1960 0.005847953216374269
2060 0.005847953216374269
2129 0.005847953216374269
3704 0.005847953216374269
3771 0.005847953216374269
22 0.005813953488372093
363 0.005813953488372093
1118 0.005813953488372093
1250 0.005813953488372093
1853 0.005813953488372093
415 0.005813953488372093
511 0.005813953488372093
857 0.005813953488372093
2971 0.005813953488372093
2026 0.005813953488372093
2661 0.005813953488372093
2900 0.005813953488372093
2992 0.005813953488372093
3009 0.005813953488372093
3384 0.005813953488372093
2023 0.005813953488372093
2186 0.005813953488372093
2310 0.005813953488372093
2369 0.005813953488372093
2407 0.005813953488372093
2486 0.005813953488372093
3665 0.005813953488372093
3794 0.005813953488372093
3817 0.005813953488372093
3895 0.005813953488372093
38 0.005780346820809248
70 0.005780346820809248
946 0.005780346820809248
951 0.005780346820809248
1038 0.005780346820809248
1044 0.005780346820809248
1064 0.005780346820809248
1559 0.005780346820809248
1606 0.005780346820809248
1664 0.005780346820809248
1696 0.005780346820809248
1743 0.005780346820809248
477 0.005780346820809248
683 0.005780346820809248
609 0.005780346820809248
667 0.005780346820809248
838 0.005780346820809248
3248 0.005780346820809248
2419 0.005780346820809248
2747 0.005780346820809248
2761 0.005780346820809248
2837 0.005780346820809248
2928 0.005780346820809248
3094 0.005780346820809248
3244 0.005780346820809248
3358 0.005780346820809248
3566 0.005780346820809248
3641 0.005780346820809248
3734 0.005780346820809248
3825 0.005780346820809248
4013 0.005780346820809248
44 0.005747126436781609
80 0.005747126436781609
203 0.005747126436781609
324 0.005747126436781609
912 0.005747126436781609
978 0.005747126436781609
1020 0.005747126436781609
1080 0.005747126436781609
1369 0.005747126436781609
1851 0.005747126436781609
379 0.005747126436781609
449 0.005747126436781609
763 0.005747126436781609
772 0.005747126436781609
823 0.005747126436781609
862 0.005747126436781609
882 0.005747126436781609
2748 0.005747126436781609
2750 0.005747126436781609
2798 0.005747126436781609
2879 0.005747126436781609
3151 0.005747126436781609
3188 0.005747126436781609
3229 0.005747126436781609
3375 0.005747126436781609
2574 0.005747126436781609
3763 0.005747126436781609
3776 0.005747126436781609
3918 0.005747126436781609
1155 0.005714285714285714
1178 0.005714285714285714
1395 0.005714285714285714
1505 0.005714285714285714
1683 0.005714285714285714
1698 0.005714285714285714
1741 0.005714285714285714
1790 0.005714285714285714
1800 0.005714285714285714
1815 0.005714285714285714
429 0.005714285714285714
530 0.005714285714285714
782 0.005714285714285714
787 0.005714285714285714
3162 0.005714285714285714
3101 0.005714285714285714
3077 0.005714285714285714
3249 0.005714285714285714
3352 0.005714285714285714
1933 0.005714285714285714
2206 0.005714285714285714
3483 0.005714285714285714
3647 0.005714285714285714
3732 0.005714285714285714
3786 0.005714285714285714
3824 0.005714285714285714
3888 0.005714285714285714
3909 0.005714285714285714
62 0.005681818181818182
68 0.005681818181818182
120 0.005681818181818182
160 0.005681818181818182
944 0.005681818181818182
1060 0.005681818181818182
1125 0.005681818181818182
1142 0.005681818181818182
1243 0.005681818181818182
1359 0.005681818181818182
1484 0.005681818181818182
1715 0.005681818181818182
1855 0.005681818181818182
2027 0.005681818181818182
2649 0.005681818181818182
365 0.005681818181818182
474 0.005681818181818182
665 0.005681818181818182
748 0.005681818181818182
2065 0.005681818181818182
2759 0.005681818181818182
2956 0.005681818181818182
3007 0.005681818181818182
2031 0.005681818181818182
2375 0.005681818181818182
2632 0.005681818181818182
3772 0.005681818181818182
3868 0.005681818181818182
3912 0.005681818181818182
4003 0.005681818181818182
40 0.005649717514124294
75 0.005649717514124294
84 0.005649717514124294
222 0.005649717514124294
249 0.005649717514124294
266 0.005649717514124294
969 0.005649717514124294
1088 0.005649717514124294
1419 0.005649717514124294
1449 0.005649717514124294
1527 0.005649717514124294
1541 0.005649717514124294
1596 0.005649717514124294
1663 0.005649717514124294
1874 0.005649717514124294
458 0.005649717514124294
519 0.005649717514124294
562 0.005649717514124294
687 0.005649717514124294
822 0.005649717514124294
829 0.005649717514124294
848 0.005649717514124294
2678 0.005649717514124294
2786 0.005649717514124294
2872 0.005649717514124294
3140 0.005649717514124294
3190 0.005649717514124294
3387 0.005649717514124294
2118 0.005649717514124294
2373 0.005649717514124294
2422 0.005649717514124294
2453 0.005649717514124294
2576 0.005649717514124294
3461 0.005649717514124294
3716 0.005649717514124294
3833 0.005649717514124294
4018 0.005649717514124294
4028 0.005649717514124294
123 0.0056179775280898875
175 0.0056179775280898875
231 0.0056179775280898875
970 0.0056179775280898875
988 0.0056179775280898875
1114 0.0056179775280898875
1152 0.0056179775280898875
1490 0.0056179775280898875
1608 0.0056179775280898875
1628 0.0056179775280898875
2447 0.0056179775280898875
2629 0.0056179775280898875
399 0.0056179775280898875
522 0.0056179775280898875
617 0.0056179775280898875
4031 0.0056179775280898875
786 0.0056179775280898875
2677 0.0056179775280898875
2149 0.0056179775280898875
2328 0.0056179775280898875
2877 0.0056179775280898875
2915 0.0056179775280898875
3041 0.0056179775280898875
3122 0.0056179775280898875
3126 0.0056179775280898875
3275 0.0056179775280898875
3394 0.0056179775280898875
2219 0.0056179775280898875
2628 0.0056179775280898875
3557 0.0056179775280898875
3663 0.0056179775280898875
3696 0.0056179775280898875
3873 0.0056179775280898875
3900 0.0056179775280898875
59 0.00558659217877095
342 0.00558659217877095
959 0.00558659217877095
1360 0.00558659217877095
1647 0.00558659217877095
1724 0.00558659217877095
1747 0.00558659217877095
1875 0.00558659217877095
2187 0.00558659217877095
573 0.00558659217877095
811 0.00558659217877095
831 0.00558659217877095
2826 0.00558659217877095
2773 0.00558659217877095
2832 0.00558659217877095
3039 0.00558659217877095
1924 0.00558659217877095
1944 0.00558659217877095
2056 0.00558659217877095
2299 0.00558659217877095
2349 0.00558659217877095
3622 0.00558659217877095
3706 0.00558659217877095
3774 0.00558659217877095
3850 0.00558659217877095
3992 0.00558659217877095
4032 0.00558659217877095
139 0.005555555555555556
214 0.005555555555555556
238 0.005555555555555556
274 0.005555555555555556
945 0.005555555555555556
1221 0.005555555555555556
1672 0.005555555555555556
1680 0.005555555555555556
1767 0.005555555555555556
482 0.005555555555555556
746 0.005555555555555556
806 0.005555555555555556
3677 0.005555555555555556
2979 0.005555555555555556
2344 0.005555555555555556
2701 0.005555555555555556
3017 0.005555555555555556
3155 0.005555555555555556
2646 0.005555555555555556
3573 0.005555555555555556
3595 0.005555555555555556
3620 0.005555555555555556
3788 0.005555555555555556
3952 0.005555555555555556
3976 0.005555555555555556
217 0.0055248618784530384
227 0.0055248618784530384
271 0.0055248618784530384
1021 0.0055248618784530384
1048 0.0055248618784530384
1149 0.0055248618784530384
1253 0.0055248618784530384
1641 0.0055248618784530384
479 0.0055248618784530384
710 0.0055248618784530384
791 0.0055248618784530384
865 0.0055248618784530384
3201 0.0055248618784530384
2713 0.0055248618784530384
2852 0.0055248618784530384
2972 0.0055248618784530384
3370 0.0055248618784530384
3371 0.0055248618784530384
2097 0.0055248618784530384
2317 0.0055248618784530384
2320 0.0055248618784530384
2497 0.0055248618784530384
3730 0.0055248618784530384
118 0.005494505494505495
168 0.005494505494505495
918 0.005494505494505495
1012 0.005494505494505495
1353 0.005494505494505495
1452 0.005494505494505495
1858 0.005494505494505495
406 0.005494505494505495
684 0.005494505494505495
752 0.005494505494505495
804 0.005494505494505495
3385 0.005494505494505495
2002 0.005494505494505495
2686 0.005494505494505495
2697 0.005494505494505495
2810 0.005494505494505495
2997 0.005494505494505495
3064 0.005494505494505495
3241 0.005494505494505495
3302 0.005494505494505495
3332 0.005494505494505495
2104 0.005494505494505495
2388 0.005494505494505495
2426 0.005494505494505495
3476 0.005494505494505495
3660 0.005494505494505495
3669 0.005494505494505495
3719 0.005494505494505495
3826 0.005494505494505495
3844 0.005494505494505495
1011 0.00546448087431694
1314 0.00546448087431694
1356 0.00546448087431694
1583 0.00546448087431694
1750 0.00546448087431694
2247 0.00546448087431694
440 0.00546448087431694
672 0.00546448087431694
2881 0.00546448087431694
3051 0.00546448087431694
3262 0.00546448087431694
3395 0.00546448087431694
2155 0.00546448087431694
2602 0.00546448087431694
3738 0.00546448087431694
3993 0.00546448087431694
265 0.005434782608695652
949 0.005434782608695652
1079 0.005434782608695652
1117 0.005434782608695652
1154 0.005434782608695652
1229 0.005434782608695652
1252 0.005434782608695652
1529 0.005434782608695652
1570 0.005434782608695652
1892 0.005434782608695652
783 0.005434782608695652
3721 0.005434782608695652
2901 0.005434782608695652
2936 0.005434782608695652
2965 0.005434782608695652
3156 0.005434782608695652
3391 0.005434782608695652
3396 0.005434782608695652
2612 0.005434782608695652
3447 0.005434782608695652
3459 0.005434782608695652
3460 0.005434782608695652
3589 0.005434782608695652
7 0.005405405405405406
99 0.005405405405405406
272 0.005405405405405406
937 0.005405405405405406
1013 0.005405405405405406
1097 0.005405405405405406
1147 0.005405405405405406
1174 0.005405405405405406
1232 0.005405405405405406
1574 0.005405405405405406
1777 0.005405405405405406
1905 0.005405405405405406
704 0.005405405405405406
761 0.005405405405405406
764 0.005405405405405406
775 0.005405405405405406
793 0.005405405405405406
2695 0.005405405405405406
2715 0.005405405405405406
3008 0.005405405405405406
2035 0.005405405405405406
2083 0.005405405405405406
2238 0.005405405405405406
3528 0.005405405405405406
3618 0.005405405405405406
3971 0.005405405405405406
137 0.005376344086021506
191 0.005376344086021506
323 0.005376344086021506
1001 0.005376344086021506
1325 0.005376344086021506
1894 0.005376344086021506
1908 0.005376344086021506
861 0.005376344086021506
2888 0.005376344086021506
3042 0.005376344086021506
3095 0.005376344086021506
3144 0.005376344086021506
1943 0.005376344086021506
2216 0.005376344086021506
2217 0.005376344086021506
2358 0.005376344086021506
3666 0.005376344086021506
3858 0.005376344086021506
3960 0.005376344086021506
177 0.0053475935828877
250 0.0053475935828877
337 0.0053475935828877
376 0.0053475935828877
1050 0.0053475935828877
1062 0.0053475935828877
1619 0.0053475935828877
445 0.0053475935828877
470 0.0053475935828877
524 0.0053475935828877
571 0.0053475935828877
781 0.0053475935828877
3948 0.0053475935828877
2674 0.0053475935828877
3038 0.0053475935828877
3270 0.0053475935828877
3330 0.0053475935828877
3400 0.0053475935828877
2323 0.0053475935828877
3466 0.0053475935828877
3509 0.0053475935828877
55 0.005319148936170213
132 0.005319148936170213
288 0.005319148936170213
303 0.005319148936170213
986 0.005319148936170213
1269 0.005319148936170213
1347 0.005319148936170213
1624 0.005319148936170213
1709 0.005319148936170213
2007 0.005319148936170213
2068 0.005319148936170213
666 0.005319148936170213
630 0.005319148936170213
583 0.005319148936170213
728 0.005319148936170213
809 0.005319148936170213
854 0.005319148936170213
2731 0.005319148936170213
2783 0.005319148936170213
2784 0.005319148936170213
3021 0.005319148936170213
3022 0.005319148936170213
3152 0.005319148936170213
3326 0.005319148936170213
2262 0.005319148936170213
2610 0.005319148936170213
2633 0.005319148936170213
3467 0.005319148936170213
69 0.005291005291005291
125 0.005291005291005291
305 0.005291005291005291
1094 0.005291005291005291
1491 0.005291005291005291
1719 0.005291005291005291
1878 0.005291005291005291
2529 0.005291005291005291
422 0.005291005291005291
588 0.005291005291005291
3361 0.005291005291005291
3258 0.005291005291005291
2682 0.005291005291005291
2753 0.005291005291005291
3016 0.005291005291005291
3413 0.005291005291005291
2193 0.005291005291005291
2286 0.005291005291005291
2301 0.005291005291005291
2342 0.005291005291005291
3968 0.005291005291005291
180 0.005263157894736842
932 0.005263157894736842
1031 0.005263157894736842
1220 0.005263157894736842
1844 0.005263157894736842
456 0.005263157894736842
618 0.005263157894736842
1994 0.005263157894736842
3402 0.005263157894736842
1915 0.005263157894736842
2011 0.005263157894736842
2162 0.005263157894736842
2600 0.005263157894736842
3842 0.005263157894736842
3906 0.005263157894736842
196 0.005235602094240838
1549 0.005235602094240838
1722 0.005235602094240838
2583 0.005235602094240838
409 0.005235602094240838
462 0.005235602094240838
499 0.005235602094240838
534 0.005235602094240838
586 0.005235602094240838
626 0.005235602094240838
3454 0.005235602094240838
722 0.005235602094240838
3168 0.005235602094240838
3107 0.005235602094240838
3138 0.005235602094240838
2245 0.005235602094240838
2395 0.005235602094240838
2490 0.005235602094240838
3699 0.005235602094240838
3819 0.005235602094240838
3939 0.005235602094240838
1345 0.005208333333333333
1682 0.005208333333333333
830 0.005208333333333333
3633 0.005208333333333333
2706 0.005208333333333333
2803 0.005208333333333333
2804 0.005208333333333333
3171 0.005208333333333333
3269 0.005208333333333333
3367 0.005208333333333333
1974 0.005208333333333333
3681 0.005208333333333333
3944 0.005208333333333333
93 0.0051813471502590676
898 0.0051813471502590676
3245 0.0051813471502590676
2738 0.0051813471502590676
2858 0.0051813471502590676
3170 0.0051813471502590676
3343 0.0051813471502590676
3426 0.0051813471502590676
1922 0.0051813471502590676
158 0.005154639175257732
1059 0.005154639175257732
1248 0.005154639175257732
454 0.005154639175257732
508 0.005154639175257732
557 0.005154639175257732
594 0.005154639175257732
2198 0.005154639175257732
2980 0.005154639175257732
3014 0.005154639175257732
3054 0.005154639175257732
3118 0.005154639175257732
3340 0.005154639175257732
3416 0.005154639175257732
2156 0.005154639175257732
2432 0.005154639175257732
3914 0.005154639175257732
108 0.005128205128205128
1577 0.005128205128205128
1580 0.005128205128205128
1716 0.005128205128205128
1718 0.005128205128205128
1811 0.005128205128205128
1951 0.005128205128205128
2203 0.005128205128205128
421 0.005128205128205128
603 0.005128205128205128
3093 0.005128205128205128
3313 0.005128205128205128
2271 0.005128205128205128
2440 0.005128205128205128
3448 0.005128205128205128
3605 0.005128205128205128
3653 0.005128205128205128
1192 0.00510204081632653
1216 0.00510204081632653
1426 0.00510204081632653
1621 0.00510204081632653
1909 0.00510204081632653
2728 0.00510204081632653
2827 0.00510204081632653
2942 0.00510204081632653
3157 0.00510204081632653
3317 0.00510204081632653
2014 0.00510204081632653
2115 0.00510204081632653
3836 0.00510204081632653
3897 0.00510204081632653
208 0.005076142131979695
1185 0.005076142131979695
1401 0.005076142131979695
1590 0.005076142131979695
1886 0.005076142131979695
2778 0.005076142131979695
3250 0.005076142131979695
3315 0.005076142131979695
3522 0.005076142131979695
3554 0.005076142131979695
48 0.005050505050505051
1372 0.005050505050505051
1571 0.005050505050505051
1751 0.005050505050505051
703 0.005050505050505051
3797 0.005050505050505051
2764 0.005050505050505051
2687 0.005050505050505051
3764 0.005050505050505051
3860 0.005050505050505051
330 0.005025125628140704
915 0.005025125628140704
938 0.005025125628140704
980 0.005025125628140704
1004 0.005025125628140704
1906 0.005025125628140704
382 0.005025125628140704
805 0.005025125628140704
845 0.005025125628140704
2406 0.005025125628140704
1065 0.005
1259 0.005
1378 0.005
2157 0.005
371 0.005
413 0.005
644 0.005
872 0.005
2698 0.005
165 0.004975124378109453
3047 0.004975124378109453
3227 0.004975124378109453
2227 0.004975124378109453
3438 0.004975124378109453
3555 0.004975124378109453
923 0.0049504950495049506
1744 0.0049504950495049506
758 0.0049504950495049506
3896 0.0049504950495049506
3938 0.0049504950495049506
3940 0.0049504950495049506
1432 0.0049261083743842365
3246 0.0049261083743842365
3883 0.0049261083743842365
4019 0.0049261083743842365
1522 0.004901960784313725
3186 0.004901960784313725
2788 0.004901960784313725
3032 0.004901960784313725
1912 0.004878048780487805
1032 0.004878048780487805
1402 0.004878048780487805
650 0.004878048780487805
3800 0.004878048780487805
991 0.0048543689320388345
393 0.0048543689320388345
2343 0.0048543689320388345
1023 0.004830917874396135
1141 0.004830917874396135
2491 0.004830917874396135
984 0.004807692307692308
1033 0.004807692307692308
856 0.004807692307692308
860 0.004807692307692308
3164 0.004807692307692308
2871 0.004807692307692308
2006 0.004807692307692308
2089 0.004807692307692308
378 0.004784688995215311
1479 0.004761904761904762
3265 0.004739336492890996
2676 0.004739336492890996
1779 0.0047169811320754715
494 0.0047169811320754715
745 0.0047169811320754715
3546 0.0047169811320754715
1884 0.004694835680751174
2662 0.004694835680751174
1423 0.004672897196261682
711 0.004672897196261682
3198 0.004672897196261682
3344 0.004672897196261682
2110 0.004672897196261682
2833 0.0045871559633027525
1069 0.0045662100456621
2 0
6 0
10 0
11 0
12 0
14 0
15 0
16 0
18 0
24 0
25 0
26 0
27 0
30 0
31 0
34 0
35 0
37 0
43 0
52 0
54 0
56 0
58 0
60 0
66 0
67 0
74 0
79 0
82 0
83 0
87 0
103 0
104 0
106 0
107 0
113 0
119 0
121 0
126 0
127 0
130 0
131 0
134 0
138 0
140 0
141 0
146 0
147 0
151 0
153 0
156 0
167 0
172 0
184 0
190 0
199 0
200 0
204 0
207 0
209 0
210 0
213 0
215 0
221 0
223 0
224 0
232 0
234 0
235 0
245 0
248 0
254 0
258 0
262 0
267 0
268 0
276 0
279 0
284 0
287 0
290 0
291 0
292 0
294 0
297 0
298 0
299 0
300 0
302 0
314 0
315 0
316 0
318 0
320 0
322 0
331 0
335 0
340 0
345 0
428 0
1684 0
2885 0
353 0
366 0
420 0
475 0
483 0
484 0
517 0
526 0
538 0
566 0
580 0
601 0
606 0
629 0
641 0
651 0
896 0
899 0
900 0
903 0
905 0
906 0
908 0
911 0
913 0
914 0
919 0
920 0
921 0
922 0
924 0
925 0
926 0
927 0
933 0
934 0
935 0
936 0
940 0
941 0
948 0
950 0
952 0
953 0
954 0
957 0
958 0
960 0
966 0
967 0
972 0
973 0
975 0
976 0
977 0
981 0
982 0
983 0
987 0
989 0
993 0
994 0
995 0
996 0
997 0
998 0
999 0
1003 0
1005 0
1006 0
1007 0
1009 0
1010 0
1014 0
1015 0
1017 0
1018 0
1019 0
1024 0
1025 0
1026 0
1028 0
1036 0
1037 0
1039 0
1040 0
1041 0
1047 0
1049 0
1051 0
1052 0
1054 0
1061 0
1066 0
1067 0
1068 0
1070 0
1072 0
1074 0
1075 0
1076 0
1081 0
1082 0
1083 0
1084 0
1091 0
1092 0
1093 0
1095 0
1096 0
1098 0
1099 0
1101 0
1102 0
1103 0
1104 0
1106 0
1107 0
1108 0
1109 0
1110 0
1113 0
1115 0
1119 0
1120 0
1121 0
1122 0
1123 0
1124 0
1126 0
1127 0
1129 0
1130 0
1132 0
1134 0
1135 0
1137 0
1138 0
1139 0
1140 0
1143 0
1145 0
1148 0
1150 0
1153 0
1156 0
1158 0
1159 0
1160 0
1162 0
1163 0
1164 0
1165 0
1166 0
1168 0
1170 0
1172 0
1173 0
1175 0
1176 0
1177 0
1179 0
1180 0
1182 0
1183 0
1184 0
1186 0
1187 0
1188 0
1189 0
1190 0
1191 0
1195 0
1196 0
1198 0
1199 0
1201 0
1203 0
1204 0
1205 0
1206 0
1207 0
1209 0
1210 0
1215 0
1219 0
1226 0
1227 0
1228 0
1230 0
1231 0
1233 0
1236 0
1237 0
1238 0
1239 0
1241 0
1245 0
1246 0
1247 0
1249 0
1251 0
1255 0
1256 0
1257 0
1258 0
1260 0
1261 0
1262 0
1263 0
1266 0
1267 0
1268 0
1271 0
1272 0
1273 0
1274 0
1276 0
1277 0
1278 0
1279 0
1280 0
1282 0
1285 0
1286 0
1287 0
1288 0
1289 0
1291 0
1292 0
1293 0
1294 0
1297 0
1298 0
1299 0
1300 0
1301 0
1302 0
1304 0
1305 0
1306 0
1307 0
1309 0
1310 0
1311 0
1312 0
1313 0
1315 0
1316 0
1317 0
1319 0
1320 0
1323 0
1324 0
1327 0
1329 0
1330 0
1331 0
1332 0
1334 0
1335 0
1336 0
1338 0
1339 0
1340 0
1341 0
1342 0
1343 0
1344 0
1348 0
1349 0
1350 0
1351 0
1354 0
1355 0
1358 0
1361 0
1363 0
1365 0
1367 0
1370 0
1371 0
1373 0
1374 0
1375 0
1376 0
1377 0
1379 0
1380 0
1381 0
1384 0
1385 0
1386 0
1388 0
1390 0
1391 0
1393 0
1396 0
1397 0
1398 0
1399 0
1400 0
1403 0
1404 0
1405 0
1407 0
1409 0
1411 0
1412 0
1413 0
1414 0
1415 0
1416 0
1417 0
1418 0
1420 0
1421 0
1422 0
1427 0
1430 0
1431 0
1433 0
1434 0
1435 0
1438 0
1439 0
1443 0
1444 0
1445 0
1447 0
1450 0
1453 0
1454 0
1456 0
1457 0
1458 0
1459 0
1460 0
1462 0
1463 0
1465 0
1466 0
1467 0
1470 0
1471 0
1472 0
1473 0
1475 0
1480 0
1481 0
1482 0
1483 0
1485 0
1486 0
1487 0
1488 0
1489 0
1493 0
1495 0
1496 0
1497 0
1498 0
1500 0
1501 0
1502 0
1503 0
1504 0
1506 0
1507 0
1508 0
1509 0
1510 0
1513 0
1514 0
1516 0
1517 0
1519 0
1520 0
1521 0
1523 0
1524 0
1525 0
1526 0
1528 0
1530 0
1531 0
1532 0
1535 0
1536 0
1539 0
1542 0
1543 0
1546 0
1547 0
1550 0
1551 0
1553 0
1554 0
1556 0
1557 0
1558 0
1560 0
1561 0
1562 0
1563 0
1564 0
1565 0
1572 0
1573 0
1576 0
1578 0
1579 0
1581 0
1582 0
1584 0
1587 0
1589 0
1591 0
1594 0
1595 0
1597 0
1598 0
1600 0
1601 0
1602 0
1603 0
1604 0
1605 0
1607 0
1609 0
1610 0
1611 0
1612 0
1613 0
1614 0
1615 0
1617 0
1620 0
1622 0
1623 0
1625 0
1631 0
1632 0
1634 0
1635 0
1636 0
1637 0
1638 0
1639 0
1640 0
1643 0
1644 0
1645 0
1648 0
1650 0
1651 0
1652 0
1653 0
1655 0
1656 0
1658 0
1659 0
1660 0
1662 0
1665 0
1668 0
1669 0
1670 0
1673 0
1676 0
1679 0
1681 0
1685 0
1686 0
1688 0
1690 0
1691 0
1694 0
1695 0
1697 0
1699 0
1700 0
1703 0
1704 0
1706 0
1707 0
1708 0
1710 0
1712 0
1714 0
1717 0
1720 0
1721 0
1723 0
1725 0
1728 0
1729 0
1732 0
1733 0
1735 0
1736 0
1737 0
1738 0
1740 0
1742 0
1745 0
1746 0
1749 0
1752 0
1753 0
1754 0
1755 0
1756 0
1757 0
1758 0
1759 0
1761 0
1762 0
1763 0
1764 0
1765 0
1768 0
1769 0
1770 0
1771 0
1772 0
1773 0
1774 0
1775 0
1780 0
1782 0
1783 0
1785 0
1786 0
1787 0
1789 0
1791 0
1793 0
1795 0
1796 0
1799 0
1801 0
1803 0
1804 0
1805 0
1806 0
1807 0
1809 0
1810 0
1812 0
1813 0
1814 0
1816 0
1819 0
1820 0
1821 0
1823 0
1824 0
1825 0
1826 0
1827 0
1828 0
1832 0
1833 0
1834 0
1835 0
1837 0
1839 0
1842 0
1843 0
1845 0
1846 0
1847 0
1848 0
1849 0
1850 0
1856 0
1857 0
1859 0
1861 0
1862 0
1864 0
1865 0
1867 0
1870 0
1873 0
1879 0
1880 0
1881 0
1882 0
1885 0
1887 0
1888 0
1891 0
1893 0
1895 0
1897 0
1900 0
1902 0
1907 0
1910 0
1926 0
1932 0
1939 0
1945 0
1955 0
1973 0
2004 0
2009 0
2018 0
2024 0
2032 0
2038 0
2039 0
2042 0
2054 0
2071 0
2072 0
2102 0
2116 0
2117 0
2127 0
2128 0
2133 0
2135 0
2138 0
2143 0
2153 0
2171 0
2174 0
2180 0
2183 0
2189 0
2199 0
2223 0
2224 0
2250 0
2264 0
2267 0
2268 0
2279 0
2283 0
2289 0
2292 0
2302 0
2319 0
2327 0
2336 0
2364 0
2378 0
2384 0
2398 0
2417 0
2436 0
2445 0
2458 0
2461 0
2463 0
2471 0
2472 0
2475 0
2494 0
2498 0
2502 0
2508 0
2510 0
2533 0
2538 0
2543 0
2571 0
2589 0
2598 0
2617 0
2635 0
2636 0
2640 0
2643 0
2653 0
2660 0
2704 0
2740 0
354 0
358 0
359 0
360 0
369 0
370 0
373 0
374 0
375 0
380 0
385 0
388 0
390 0
391 0
392 0
394 0
396 0
397 0
398 0
400 0
402 0
405 0
407 0
412 0
416 0
419 0
423 0
424 0
425 0
426 0
430 0
431 0
432 0
433 0
434 0
436 0
438 0
439 0
444 0
447 0
448 0
450 0
451 0
452 0
455 0
460 0
461 0
463 0
466 0
473 0
480 0
481 0
485 0
486 0
487 0
488 0
491 0
492 0
493 0
495 0
496 0
497 0
500 0
502 0
503 0
504 0
506 0
507 0
513 0
514 0
515 0
520 0
521 0
523 0
525 0
527 0
531 0
536 0
537 0
540 0
543 0
544 0
547 0
548 0
550 0
553 0
556 0
558 0
559 0
561 0
565 0
567 0
569 0
570 0
591 0
656 0
669 0
604 0
645 0
646 0
587 0
614 0
634 0
610 0
652 0
673 0
676 0
574 0
678 0
575 0
577 0
578 0
585 0
592 0
595 0
598 0
599 0
605 0
608 0
612 0
613 0
619 0
622 0
624 0
625 0
628 0
632 0
633 0
638 0
639 0
648 0
653 0
655 0
658 0
660 0
662 0
664 0
668 0
670 0
674 0
677 0
679 0
681 0
685 0
3961 0
692 0
695 0
700 0
702 0
705 0
707 0
709 0
712 0
713 0
715 0
718 0
720 0
721 0
726 0
730 0
734 0
735 0
741 0
743 0
744 0
747 0
751 0
754 0
756 0
762 0
765 0
769 0
770 0
776 0
777 0
778 0
779 0
780 0
784 0
797 0
801 0
812 0
814 0
815 0
816 0
820 0
821 0
825 0
834 0
836 0
840 0
843 0
844 0
850 0
851 0
853 0
859 0
863 0
875 0
877 0
878 0
880 0
883 0
891 0
892 0
3456 0
3586 0
3501 0
3517 0
3550 0
3609 0
2822 0
2941 0
3005 0
3136 0
3525 0
3692 0
3741 0
3750 0
3756 0
3830 0
3851 0
3943 0
3962 0
2752 0
2869 0
2892 0
3100 0
3304 0
3366 0
3404 0
3406 0
3412 0
2813 0
3034 0
3420 0
3011 0
3179 0
3289 0
1920 0
1941 0
1948 0
1959 0
2028 0
2047 0
2087 0
2125 0
2132 0
2134 0
2148 0
2169 0
2191 0
2194 0
2196 0
2239 0
2266 0
2282 0
2285 0
2293 0
2315 0
2332 0
2333 0
2347 0
2351 0
2368 0
2372 0
2385 0
2399 0
2420 0
2496 0
2509 0
2512 0
2516 0
2530 0
2542 0
2555 0
2567 0
2592 0
2597 0
2608 0
2642 0
2964 0
3020 0
3062 0
3165 0
3386 0
3409 0
1913 0
1916 0
1940 0
1947 0
1954 0
2052 0
2062 0
2101 0
2137 0
2144 0
2151 0
2163 0
2176 0
2215 0
2246 0
2273 0
2294 0
2295 0
2298 0
2355 0
2377 0
2389 0
2394 0
2413 0
2465 0
2468 0
2519 0
2544 0
2582 0
2588 0
2594 0
2605 0
2609 0
2616 0
2938 0
2999 0
3319 0
2663 0
2664 0
2665 0
2669 0
2671 0
2672 0
2673 0
2675 0
2679 0
2680 0
2684 0
2685 0
2689 0
2692 0
2694 0
2700 0
2703 0
2705 0
2708 0
2711 0
2714 0
2716 0
2717 0
2718 0
2719 0
2720 0
2722 0
2726 0
2727 0
2729 0
2730 0
2733 0
2735 0
2737 0
2739 0
2741 0
2742 0
2744 0
2746 0
2749 0
2751 0
2754 0
2755 0
2756 0
2757 0
2758 0
2762 0
2767 0
2768 0
2769 0
2770 0
2777 0
2779 0
2780 0
2781 0
2790 0
2791 0
2793 0
2794 0
2795 0
2797 0
2799 0
2800 0
2802 0
2806 0
2807 0
2808 0
2815 0
2816 0
2819 0
2823 0
2828 0
2829 0
2830 0
2831 0
2836 0
2839 0
2842 0
2843 0
2846 0
2847 0
2849 0
2850 0
2854 0
2855 0
2857 0
2860 0
2862 0
2863 0
2864 0
2865 0
2866 0
2867 0
2868 0
2870 0
2874 0
2875 0
2876 0
2878 0
2880 0
2887 0
2889 0
2890 0
2891 0
2894 0
2895 0
2896 0
2899 0
2904 0
2906 0
2908 0
2909 0
2912 0
2914 0
2916 0
2917 0
2918 0
2919 0
2920 0
2921 0
2922 0
2923 0
2924 0
2925 0
2927 0
2929 0
2930 0
2931 0
2932 0
2939 0
2940 0
2944 0
2945 0
2947 0
2950 0
2951 0
2953 0
2955 0
2957 0
2960 0
2961 0
2963 0
2966 0
2969 0
2970 0
2973 0
2974 0
2977 0
2978 0
2981 0
2982 0
2985 0
2986 0
2987 0
2988 0
2990 0
2991 0
2994 0
2995 0
2996 0
2998 0
3000 0
3004 0
3006 0
3012 0
3015 0
3018 0
3023 0
3024 0
3025 0
3026 0
3027 0
3029 0
3030 0
3031 0
3033 0
3036 0
3040 0
3043 0
3044 0
3046 0
3048 0
3049 0
3050 0
3053 0
3056 0
3061 0
3065 0
3067 0
3068 0
3069 0
3070 0
3071 0
3072 0
3073 0
3076 0
3080 0
3081 0
3082 0
3085 0
3088 0
3089 0
3090 0
3092 0
3096 0
3098 0
3102 0
3106 0
3108 0
3109 0
3112 0
3114 0
3116 0
3117 0
3120 0
3123 0
3125 0
3129 0
3132 0
3133 0
3134 0
3135 0
3137 0
3142 0
3145 0
3146 0
3148 0
3150 0
3153 0
3154 0
3163 0
3167 0
3169 0
3172 0
3174 0
3175 0
3176 0
3182 0
3183 0
3184 0
3185 0
3187 0
3189 0
3192 0
3193 0
3194 0
3195 0
3196 0
3197 0
3200 0
3202 0
3204 0
3206 0
3207 0
3209 0
3210 0
3212 0
3213 0
3215 0
3217 0
3219 0
3220 0
3223 0
3224 0
3225 0
3226 0
3228 0
3230 0
3232 0
3234 0
3235 0
3239 0
3240 0
3242 0
3243 0
3247 0
3252 0
3253 0
3254 0
3256 0
3257 0
3259 0
3260 0
3261 0
3266 0
3267 0
3272 0
3277 0
3279 0
3280 0
3281 0
3282 0
3284 0
3285 0
3287 0
3294 0
3298 0
3299 0
3301 0
3306 0
3308 0
3312 0
3321 0
3322 0
3323 0
3329 0
3333 0
3334 0
3335 0
3337 0
3339 0
3342 0
3345 0
3347 0
3348 0
3349 0
3350 0
3351 0
3356 0
3357 0
3362 0
3363 0
3365 0
3369 0
3373 0
3378 0
3379 0
3380 0
3381 0
3390 0
3392 0
3393 0
3397 0
3398 0
3403 0
3408 0
3411 0
3414 0
3415 0
3417 0
3421 0
3422 0
3424 0
3425 0
3427 0
3428 0
3429 0
3431 0
3433 0
3434 0
3435 0
3436 0
2003 0
2185 0
2325 0
2330 0
1917 0
1918 0
1921 0
1923 0
1925 0
1927 0
1929 0
1930 0
1931 0
1934 0
1935 0
1936 0
1938 0
1946 0
1949 0
1950 0
1952 0
1953 0
1957 0
1958 0
1962 0
1963 0
1964 0
1965 0
1966 0
1968 0
1969 0
1970 0
1971 0
1977 0
1978 0
1979 0
1980 0
1981 0
1983 0
1984 0
1985 0
1986 0
1988 0
1989 0
1992 0
1993 0
1997 0
2005 0
2012 0
2013 0
2020 0
2021 0
2022 0
2025 0
2029 0
2030 0
2033 0
2037 0
2040 0
2043 0
2044 0
2045 0
2046 0
2048 0
2049 0
2050 0
2055 0
2057 0
2058 0
2059 0
2061 0
2063 0
2064 0
2066 0
2069 0
2070 0
2073 0
2074 0
2075 0
2077 0
2078 0
2079 0
2080 0
2084 0
2085 0
2086 0
2088 0
2090 0
2091 0
2092 0
2093 0
2095 0
2096 0
2098 0
2099 0
2103 0
2105 0
2107 0
2108 0
2112 0
2119 0
2120 0
2121 0
2122 0
2123 0
2124 0
2130 0
2131 0
2136 0
2139 0
2140 0
2141 0
2142 0
2145 0
2147 0
2150 0
2152 0
2154 0
2158 0
2159 0
2160 0
2161 0
2164 0
2165 0
2166 0
2172 0
2173 0
2175 0
2177 0
2179 0
2182 0
2184 0
2188 0
2190 0
2192 0
2195 0
2200 0
2201 0
2202 0
2204 0
2205 0
2208 0
2209 0
2210 0
2212 0
2213 0
2214 0
2220 0
2221 0
2222 0
2226 0
2229 0
2230 0
2232 0
2233 0
2234 0
2235 0
2236 0
2237 0
2240 0
2242 0
2243 0
2244 0
2249 0
2253 0
2257 0
2258 0
2259 0
2260 0
2261 0
2269 0
2272 0
2274 0
2275 0
2280 0
2287 0
2288 0
2290 0
2291 0
2296 0
2297 0
2300 0
2303 0
2304 0
2305 0
2306 0
2307 0
2308 0
2309 0
2311 0
2312 0
2314 0
2318 0
2322 0
2324 0
2326 0
2329 0
2331 0
2339 0
2340 0
2346 0
2348 0
2350 0
2352 0
2353 0
2354 0
2356 0
2357 0
2359 0
2361 0
2362 0
2363 0
2366 0
2367 0
2370 0
2371 0
2374 0
2376 0
2380 0
2381 0
2382 0
2383 0
2386 0
2387 0
2390 0
2391 0
2392 0
2393 0
2396 0
2400 0
2402 0
2404 0
2408 0
2409 0
2410 0
2411 0
2414 0
2415 0
2418 0
2423 0
2425 0
2428 0
2429 0
2430 0
2433 0
2434 0
2435 0
2438 0
2442 0
2443 0
2446 0
2449 0
2450 0
2452 0
2454 0
2457 0
2460 0
2462 0
2464 0
2467 0
2469 0
2470 0
2473 0
2476 0
2477 0
2478 0
2479 0
2482 0
2484 0
2485 0
2489 0
2492 0
2493 0
2495 0
2499 0
2500 0
2503 0
2504 0
2506 0
2507 0
2513 0
2517 0
2518 0
2520 0
2521 0
2522 0
2524 0
2526 0
2528 0
2531 0
2532 0
2534 0
2536 0
2537 0
2539 0
2540 0
2546 0
2548 0
2549 0
2551 0
2552 0
2553 0
2554 0
2556 0
2559 0
2560 0
2561 0
2562 0
2564 0
2566 0
2568 0
2569 0
2570 0
2572 0
2573 0
2575 0
2577 0
2579 0
2580 0
2585 0
2586 0
2587 0
2590 0
2591 0
2593 0
2596 0
2599 0
2601 0
2603 0
2604 0
2606 0
2607 0
2613 0
2614 0
2615 0
2619 0
2620 0
2623 0
2624 0
2625 0
2627 0
2630 0
2631 0
2638 0
2639 0
2648 0
2651 0
2652 0
2654 0
2655 0
2656 0
2657 0
2658 0
3443 0
3445 0
3449 0
3450 0
3451 0
3452 0
3453 0
3455 0
3457 0
3462 0
3463 0
3465 0
3469 0
3471 0
3472 0
3475 0
3478 0
3479 0
3482 0
3484 0
3485 0
3486 0
3488 0
3491 0
3494 0
3497 0
3500 0
3503 0
3505 0
3506 0
3520 0
3521 0
3527 0
3533 0
3534 0
3542 0
3543 0
3547 0
3549 0
3553 0
3559 0
3564 0
3568 0
3570 0
3572 0
3574 0
3576 0
3578 0
3579 0
3581 0
3582 0
3584 0
3596 0
3597 0
3598 0
3607 0
3611 0
3615 0
3619 0
3625 0
3627 0
3629 0
3630 0
3631 0
3634 0
3635 0
3636 0
3639 0
3642 0
3644 0
3646 0
3650 0
3656 0
3658 0
3667 0
3668 0
3673 0
3682 0
3683 0
3685 0
3686 0
3687 0
3688 0
3690 0
3703 0
3707 0
3709 0
3711 0
3713 0
3714 0
3726 0
3728 0
3729 0
3735 0
3737 0
3740 0
3743 0
3748 0
3754 0
3755 0
3760 0
3761 0
3762 0
3765 0
3770 0
3778 0
3781 0
3782 0
3783 0
3784 0
3785 0
3791 0
3792 0
3793 0
3795 0
3796 0
3798 0
3802 0
3803 0
3804 0
3805 0
3808 0
3811 0
3812 0
3815 0
3818 0
3820 0
3821 0
3822 0
3828 0
3832 0
3834 0
3838 0
3840 0
3841 0
3843 0
3845 0
3852 0
3853 0
3854 0
3856 0
3857 0
3865 0
3874 0
3876 0
3878 0
3879 0
3881 0
3882 0
3884 0
3889 0
3901 0
3902 0
3903 0
3916 0
3923 0
3924 0
3926 0
3928 0
3930 0
3932 0
3934 0
3935 0
3937 0
3941 0
3942 0
3951 0
3955 0
3958 0
3959 0
3965 0
3966 0
3967 0
3972 0
3973 0
3974 0
3975 0
3977 0
3978 0
3981 0
3984 0
3986 0
3995 0
4005 0
4008 0
4010 0
4015 0
4021 0
4022 0
4024 0
4034 0
4038 0
