179 0.10416666666666667
1046 0.07860262008733625
581 0.06904231625835189
3980 0.06741573033707865
3407 0.06637168141592921
81 0.06542056074766354
4007 0.06481481481481481
4001 0.06359649122807018
49 0.06290672451193059
42 0.06157635467980296
192 0.06136363636363636
855 0.059496567505720827
3987 0.05897435897435897
145 0.05825242718446602
4025 0.057692307692307696
182 0.057649667405764965
1586 0.05623471882640587
1224 0.056179775280898875
244 0.05581395348837209
1202 0.05502392344497608
2691 0.05491990846681922
230 0.054245283018867926
698 0.05393258426966292
411 0.05230125523012552
757 0.05200945626477541
3990 0.05172413793103448
453 0.051643192488262914
1208 0.05152224824355972
871 0.05088495575221239
3746 0.05084745762711865
1240 0.05032822757111598
1776 0.0498812351543943
3268 0.04976303317535545
3037 0.04950495049504951
4004 0.049281314168377825
233 0.04871794871794872
2792 0.04866180048661801
33 0.04783599088838269
328 0.0472636815920398
3127 0.04716981132075472
0 0.04700854700854701
2437 0.0467706013363029
4012 0.04668304668304668
1890 0.046228710462287104
377 0.04597701149425287
282 0.04589371980676329
3954 0.045454545454545456
301 0.04523809523809524
1002 0.045146726862302484
157 0.04513064133016627
858 0.044967880085653104
259 0.04481132075471698
1105 0.04477611940298507
2483 0.0447427293064877
4029 0.04461942257217848
3606 0.04408352668213457
852 0.04390243902439024
2421 0.043859649122807015
2168 0.043689320388349516
1071 0.043478260869565216
3789 0.04326923076923077
3849 0.04318181818181818
89 0.042505592841163314
3887 0.042505592841163314
90 0.04245283018867924
3638 0.042352941176470586
3999 0.042222222222222223
894 0.04212860310421286
642 0.0420353982300885
884 0.04195804195804196
4017 0.04194260485651214
532 0.04176334106728538
2732 0.041666666666666664
4027 0.04156479217603912
256 0.04092071611253197
3742 0.04071246819338423
58 0.040632054176072234
3720 0.0405982905982906
468 0.04
833 0.03966597077244259
2595 0.03941908713692946
3846 0.03925619834710744
383 0.0392156862745098
3439 0.0392156862745098
776 0.03917050691244239
356 0.039119804400977995
3998 0.039119804400977995
193 0.03909465020576132
174 0.03881278538812785
3180 0.03864734299516908
2535 0.038636363636363635
147 0.03854875283446712
2301 0.03854875283446712
2281 0.038202247191011236
1177 0.03803131991051454
4020 0.0379746835443038
2774 0.037914691943127965
286 0.03768844221105527
3989 0.03764705882352941
8 0.03759398496240601
4016 0.03753351206434316
3751 0.037296037296037296
3251 0.03722084367245657
255 0.037209302325581395
110 0.037037037037037035
228 0.03695150115473441
3147 0.03667481662591687
112 0.036585365853658534
2902 0.036585365853658534
19 0.03644646924829157
3923 0.03640776699029126
1956 0.03636363636363636
822 0.036170212765957444
870 0.036057692307692304
686 0.03588516746411483
867 0.03588516746411483
3536 0.03588516746411483
464 0.035545023696682464
3538 0.035545023696682464
3799 0.03553299492385787
2034 0.035398230088495575
3546 0.035398230088495575
1027 0.03537735849056604
171 0.03529411764705882
881 0.03526448362720403
4030 0.035175879396984924
143 0.0351288056206089
3624 0.0350109409190372
23 0.03480278422273782
3181 0.03480278422273782
866 0.034782608695652174
885 0.034666666666666665
154 0.034653465346534656
717 0.034482758620689655
3271 0.034334763948497854
437 0.03398058252427184
4031 0.03398058252427184
219 0.033816425120772944
904 0.033707865168539325
3055 0.033632286995515695
91 0.03355704697986577
2930 0.03333333333333333
3489 0.03333333333333333
895 0.033112582781456956
273 0.03294117647058824
3949 0.03291139240506329
899 0.03278688524590164
3091 0.032719836400818
95 0.032663316582914576
3669 0.03263403263403263
3565 0.0325
3885 0.0325
364 0.03248259860788863
2926 0.032407407407407406
205 0.032388663967611336
2817 0.03225806451612903
6 0.032036613272311214
3105 0.032036613272311214
198 0.03160270880361174
195 0.03155339805825243
888 0.03138075313807531
327 0.03125
3121 0.031042128603104215
3801 0.030991735537190084
4028 0.030837004405286344
2094 0.03076923076923077
351 0.030660377358490566
173 0.030634573304157548
3897 0.03036876355748373
2949 0.030303030303030304
552 0.03023758099352052
3652 0.03009259259259259
3996 0.03002309468822171
2527 0.03
3660 0.029978586723768737
243 0.029953917050691243
260 0.029953917050691243
310 0.029953917050691243
3847 0.029953917050691243
3864 0.029953917050691243
3975 0.029850746268656716
100 0.02981651376146789
3892 0.02981651376146789
3003 0.02977667493796526
264 0.029748283752860413
4009 0.02968036529680365
312 0.02962962962962963
175 0.029545454545454545
401 0.029545454545454545
399 0.029411764705882353
1030 0.029345372460496615
804 0.029288702928870293
1194 0.02927927927927928
857 0.02927927927927928
872 0.02927927927927928
861 0.029213483146067417
346 0.02914798206278027
816 0.02912621359223301
283 0.028953229398663696
386 0.02891566265060241
749 0.028846153846153848
3745 0.028846153846153848
3354 0.028720626631853787
3533 0.028708133971291867
3613 0.028634361233480177
124 0.02857142857142857
227 0.02857142857142857
3216 0.02850877192982456
1499 0.028503562945368172
1253 0.02849740932642487
3269 0.02849740932642487
225 0.028446389496717725
3905 0.028368794326241134
4026 0.028205128205128206
2799 0.02813852813852814
3504 0.028132992327365727
3993 0.02810304449648712
864 0.028037383177570093
3401 0.028037383177570093
3863 0.027777777777777776
2776 0.02771362586605081
3781 0.02771362586605081
850 0.027707808564231738
3626 0.027707808564231738
3490 0.027649769585253458
3787 0.027586206896551724
3200 0.027522935779816515
241 0.02745995423340961
3131 0.02743142144638404
2558 0.0273972602739726
3875 0.02736318407960199
137 0.02733485193621868
3695 0.02733485193621868
454 0.02729528535980149
3921 0.02727272727272727
3372 0.027210884353741496
181 0.027160493827160494
3994 0.027160493827160494
190 0.027149321266968326
3155 0.027093596059113302
3733 0.02696629213483146
1996 0.02696078431372549
1057 0.02689486552567237
476 0.02689486552567237
3723 0.026845637583892617
3443 0.026845637583892617
3560 0.026845637583892617
825 0.026829268292682926
47 0.0267639902676399
4033 0.0267639902676399
768 0.02669902912621359
572 0.026570048309178744
52 0.02650602409638554
3816 0.026442307692307692
3661 0.02643171806167401
3338 0.026378896882494004
874 0.02631578947368421
2889 0.026200873362445413
3544 0.026200873362445413
3904 0.026200873362445413
3 0.026128266033254157
910 0.02608695652173913
1248 0.026066350710900472
1889 0.026066350710900472
832 0.02591792656587473
111 0.02586206896551724
2885 0.02576112412177986
1043 0.02576112412177986
873 0.02576112412177986
876 0.02576112412177986
247 0.02575107296137339
3539 0.02575107296137339
77 0.02570093457943925
2693 0.02570093457943925
3053 0.02564102564102564
2838 0.0255863539445629
3985 0.0255863539445629
3583 0.02558139534883721
3122 0.02544529262086514
262 0.025404157043879907
2113 0.025404157043879907
3551 0.025404157043879907
3682 0.025404157043879907
2922 0.025380710659898477
786 0.02534562211981567
2884 0.02534562211981567
217 0.02531645569620253
253 0.02531645569620253
501 0.02522935779816514
349 0.025210084033613446
2528 0.02518891687657431
1664 0.02512562814070352
3227 0.02512562814070352
856 0.02511415525114155
214 0.02506265664160401
739 0.025
2791 0.02494802494802495
1150 0.024943310657596373
3487 0.024896265560165973
3425 0.024830699774266364
3676 0.024830699774266364
1627 0.024752475247524754
2805 0.024719101123595506
3523 0.024608501118568233
3992 0.024608501118568233
3548 0.024553571428571428
441 0.02444987775061125
681 0.02444987775061125
78 0.024390243902439025
1860 0.024336283185840708
218 0.024282560706401765
3991 0.024213075060532687
2837 0.024175824175824177
4002 0.024175824175824177
3028 0.024154589371980676
2313 0.02412280701754386
887 0.024096385542168676
76 0.02403846153846154
3647 0.02403846153846154
3074 0.023980815347721823
99 0.023965141612200435
3727 0.023936170212765957
3218 0.023923444976076555
3939 0.02386634844868735
3336 0.02386117136659436
71 0.023809523809523808
2858 0.023752969121140142
2886 0.023752969121140142
2455 0.023746701846965697
155 0.023622047244094488
29 0.02358490566037736
467 0.02358490566037736
2456 0.02358490566037736
167 0.023529411764705882
2217 0.023529411764705882
3739 0.023454157782515993
3592 0.02336448598130841
2439 0.023316062176165803
1974 0.023310023310023312
3827 0.023310023310023312
2565 0.023255813953488372
132 0.02320185614849188
2997 0.02320185614849188
204 0.023195876288659795
534 0.023157894736842106
3868 0.023157894736842106
785 0.023094688221709007
3813 0.023094688221709007
3932 0.023094688221709007
3632 0.023076923076923078
443 0.02304147465437788
2207 0.02304147465437788
729 0.023017902813299233
689 0.02295918367346939
3516 0.022935779816513763
3982 0.022900763358778626
3986 0.02288329519450801
2263 0.02284263959390863
1566 0.0228310502283105
728 0.022779043280182234
2076 0.022779043280182234
3664 0.022779043280182234
679 0.022774327122153208
782 0.022727272727272728
2699 0.022727272727272728
3128 0.022727272727272728
3266 0.022727272727272728
414 0.022675736961451247
201 0.02247191011235955
1045 0.02247191011235955
4000 0.022443890274314215
180 0.02242152466367713
878 0.02242152466367713
3295 0.02242152466367713
3911 0.02237136465324385
275 0.022332506203473945
427 0.022332506203473945
278 0.022321428571428572
3447 0.022271714922048998
3612 0.022271714922048998
2321 0.022222222222222223
2106 0.022167487684729065
319 0.02207505518763797
682 0.022058823529411766
2788 0.022058823529411766
3549 0.022058823529411766
3616 0.022058823529411766
152 0.022026431718061675
200 0.022026431718061675
3290 0.022026431718061675
343 0.022004889975550123
3139 0.02197802197802198
3428 0.021929824561403508
2286 0.021929824561403508
480 0.021897810218978103
3836 0.02188183807439825
2651 0.021791767554479417
3920 0.021791767554479417
3537 0.02178649237472767
3649 0.021739130434782608
3446 0.021691973969631236
1546 0.021686746987951807
7 0.02159827213822894
2879 0.02159827213822894
2487 0.021551724137931036
97 0.0215311004784689
226 0.0215311004784689
525 0.0215311004784689
3708 0.021479713603818614
3874 0.021479713603818614
2178 0.02142857142857143
4005 0.02142857142857143
3901 0.021413276231263382
909 0.021377672209026127
598 0.02132701421800948
3241 0.02132701421800948
84 0.02127659574468085
3325 0.02127659574468085
3502 0.02127659574468085
3782 0.0211864406779661
893 0.02112676056338028
3950 0.02112676056338028
3981 0.02112676056338028
108 0.021108179419525065
211 0.02107728337236534
3008 0.02107728337236534
2017 0.02102803738317757
3716 0.02102803738317757
1064 0.02099737532808399
3141 0.02097902097902098
3759 0.02097902097902098
4 0.020930232558139535
1654 0.020930232558139535
1865 0.020930232558139535
2431 0.020887728459530026
695 0.02088167053364269
3587 0.02088167053364269
3402 0.020833333333333332
2448 0.020833333333333332
2453 0.020785219399538105
3464 0.020785219399538105
3844 0.020785219399538105
3621 0.02077922077922078
115 0.020737327188940093
3636 0.020737327188940093
4021 0.020737327188940093
736 0.02072538860103627
32 0.020689655172413793
3374 0.020689655172413793
1468 0.020618556701030927
3480 0.02056555269922879
333 0.02054794520547945
1977 0.02050113895216401
3637 0.020460358056265986
2972 0.020454545454545454
3806 0.020454545454545454
912 0.02040816326530612
955 0.02040816326530612
472 0.020361990950226245
2808 0.020356234096692113
197 0.020224719101123594
4023 0.020224719101123594
429 0.020202020202020204
73 0.02012072434607646
3917 0.020100502512562814
616 0.020089285714285716
3474 0.020089285714285716
3662 0.020050125313283207
2481 0.0200445434298441
3925 0.0200445434298441
4018 0.0200445434298441
961 0.019955654101995565
3427 0.019955654101995565
775 0.0199501246882793
3508 0.0199501246882793
269 0.01991150442477876
347 0.01990049751243781
1838 0.01990049751243781
688 0.019851116625310174
732 0.019801980198019802
1197 0.01978021978021978
3376 0.01978021978021978
3470 0.019753086419753086
3593 0.019753086419753086
31 0.019736842105263157
784 0.019736842105263157
2152 0.019693654266958426
281 0.019656019656019656
1676 0.019656019656019656
3861 0.0196078431372549
3814 0.0196078431372549
1136 0.01956521739130435
3530 0.01956521739130435
64 0.01951219512195122
3768 0.01951219512195122
1053 0.019464720194647202
577 0.019464720194647202
3061 0.019464720194647202
4037 0.019464720194647202
384 0.019438444924406047
1642 0.019417475728155338
3707 0.01939655172413793
992 0.01935483870967742
1171 0.01935483870967742
703 0.01932367149758454
3562 0.01927710843373494
131 0.019271948608137045
2204 0.019271948608137045
908 0.019230769230769232
88 0.019189765458422176
3851 0.019184652278177457
3725 0.019184652278177457
1050 0.019138755980861243
2444 0.019138755980861243
3519 0.019138755980861243
3679 0.019138755980861243
20 0.01909307875894988
61 0.01909307875894988
798 0.01909307875894988
3749 0.019067796610169493
2091 0.01904761904761905
3478 0.01904761904761905
3437 0.019002375296912115
2861 0.019002375296912115
3659 0.019002375296912115
702 0.018957345971563982
2170 0.018957345971563982
3481 0.018957345971563982
3971 0.018912529550827423
3328 0.018907563025210083
2486 0.018867924528301886
1168 0.01882845188284519
719 0.01875
3610 0.018711018711018712
3918 0.018691588785046728
2382 0.018648018648018648
3628 0.018648018648018648
1264 0.018633540372670808
2818 0.018604651162790697
612 0.018561484918793503
3479 0.018561484918793503
3946 0.018561484918793503
120 0.018518518518518517
1650 0.018518518518518517
3803 0.018518518518518517
3580 0.018480492813141684
3283 0.018475750577367205
3792 0.018475750577367205
649 0.018433179723502304
1788 0.018433179723502304
2975 0.018404907975460124
2671 0.01839080459770115
3322 0.01839080459770115
380 0.018367346938775512
956 0.018306636155606407
1529 0.0182648401826484
1657 0.0182648401826484
3840 0.0182648401826484
1759 0.018255578093306288
2824 0.018223234624145785
133 0.01818181818181818
1803 0.01818181818181818
3066 0.018140589569160998
939 0.01809954751131222
720 0.01809954751131222
2450 0.01809954751131222
3522 0.01809954751131222
140 0.01805869074492099
1138 0.01805869074492099
2503 0.01805869074492099
1787 0.018018018018018018
2983 0.018018018018018018
2441 0.018018018018018018
4014 0.018018018018018018
266 0.017994858611825194
3318 0.017977528089887642
564 0.017948717948717947
3867 0.017948717948717947
1070 0.017937219730941704
1154 0.017937219730941704
3361 0.017937219730941704
3045 0.017937219730941704
2245 0.017937219730941704
1218 0.017902813299232736
101 0.017897091722595078
284 0.017897091722595078
1797 0.017857142857142856
2834 0.017857142857142856
767 0.017817371937639197
3541 0.017811704834605598
1073 0.017777777777777778
1111 0.017777777777777778
2015 0.017777777777777778
3531 0.017777777777777778
4019 0.017777777777777778
3933 0.017738359201773836
202 0.017721518987341773
1337 0.017699115044247787
1441 0.017699115044247787
1760 0.017699115044247787
3476 0.017699115044247787
622 0.017660044150110375
2080 0.01762114537444934
2265 0.01762114537444934
3744 0.01762114537444934
1098 0.017587939698492462
3997 0.017587939698492462
2650 0.017582417582417582
1640 0.017543859649122806
499 0.017543859649122806
139 0.0175054704595186
1905 0.0175054704595186
3455 0.0175
2875 0.017429193899782137
85 0.017412935323383085
3622 0.017369727047146403
3880 0.017369727047146403
3963 0.017369727047146403
1924 0.01735357917570499
3556 0.017326732673267328
3691 0.017316017316017316
1270 0.01728395061728395
1739 0.01728395061728395
1825 0.01728395061728395
584 0.01728395061728395
868 0.017278617710583154
2771 0.017278617710583154
3463 0.017278617710583154
321 0.017241379310344827
1670 0.017241379310344827
519 0.017241379310344827
557 0.017241379310344827
1088 0.017204301075268817
237 0.01715686274509804
3153 0.017130620985010708
2277 0.017130620985010708
3229 0.017114914425427872
3791 0.017114914425427872
779 0.017094017094017096
3588 0.01707317073170732
93 0.0170316301703163
177 0.0170316301703163
2157 0.0170316301703163
3775 0.01702127659574468
3059 0.01699029126213592
3205 0.01694915254237288
2366 0.01694915254237288
4032 0.01694915254237288
827 0.016908212560386472
2702 0.016908212560386472
2 0.016867469879518072
4011 0.016867469879518072
707 0.016867469879518072
806 0.016867469879518072
869 0.016867469879518072
3908 0.016867469879518072
477 0.016826923076923076
2933 0.016826923076923076
3231 0.016786570743405275
3717 0.016786570743405275
3221 0.016706443914081145
68 0.016701461377870562
46 0.016666666666666666
263 0.016666666666666666
631 0.016666666666666666
1937 0.016666666666666666
457 0.0166270783847981
3420 0.0166270783847981
166 0.016587677725118485
1785 0.016587677725118485
3444 0.016587677725118485
3696 0.016587677725118485
2677 0.016548463356973995
2692 0.01650943396226415
3151 0.01650943396226415
3663 0.01650943396226415
3769 0.01650943396226415
886 0.01647058823529412
3327 0.01647058823529412
1450 0.01643192488262911
2959 0.01643192488262911
3564 0.01643192488262911
3732 0.01642710472279261
307 0.01639344262295082
3665 0.01639344262295082
3848 0.01639344262295082
531 0.016359918200409
151 0.016355140186915886
498 0.016355140186915886
3702 0.016355140186915886
3655 0.016317016317016316
3957 0.016317016317016316
3498 0.01627906976744186
617 0.016241299303944315
3735 0.016241299303944315
3812 0.016241299303944315
1301 0.016203703703703703
148 0.016166281755196306
2358 0.016166281755196306
2405 0.016166281755196306
1213 0.016129032258064516
379 0.016129032258064516
2403 0.016129032258064516
3894 0.016129032258064516
3763 0.016091954022988506
1684 0.016055045871559634
2700 0.016018306636155607
1711 0.016
3083 0.016
1023 0.01598173515981735
2622 0.015957446808510637
3050 0.015915119363395226
1368 0.015873015873015872
722 0.015873015873015872
3672 0.015873015873015872
3845 0.01583710407239819
146 0.01580135440180587
1254 0.01580135440180587
183 0.015765765765765764
595 0.015765765765765764
727 0.015765765765765764
799 0.015765765765765764
3831 0.015765765765765764
1478 0.015730337078651686
504 0.015730337078651686
805 0.015730337078651686
102 0.01569506726457399
2105 0.01569506726457399
3711 0.01569506726457399
508 0.015659955257270694
788 0.015659955257270694
2789 0.015659955257270694
3639 0.015625
3968 0.015625
51 0.015590200445434299
3770 0.015590200445434299
733 0.015555555555555555
3988 0.015555555555555555
2685 0.015544041450777202
2634 0.015544041450777202
596 0.015521064301552107
1818 0.015521064301552107
1854 0.015521064301552107
3477 0.015503875968992248
829 0.015486725663716814
666 0.015463917525773196
2813 0.015463917525773196
1356 0.015418502202643172
1719 0.015418502202643172
3635 0.015384615384615385
3825 0.015384615384615385
3888 0.015384615384615385
249 0.015350877192982455
639 0.015350877192982455
3224 0.015350877192982455
187 0.015317286652078774
843 0.015317286652078774
3314 0.015317286652078774
3995 0.015306122448979591
3388 0.015283842794759825
1992 0.015283842794759825
117 0.015250544662309368
2750 0.015250544662309368
712 0.015228426395939087
599 0.015217391304347827
17 0.015189873417721518
3514 0.015151515151515152
216 0.01511879049676026
3645 0.015113350125944584
677 0.01507537688442211
3308 0.015053763440860216
3511 0.015053763440860216
3553 0.015053763440860216
1472 0.015021459227467811
520 0.015021459227467811
2667 0.015021459227467811
2129 0.015
1901 0.014989293361884369
3956 0.014989293361884369
107 0.014962593516209476
670 0.014962593516209476
691 0.014962593516209476
1808 0.014957264957264958
724 0.014957264957264958
1802 0.014925373134328358
3960 0.014925373134328358
1266 0.014893617021276596
28 0.01488833746898263
1477 0.01488833746898263
3940 0.01488833746898263
2050 0.01485148514851485
2314 0.01485148514851485
3700 0.01485148514851485
3148 0.014814814814814815
4006 0.014814814814814815
931 0.014778325123152709
486 0.014778325123152709
3961 0.014778325123152709
653 0.014742014742014743
890 0.014742014742014743
3979 0.014742014742014743
424 0.014705882352941176
257 0.014669926650366748
1360 0.014669926650366748
3699 0.014669926650366748
3882 0.014613778705636743
2357 0.014598540145985401
807 0.014563106796116505
3671 0.014563106796116505
605 0.014527845036319613
2904 0.014527845036319613
3871 0.014527845036319613
704 0.014522821576763486
533 0.014492753623188406
2962 0.014492753623188406
3559 0.014457831325301205
600 0.014423076923076924
2146 0.014423076923076924
87 0.014388489208633094
188 0.014388489208633094
740 0.014388489208633094
769 0.014388489208633094
1912 0.014354066985645933
2120 0.014319809069212411
3441 0.014319809069212411
746 0.014285714285714285
793 0.014285714285714285
841 0.014285714285714285
3629 0.014285714285714285
3810 0.014285714285714285
3413 0.014256619144602852
958 0.014251781472684086
2729 0.014251781472684086
2784 0.014251781472684086
2422 0.014251781472684086
3852 0.014251781472684086
342 0.014218009478672985
350 0.014218009478672985
714 0.014218009478672985
3821 0.014218009478672985
3157 0.014204545454545454
771 0.014184397163120567
3595 0.01417004048582996
1216 0.01411764705882353
790 0.01411764705882353
3507 0.01411764705882353
3088 0.014084507042253521
2008 0.014084507042253521
3817 0.014084507042253521
3902 0.014084507042253521
309 0.014018691588785047
734 0.014018691588785047
3916 0.014018691588785047
313 0.013986013986013986
905 0.013986013986013986
1179 0.013986013986013986
2968 0.013986013986013986
3520 0.013986013986013986
3571 0.013986013986013986
96 0.013953488372093023
1343 0.013953488372093023
685 0.013953488372093023
178 0.013921113689095127
1453 0.013921113689095127
589 0.013921113689095127
2412 0.013921113689095127
296 0.013888888888888888
369 0.013888888888888888
406 0.013888888888888888
791 0.013888888888888888
2823 0.013888888888888888
3743 0.013888888888888888
3561 0.013856812933025405
2587 0.013856812933025405
4036 0.013856812933025405
3694 0.013824884792626729
1358 0.013793103448275862
632 0.013793103448275862
3513 0.013793103448275862
659 0.013761467889908258
2841 0.013761467889908258
3771 0.013761467889908258
3809 0.013761467889908258
135 0.0137524557956778
13 0.013729977116704805
25 0.013729977116704805
1055 0.013729977116704805
1541 0.013729977116704805
1660 0.013729977116704805
848 0.013729977116704805
2035 0.013729977116704805
1585 0.0136986301369863
1687 0.0136986301369863
334 0.01366742596810934
923 0.01366742596810934
289 0.013636363636363636
743 0.013636363636363636
1933 0.013623978201634877
196 0.013605442176870748
220 0.013605442176870748
1062 0.013605442176870748
680 0.013605442176870748
2670 0.013605442176870748
3309 0.013605442176870748
381 0.013574660633484163
3494 0.013574660633484163
3909 0.013574660633484163
518 0.013544018058690745
2803 0.013544018058690745
2819 0.013544018058690745
2982 0.013544018058690745
3431 0.013544018058690745
485 0.013513513513513514
3776 0.013513513513513514
3967 0.013513513513513514
86 0.01348314606741573
129 0.01348314606741573
974 0.01348314606741573
635 0.01348314606741573
882 0.01348314606741573
2790 0.013452914798206279
3311 0.013452914798206279
3566 0.013452914798206279
1259 0.013422818791946308
505 0.013422818791946308
3495 0.013422818791946308
3924 0.013422818791946308
373 0.013404825737265416
184 0.013392857142857142
636 0.013392857142857142
3466 0.013392857142857142
50 0.013363028953229399
470 0.013363028953229399
3365 0.013363028953229399
92 0.013333333333333334
339 0.013333333333333334
1562 0.013333333333333334
2847 0.013333333333333334
3941 0.013333333333333334
3486 0.013303769401330377
3698 0.013303769401330377
306 0.01327433628318584
1162 0.01327433628318584
628 0.013245033112582781
2865 0.013245033112582781
348 0.013227513227513227
3648 0.013215859030837005
3965 0.013215859030837005
3506 0.013192612137203167
1831 0.013186813186813187
818 0.013186813186813187
2898 0.013186813186813187
3617 0.013186813186813187
1005 0.013157894736842105
3721 0.013157894736842105
314 0.01312910284463895
1157 0.01312910284463895
1593 0.01312910284463895
3777 0.01312910284463895
877 0.013123359580052493
1442 0.013100436681222707
3673 0.013071895424836602
1817 0.013020833333333334
3242 0.013020833333333334
116 0.012987012987012988
150 0.012987012987012988
1133 0.012987012987012988
747 0.012987012987012988
2867 0.012958963282937365
1896 0.012953367875647668
2342 0.012953367875647668
1672 0.012919896640826873
170 0.01288659793814433
344 0.01288659793814433
3829 0.01288659793814433
3030 0.012875536480686695
1325 0.012853470437017995
1349 0.01284796573875803
539 0.01284796573875803
837 0.01284796573875803
3473 0.01284796573875803
578 0.01282051282051282
2934 0.01282051282051282
2089 0.01282051282051282
3914 0.01279317697228145
2848 0.01276595744680851
1311 0.012755102040816327
615 0.01272264631043257
3042 0.01272264631043257
811 0.012711864406779662
1693 0.012690355329949238
2517 0.012690355329949238
56 0.012684989429175475
1273 0.012684989429175475
238 0.012658227848101266
2718 0.012658227848101266
914 0.012626262626262626
839 0.012626262626262626
3657 0.012626262626262626
3701 0.012626262626262626
3822 0.012626262626262626
3187 0.012578616352201259
3143 0.01256281407035176
3866 0.01256281407035176
299 0.012552301255230125
1347 0.012531328320802004
2938 0.012531328320802004
1476 0.0125
1574 0.0125
618 0.0125
3196 0.0125
236 0.012468827930174564
1479 0.012468827930174564
308 0.012448132780082987
625 0.012437810945273632
3756 0.012437810945273632
2577 0.012437810945273632
3458 0.012437810945273632
490 0.01240694789081886
889 0.01240694789081886
59 0.012376237623762377
410 0.012376237623762377
3859 0.012376237623762377
1127 0.012371134020618556
535 0.012345679012345678
985 0.012320328542094456
1203 0.012315270935960592
1392 0.012315270935960592
3872 0.012315270935960592
3830 0.012315270935960592
3382 0.012315270935960592
2721 0.012295081967213115
130 0.012285012285012284
3524 0.012285012285012284
1295 0.012269938650306749
1552 0.012254901960784314
1677 0.012254901960784314
3245 0.012254901960784314
2787 0.012254901960784314
3800 0.012254901960784314
41 0.012224938875305624
53 0.012224938875305624
144 0.012224938875305624
1087 0.012224938875305624
1624 0.012224938875305624
3779 0.012224938875305624
2282 0.012224938875305624
3471 0.012195121951219513
3619 0.012195121951219513
3703 0.012195121951219513
1381 0.012165450121654502
1422 0.012165450121654502
1607 0.012165450121654502
1908 0.012165450121654502
1909 0.012165450121654502
2636 0.012165450121654502
594 0.012165450121654502
654 0.012165450121654502
3410 0.012165450121654502
789 0.012135922330097087
2160 0.012135922330097087
3558 0.012135922330097087
3579 0.012135922330097087
3222 0.012106537530266344
3766 0.012106537530266344
3823 0.012106537530266344
1701 0.012077294685990338
2545 0.012077294685990338
2529 0.012048192771084338
511 0.012048192771084338
3357 0.012048192771084338
194 0.01201923076923077
3019 0.01201923076923077
2767 0.01201923076923077
2967 0.01201923076923077
3738 0.01201923076923077
3757 0.01201923076923077
2375 0.011990407673860911
562 0.011961722488038277
627 0.011961722488038277
3601 0.011961722488038277
979 0.011933174224343675
3130 0.011933174224343675
3581 0.011933174224343675
1696 0.011904761904761904
1915 0.011904761904761904
3467 0.011904761904761904
1758 0.011876484560570071
3246 0.011876484560570071
3808 0.011876484560570071
3972 0.011876484560570071
1548 0.011848341232227487
1840 0.011848341232227487
3741 0.011848341232227487
3833 0.011848341232227487
948 0.01182033096926714
1387 0.01182033096926714
478 0.01182033096926714
2961 0.01182033096926714
1212 0.01179245283018868
1708 0.01179245283018868
787 0.01179245283018868
1205 0.011764705882352941
3150 0.011764705882352941
4013 0.011764705882352941
1773 0.011737089201877934
2734 0.011737089201877934
2764 0.011737089201877934
2272 0.011737089201877934
2614 0.011737089201877934
3881 0.011737089201877934
3424 0.0117096018735363
1934 0.0117096018735363
3605 0.0117096018735363
3728 0.0117096018735363
3927 0.0117096018735363
1333 0.011682242990654205
444 0.011682242990654205
3334 0.011682242990654205
3591 0.011682242990654205
126 0.011655011655011656
697 0.011655011655011656
2932 0.011655011655011656
3670 0.011655011655011656
3710 0.011655011655011656
1283 0.011627906976744186
510 0.011627906976744186
762 0.011627906976744186
3440 0.011627906976744186
3783 0.011627906976744186
422 0.01160092807424594
570 0.01160092807424594
3368 0.01160092807424594
3835 0.01160092807424594
3907 0.01160092807424594
2873 0.011574074074074073
2490 0.011574074074074073
3951 0.011574074074074073
3178 0.011547344110854504
2877 0.011547344110854504
863 0.01152073732718894
2830 0.01152073732718894
3713 0.01152073732718894
270 0.011494252873563218
479 0.011494252873563218
3674 0.011494252873563218
2710 0.011494252873563218
2929 0.011494252873563218
3346 0.011494252873563218
2041 0.011494252873563218
3855 0.011494252873563218
1094 0.011467889908256881
774 0.011467889908256881
828 0.011467889908256881
3168 0.011467889908256881
2851 0.011467889908256881
3046 0.011467889908256881
3244 0.011467889908256881
1385 0.011441647597254004
1421 0.011441647597254004
3099 0.011441647597254004
998 0.01141552511415525
3275 0.01141552511415525
3773 0.01141552511415525
623 0.011389521640091117
2534 0.011389521640091117
1169 0.011363636363636364
795 0.011363636363636364
879 0.011363636363636364
2948 0.011363636363636364
3027 0.011363636363636364
3423 0.011363636363636364
4034 0.011363636363636364
1 0.011337868480725623
127 0.011337868480725623
329 0.011337868480725623
928 0.011337868480725623
929 0.011337868480725623
1258 0.011337868480725623
809 0.011337868480725623
836 0.011337868480725623
2772 0.011337868480725623
2256 0.011337868480725623
3584 0.011337868480725623
1961 0.011312217194570135
2656 0.011312217194570135
304 0.011286681715575621
1822 0.011286681715575621
3392 0.011286681715575621
2107 0.011286681715575621
2156 0.011286681715575621
3459 0.011286681715575621
3684 0.01126126126126126
3160 0.01126126126126126
3764 0.01126126126126126
3811 0.01126126126126126
9 0.011235955056179775
563 0.011235955056179775
903 0.011235955056179775
1353 0.011235955056179775
1601 0.011235955056179775
1923 0.011235955056179775
3540 0.011210762331838564
3843 0.011210762331838564
1321 0.011185682326621925
765 0.011185682326621925
3793 0.011185682326621925
2843 0.011160714285714286
315 0.011135857461024499
3126 0.011135857461024499
2023 0.011135857461024499
2474 0.011135857461024499
3959 0.011135857461024499
362 0.011111111111111112
2703 0.011111111111111112
3077 0.011111111111111112
3095 0.011111111111111112
3261 0.011111111111111112
3690 0.011111111111111112
305 0.011086474501108648
389 0.011086474501108648
1553 0.011086474501108648
2679 0.011086474501108648
721 0.0110803324099723
2780 0.0110803324099723
3586 0.011061946902654867
2360 0.011061946902654867
3899 0.011061946902654867
357 0.011037527593818985
2923 0.011037527593818985
1931 0.011037527593818985
4024 0.011037527593818985
3044 0.011013215859030838
1930 0.011013215859030838
3644 0.011013215859030838
3740 0.01098901098901099
4003 0.01098901098901099
3633 0.010964912280701754
3952 0.010964912280701754
75 0.010940919037199124
1792 0.010940919037199124
718 0.010940919037199124
745 0.010940919037199124
3964 0.01092896174863388
5 0.010917030567685589
1317 0.010917030567685589
3797 0.010917030567685589
1275 0.010893246187363835
1473 0.010869565217391304
2964 0.010869565217391304
3023 0.010869565217391304
3503 0.010869565217391304
1016 0.010845986984815618
1200 0.010845986984815618
1784 0.010845986984815618
2723 0.010845986984815618
2260 0.01084010840108401
1445 0.010822510822510822
3350 0.010822510822510822
3978 0.010822510822510822
232 0.010775862068965518
1964 0.010775862068965518
3678 0.010775862068965518
1734 0.010752688172043012
3068 0.010752688172043012
626 0.01072961373390558
3850 0.01072961373390558
463 0.010706638115631691
3432 0.010706638115631691
917 0.0106951871657754
3795 0.010683760683760684
913 0.010666666666666666
397 0.010666666666666666
3234 0.010666666666666666
528 0.010660980810234541
2868 0.010660980810234541
3198 0.010660980810234541
2663 0.010610079575596816
3303 0.010610079575596816
164 0.010570824524312896
405 0.010570824524312896
3140 0.010554089709762533
1118 0.010548523206751054
1394 0.010548523206751054
2114 0.010548523206751054
2126 0.010548523206751054
2751 0.01050420168067227
70 0.010498687664041995
865 0.010498687664041995
1326 0.010482180293501049
1990 0.010482180293501049
797 0.010471204188481676
2255 0.010471204188481676
808 0.010460251046025104
295 0.010443864229765013
3104 0.010443864229765013
2990 0.010438413361169102
2238 0.010416666666666666
1558 0.01038961038961039
3165 0.01038961038961039
393 0.0103359173126615
3608 0.010330578512396695
1161 0.010309278350515464
2181 0.010309278350515464
1895 0.010282776349614395
2475 0.010282776349614395
149 0.010256410256410256
2349 0.010245901639344262
240 0.010230179028132993
701 0.010230179028132993
1217 0.01020408163265306
2004 0.01020408163265306
652 0.01020408163265306
2836 0.01020408163265306
2891 0.01020408163265306
813 0.010178117048346057
2769 0.01015228426395939
3285 0.010126582278481013
1844 0.010101010101010102
4038 0.010101010101010102
254 0.010075566750629723
554 0.010050251256281407
1486 0.010025062656641603
387 0.010025062656641603
221 0.01
1978 0.01
2402 0.01
3919 0.01
1564 0.00997506234413965
547 0.00997506234413965
3535 0.00997506234413965
3543 0.00997506234413965
280 0.009950248756218905
1549 0.009950248756218905
759 0.009950248756218905
2632 0.009950248756218905
3719 0.009950248756218905
407 0.009925558312655087
3912 0.009925558312655087
1807 0.009900990099009901
2697 0.009900990099009901
121 0.009876543209876543
331 0.009876543209876543
3253 0.009876543209876543
2193 0.009876543209876543
98 0.009852216748768473
935 0.009852216748768473
1780 0.009852216748768473
796 0.009852216748768473
3057 0.009852216748768473
3101 0.009852216748768473
3072 0.009852216748768473
3191 0.009852216748768473
3300 0.009852216748768473
294 0.009828009828009828
1685 0.009828009828009828
859 0.009828009828009828
3206 0.009828009828009828
3208 0.009828009828009828
3675 0.009828009828009828
1424 0.00980392156862745
802 0.00980392156862745
3167 0.00980392156862745
3510 0.00980392156862745
3603 0.00980392156862745
3837 0.00980392156862745
3945 0.00980392156862745
1837 0.009779951100244499
3383 0.009779951100244499
3977 0.009779951100244499
637 0.00975609756097561
1383 0.00975609756097561
1444 0.00975609756097561
1462 0.00975609756097561
1686 0.00975609756097561
361 0.00975609756097561
609 0.00975609756097561
684 0.00975609756097561
2731 0.00975609756097561
3620 0.00975609756097561
199 0.009732360097323601
1346 0.009732360097323601
1667 0.009732360097323601
551 0.009732360097323601
1944 0.009732360097323601
2581 0.009732360097323601
3834 0.009732360097323601
22 0.009708737864077669
324 0.009708737864077669
991 0.009708737864077669
1373 0.009708737864077669
556 0.009708737864077669
579 0.009708737864077669
2883 0.009708737864077669
2668 0.009708737864077669
2688 0.009708737864077669
3824 0.009708737864077669
3898 0.009708737864077669
3983 0.009708737864077669
39 0.009685230024213076
455 0.009685230024213076
3931 0.009685230024213076
82 0.00966183574879227
1020 0.00966183574879227
1174 0.00966183574879227
1588 0.00966183574879227
2739 0.00966183574879227
2505 0.00966183574879227
258 0.00963855421686747
900 0.00963855421686747
1144 0.00963855421686747
672 0.00963855421686747
713 0.00963855421686747
845 0.00963855421686747
3755 0.00963855421686747
1095 0.009615384615384616
1328 0.009615384615384616
2110 0.009615384615384616
2466 0.009615384615384616
853 0.009592326139088728
2766 0.009592326139088728
2840 0.009592326139088728
2166 0.009592326139088728
2548 0.009592326139088728
162 0.009569377990430622
229 0.009569377990430622
272 0.009569377990430622
448 0.009569377990430622
644 0.009569377990430622
2806 0.009569377990430622
2993 0.009569377990430622
3518 0.009569377990430622
1443 0.00954653937947494
760 0.00954653937947494
778 0.00954653937947494
3258 0.00954653937947494
3113 0.00954653937947494
1384 0.009523809523809525
621 0.009523809523809525
710 0.009523809523809525
741 0.009523809523809525
862 0.009523809523809525
2335 0.009523809523809525
2411 0.009523809523809525
1518 0.009501187648456057
3419 0.009501187648456057
1980 0.009501187648456057
2051 0.009501187648456057
2141 0.009501187648456057
3654 0.009501187648456057
3668 0.009501187648456057
302 0.009478672985781991
1274 0.009478672985781991
1648 0.009478672985781991
1777 0.009478672985781991
1911 0.009478672985781991
2903 0.009478672985781991
2793 0.009478672985781991
1514 0.009456264775413711
758 0.009456264775413711
2426 0.009456264775413711
3448 0.009456264775413711
1000 0.009433962264150943
1113 0.009433962264150943
388 0.009433962264150943
3405 0.009433962264150943
1906 0.009411764705882352
1973 0.009411764705882352
3634 0.009411764705882352
3839 0.009411764705882352
169 0.009389671361502348
242 0.009389671361502348
459 0.009389671361502348
711 0.009389671361502348
1919 0.009389671361502348
541 0.00936768149882904
643 0.00936768149882904
661 0.00936768149882904
2752 0.00936768149882904
3097 0.00936768149882904
2686 0.00936768149882904
2844 0.00936768149882904
3317 0.00936768149882904
1958 0.00936768149882904
3747 0.00936768149882904
118 0.009345794392523364
2758 0.009345794392523364
3080 0.009345794392523364
3492 0.009345794392523364
3521 0.009345794392523364
3762 0.009345794392523364
122 0.009324009324009324
1029 0.009324009324009324
1044 0.009324009324009324
1707 0.009324009324009324
694 0.009324009324009324
3248 0.009324009324009324
2211 0.009324009324009324
3910 0.009324009324009324
1469 0.009302325581395349
382 0.009302325581395349
481 0.009302325581395349
640 0.009302325581395349
2999 0.009302325581395349
3103 0.009302325581395349
3906 0.009302325581395349
3014 0.009280742459396751
3154 0.009280742459396751
3688 0.009280742459396751
3862 0.009280742459396751
949 0.009259259259259259
1537 0.009259259259259259
1852 0.009259259259259259
658 0.009259259259259259
725 0.009259259259259259
2678 0.009259259259259259
3289 0.009259259259259259
69 0.009237875288683603
316 0.009237875288683603
920 0.009237875288683603
1104 0.009237875288683603
1252 0.009237875288683603
1403 0.009237875288683603
1545 0.009237875288683603
3389 0.009237875288683603
3758 0.009237875288683603
3828 0.009237875288683603
1319 0.009216589861751152
1633 0.009216589861751152
337 0.009195402298850575
1412 0.009195402298850575
1873 0.009195402298850575
1910 0.009195402298850575
2491 0.009195402298850575
3501 0.009195402298850575
2821 0.009195402298850575
3144 0.009195402298850575
3390 0.009195402298850575
3790 0.009195402298850575
1244 0.009174311926605505
1991 0.009174311926605505
730 0.009174311926605505
2893 0.009174311926605505
2935 0.009174311926605505
1134 0.009153318077803204
1615 0.009153318077803204
3819 0.009153318077803204
1561 0.0091324200913242
469 0.0091324200913242
738 0.0091324200913242
756 0.0091324200913242
2801 0.0091324200913242
3273 0.0091324200913242
3903 0.0091324200913242
267 0.009111617312072893
957 0.009111617312072893
987 0.009111617312072893
1434 0.009111617312072893
1845 0.009111617312072893
835 0.009111617312072893
842 0.009111617312072893
2728 0.009111617312072893
83 0.00909090909090909
1278 0.00909090909090909
1726 0.00909090909090909
753 0.00909090909090909
754 0.00909090909090909
3754 0.00909090909090909
3796 0.00909090909090909
3807 0.00909090909090909
40 0.009070294784580499
1965 0.009070294784580499
3697 0.009070294784580499
1014 0.00904977375565611
2745 0.00904977375565611
1304 0.009029345372460496
354 0.009029345372460496
506 0.009029345372460496
664 0.009029345372460496
2555 0.009029345372460496
3313 0.009029345372460496
1957 0.009029345372460496
2082 0.009029345372460496
1268 0.009009009009009009
1497 0.009009009009009009
1611 0.009009009009009009
2009 0.009009009009009009
488 0.009009009009009009
748 0.009009009009009009
2744 0.009009009009009009
1975 0.009009009009009009
2633 0.009009009009009009
1783 0.008988764044943821
172 0.008968609865470852
212 0.008968609865470852
1492 0.008968609865470852
1875 0.008968609865470852
529 0.008968609865470852
3456 0.008968609865470852
3005 0.008968609865470852
3081 0.008968609865470852
3324 0.008968609865470852
3396 0.008968609865470852
326 0.008948545861297539
3259 0.008948545861297539
2361 0.008948545861297539
2513 0.008948545861297539
2515 0.008948545861297539
2562 0.008948545861297539
3438 0.008948545861297539
3760 0.008948545861297539
419 0.008928571428571428
941 0.008908685968819599
1502 0.008908685968819599
1738 0.008908685968819599
3164 0.008908685968819599
3598 0.008908685968819599
189 0.008888888888888889
1103 0.008888888888888889
3371 0.008888888888888889
2452 0.008888888888888889
3681 0.008888888888888889
1165 0.008869179600886918
355 0.008869179600886918
360 0.008869179600886918
726 0.008869179600886918
2709 0.008869179600886918
3267 0.008869179600886918
2036 0.008869179600886918
1389 0.008849557522123894
2921 0.008849557522123894
3680 0.008849557522123894
106 0.008830022075055188
1507 0.008830022075055188
2733 0.008830022075055188
1099 0.00881057268722467
611 0.00881057268722467
2726 0.00881057268722467
3497 0.00881057268722467
24 0.008791208791208791
1510 0.008791208791208791
2100 0.008791208791208791
1052 0.008771929824561403
1683 0.008771929824561403
2227 0.008771929824561403
2270 0.008771929824561403
3604 0.008771929824561403
1452 0.0087527352297593
2570 0.0087527352297593
3715 0.0087527352297593
1297 0.008733624454148471
1405 0.008714596949891068
2918 0.008714596949891068
3210 0.008714596949891068
587 0.008695652173913044
3016 0.008695652173913044
3090 0.008695652173913044
1731 0.008676789587852495
2341 0.008676789587852495
1531 0.008658008658008658
1567 0.008658008658008658
1805 0.008658008658008658
2621 0.008658008658008658
185 0.008639308855291577
1904 0.008639308855291577
1972 0.008639308855291577
2810 0.008639308855291577
1137 0.008620689655172414
3554 0.008620689655172414
3969 0.008620689655172414
901 0.008602150537634409
965 0.008602150537634409
1058 0.008602150537634409
3482 0.008602150537634409
943 0.008583690987124463
1733 0.008583690987124463
160 0.008565310492505354
3286 0.008565310492505354
3493 0.008565310492505354
298 0.008547008547008548
573 0.00851063829787234
128 0.008492569002123142
2085 0.008492569002123142
3475 0.008492569002123142
26 0.00847457627118644
473 0.00847457627118644
3020 0.00847457627118644
1277 0.008456659619450317
575 0.008456659619450317
1994 0.008456659619450317
3358 0.008456659619450317
647 0.008438818565400843
2119 0.008350730688935281
1583 0.008333333333333333
3360 0.008333333333333333
792 0.008298755186721992
2978 0.008298755186721992
3347 0.008281573498964804
1876 0.008264462809917356
3877 0.008264462809917356
3545 0.008264462809917356
2645 0.00821917808219178
973 0.008174386920980926
3087 0.008174386920980926
374 0.008130081300813009
1310 0.00808080808080808
2652 0.008032128514056224
1085 0.008021390374331552
735 0.008021390374331552
2611 0.008
2504 0.007978723404255319
770 0.007936507936507936
2965 0.007874015748031496
3550 0.007853403141361256
2158 0.007832898172323759
660 0.0078125
2820 0.0078125
3870 0.0078125
1508 0.007792207792207792
434 0.007792207792207792
3483 0.007792207792207792
1147 0.007772020725388601
3343 0.007772020725388601
1625 0.007751937984496124
3114 0.007751937984496124
2177 0.007751937984496124
1090 0.007731958762886598
268 0.007712082262210797
2995 0.007692307692307693
2228 0.0076726342710997444
2497 0.0076726342710997444
665 0.007653061224489796
2809 0.007653061224489796
3010 0.007653061224489796
3370 0.007653061224489796
3509 0.007614213197969543
206 0.007594936708860759
883 0.007594936708860759
1033 0.007575757575757576
1357 0.007575757575757576
1814 0.007575757575757576
1423 0.007556675062972292
3750 0.007556675062972292
3962 0.007556675062972292
2839 0.007556675062972292
3500 0.007556675062972292
1025 0.007537688442211055
1511 0.007537688442211055
2018 0.007537688442211055
3454 0.007537688442211055
840 0.007537688442211055
3573 0.007537688442211055
2337 0.007518796992481203
3575 0.007518796992481203
3778 0.007518796992481203
3891 0.007518796992481203
926 0.0075
683 0.0075
2996 0.0075
2236 0.0075
80 0.007481296758104738
922 0.007481296758104738
3232 0.007481296758104738
3532 0.007481296758104738
3600 0.007481296758104738
2583 0.007462686567164179
619 0.007462686567164179
1916 0.007462686567164179
3689 0.007462686567164179
963 0.007444168734491315
1080 0.007444168734491315
1858 0.007444168734491315
3162 0.007444168734491315
3404 0.007444168734491315
2413 0.007444168734491315
3883 0.007444168734491315
320 0.007425742574257425
994 0.007425742574257425
1263 0.007425742574257425
777 0.007425742574257425
3093 0.007425742574257425
2320 0.007425742574257425
2478 0.007425742574257425
3469 0.007425742574257425
340 0.007407407407407408
538 0.007407407407407408
1848 0.007407407407407408
489 0.007407407407407408
3158 0.007407407407407408
2226 0.007407407407407408
2639 0.007407407407407408
650 0.007389162561576354
2822 0.007389162561576354
2641 0.007389162561576354
3761 0.007389162561576354
250 0.007371007371007371
536 0.007371007371007371
3079 0.007371007371007371
2782 0.007371007371007371
3123 0.007371007371007371
1555 0.007352941176470588
1740 0.007352941176470588
1847 0.007352941176470588
2984 0.007352941176470588
3302 0.007352941176470588
3615 0.007352941176470588
113 0.007334963325183374
2814 0.007334963325183374
937 0.007334963325183374
1196 0.007334963325183374
583 0.007334963325183374
2853 0.007334963325183374
2890 0.007334963325183374
3177 0.007334963325183374
3195 0.007334963325183374
3294 0.007334963325183374
1139 0.007317073170731708
1228 0.007317073170731708
1543 0.007317073170731708
1743 0.007317073170731708
2493 0.007317073170731708
2541 0.007317073170731708
3784 0.007317073170731708
277 0.0072992700729927005
1869 0.0072992700729927005
2128 0.0072992700729927005
2378 0.0072992700729927005
492 0.0072992700729927005
620 0.0072992700729927005
633 0.0072992700729927005
2854 0.0072992700729927005
3643 0.0072992700729927005
3966 0.0072992700729927005
1498 0.007281553398058253
1595 0.007281553398058253
1703 0.007281553398058253
2881 0.007281553398058253
2958 0.007281553398058253
3255 0.007281553398058253
3345 0.007281553398058253
2397 0.007281553398058253
57 0.007263922518159807
1152 0.007263922518159807
1425 0.007263922518159807
1761 0.007263922518159807
2952 0.007263922518159807
142 0.007246376811594203
1503 0.007246376811594203
1766 0.007246376811594203
352 0.007246376811594203
2760 0.007246376811594203
3359 0.007246376811594203
3557 0.007246376811594203
1225 0.007228915662650603
1307 0.007228915662650603
755 0.007228915662650603
3036 0.007228915662650603
3214 0.007228915662650603
2316 0.007228915662650603
3585 0.007228915662650603
675 0.007211538461538462
3089 0.007211538461538462
2274 0.007211538461538462
3772 0.007211538461538462
3896 0.007211538461538462
3973 0.007211538461538462
977 0.007194244604316547
800 0.007194244604316547
3651 0.007194244604316547
3233 0.007194244604316547
2779 0.007194244604316547
2835 0.007194244604316547
2895 0.007194244604316547
3056 0.007194244604316547
3299 0.007194244604316547
2296 0.007194244604316547
408 0.007177033492822967
2985 0.007177033492822967
2304 0.007177033492822967
2659 0.007177033492822967
303 0.007159904534606206
1151 0.007159904534606206
1649 0.007159904534606206
415 0.007159904534606206
2786 0.007159904534606206
3171 0.007159904534606206
3460 0.007159904534606206
45 0.007142857142857143
942 0.007142857142857143
1220 0.007142857142857143
1512 0.007142857142857143
2125 0.007142857142857143
3138 0.007142857142857143
2070 0.007142857142857143
2167 0.007142857142857143
3505 0.007142857142857143
3542 0.007142857142857143
3842 0.007142857142857143
3944 0.007142857142857143
265 0.007125890736342043
1727 0.007125890736342043
2899 0.007125890736342043
2626 0.007125890736342043
3805 0.007125890736342043
1702 0.0071090047393364926
372 0.0071090047393364926
466 0.0071090047393364926
3753 0.0071090047393364926
3804 0.0071090047393364926
222 0.0070921985815602835
1474 0.0070921985815602835
1504 0.0070921985815602835
1756 0.0070921985815602835
742 0.0070921985815602835
2746 0.0070921985815602835
2761 0.0070921985815602835
2870 0.0070921985815602835
3063 0.0070921985815602835
3534 0.0070921985815602835
3683 0.0070921985815602835
3724 0.0070921985815602835
16 0.007075471698113208
1364 0.007075471698113208
2187 0.007075471698113208
404 0.007075471698113208
3001 0.007075471698113208
2707 0.007075471698113208
3119 0.007075471698113208
3129 0.007075471698113208
3310 0.007075471698113208
2016 0.007075471698113208
2067 0.007075471698113208
3686 0.007075471698113208
1051 0.007058823529411765
2863 0.007058823529411765
3209 0.007058823529411765
1988 0.007058823529411765
2209 0.007058823529411765
2564 0.007058823529411765
3623 0.007058823529411765
3893 0.007058823529411765
1340 0.007042253521126761
1747 0.007042253521126761
1829 0.007042253521126761
1842 0.007042253521126761
2116 0.007042253521126761
549 0.007042253521126761
597 0.007042253521126761
3517 0.007042253521126761
2542 0.007042253521126761
2708 0.007042253521126761
2947 0.007042253521126761
3132 0.007042253521126761
3462 0.007042253521126761
1418 0.00702576112412178
1656 0.00702576112412178
1680 0.00702576112412178
1752 0.00702576112412178
1779 0.00702576112412178
1897 0.00702576112412178
2001 0.00702576112412178
400 0.00702576112412178
438 0.00702576112412178
810 0.00702576112412178
2857 0.00702576112412178
3378 0.00702576112412178
2637 0.00702576112412178
3472 0.00702576112412178
3858 0.00702576112412178
3953 0.00702576112412178
1348 0.007009345794392523
1815 0.007009345794392523
831 0.007009345794392523
2759 0.007009345794392523
3416 0.007009345794392523
2658 0.007009345794392523
3484 0.007009345794392523
1110 0.006993006993006993
1433 0.006993006993006993
416 0.006993006993006993
2047 0.006993006993006993
2725 0.006993006993006993
2742 0.006993006993006993
2950 0.006993006993006993
3084 0.006993006993006993
3109 0.006993006993006993
3172 0.006993006993006993
2388 0.006993006993006993
3802 0.006993006993006993
44 0.0069767441860465115
1748 0.0069767441860465115
460 0.0069767441860465115
3201 0.0069767441860465115
2845 0.0069767441860465115
3260 0.0069767441860465115
2262 0.0069767441860465115
300 0.0069605568445475635
1856 0.0069605568445475635
62 0.006944444444444444
1185 0.006944444444444444
1308 0.006944444444444444
1485 0.006944444444444444
1515 0.006944444444444444
359 0.006944444444444444
367 0.006944444444444444
2701 0.006944444444444444
2862 0.006944444444444444
3297 0.006944444444444444
2353 0.006944444444444444
2425 0.006944444444444444
962 0.006928406466512702
1141 0.006928406466512702
1419 0.006928406466512702
1455 0.006928406466512702
1641 0.006928406466512702
2384 0.006928406466512702
412 0.006928406466512702
2389 0.006928406466512702
3022 0.006928406466512702
3203 0.006928406466512702
3442 0.006928406466512702
3572 0.006928406466512702
3646 0.006928406466512702
54 0.0069124423963133645
1554 0.0069124423963133645
1728 0.0069124423963133645
2319 0.0069124423963133645
433 0.0069124423963133645
555 0.0069124423963133645
3161 0.0069124423963133645
48 0.006896551724137931
245 0.006896551724137931
363 0.006896551724137931
3024 0.006896551724137931
3106 0.006896551724137931
3116 0.006896551724137931
3194 0.006896551724137931
3341 0.006896551724137931
3436 0.006896551724137931
3602 0.006896551724137931
944 0.006880733944954129
1536 0.006880733944954129
819 0.006880733944954129
3170 0.006880733944954129
3426 0.006880733944954129
66 0.006864988558352402
105 0.006864988558352402
311 0.006864988558352402
1863 0.006864988558352402
687 0.006864988558352402
838 0.006864988558352402
3433 0.006864988558352402
38 0.00684931506849315
1596 0.00684931506849315
1695 0.00684931506849315
458 0.00684931506849315
544 0.00684931506849315
3211 0.00684931506849315
2184 0.00684931506849315
2197 0.00684931506849315
3461 0.00684931506849315
3942 0.00684931506849315
1072 0.00683371298405467
2660 0.00683371298405467
667 0.00683371298405467
3319 0.00683371298405467
3219 0.00683371298405467
2056 0.00683371298405467
3611 0.00683371298405467
966 0.006818181818181818
971 0.006818181818181818
1576 0.006818181818181818
1762 0.006818181818181818
2755 0.006818181818181818
3212 0.006818181818181818
2061 0.006818181818181818
3767 0.006818181818181818
630 0.006802721088435374
2826 0.006802721088435374
2722 0.006802721088435374
2914 0.006802721088435374
3048 0.006802721088435374
3752 0.006802721088435374
1190 0.006787330316742082
1363 0.006787330316742082
1599 0.006787330316742082
1823 0.006787330316742082
2719 0.006787330316742082
2736 0.006787330316742082
3137 0.006787330316742082
3337 0.006787330316742082
2915 0.006772009029345372
3352 0.006772009029345372
3857 0.006772009029345372
104 0.006756756756756757
3136 0.006756756756756757
2892 0.006756756756756757
2318 0.006756756756756757
1309 0.006741573033707865
2797 0.006741573033707865
2738 0.006726457399103139
2037 0.006726457399103139
2440 0.006726457399103139
3555 0.006726457399103139
3569 0.006726457399103139
3641 0.006726457399103139
982 0.006711409395973154
2054 0.006711409395973154
435 0.006711409395973154
854 0.006711409395973154
1550 0.006696428571428571
1709 0.006696428571428571
1131 0.0066815144766146995
1682 0.0066815144766146995
436 0.0066815144766146995
537 0.0066815144766146995
614 0.0066815144766146995
3326 0.0066815144766146995
203 0.006666666666666667
1666 0.006666666666666667
763 0.006666666666666667
3722 0.006666666666666667
1142 0.0066518847006651885
1155 0.0066518847006651885
1246 0.0066518847006651885
1494 0.0066518847006651885
1630 0.0066518847006651885
1855 0.0066518847006651885
646 0.0066518847006651885
3249 0.0066518847006651885
2618 0.0066518847006651885
3929 0.0066518847006651885
3947 0.0066518847006651885
1388 0.00663716814159292
1410 0.00663716814159292
1411 0.00663716814159292
1878 0.00663716814159292
2472 0.00663716814159292
892 0.00663716814159292
2765 0.00663716814159292
2778 0.00663716814159292
2864 0.00663716814159292
3043 0.00663716814159292
3163 0.00663716814159292
2480 0.00663716814159292
27 0.006622516556291391
366 0.006622516556291391
1350 0.006622516556291391
2365 0.006622516556291391
322 0.006607929515418502
2900 0.006607929515418502
2912 0.006607929515418502
297 0.006593406593406593
375 0.006593406593406593
2594 0.006593406593406593
3415 0.006593406593406593
3818 0.006593406593406593
3930 0.006593406593406593
3934 0.006593406593406593
2940 0.006578947368421052
3876 0.006578947368421052
1355 0.006564551422319475
2941 0.006564551422319475
3366 0.006564551422319475
3236 0.006564551422319475
2222 0.006564551422319475
2387 0.006564551422319475
261 0.006550218340611353
293 0.006550218340611353
522 0.006550218340611353
3179 0.006550218340611353
2783 0.006550218340611353
2937 0.006550218340611353
3052 0.006550218340611353
1949 0.006550218340611353
2162 0.006550218340611353
274 0.006535947712418301
3590 0.006535947712418301
1749 0.006521739130434782
559 0.006521739130434782
560 0.006521739130434782
2916 0.006521739130434782
3301 0.006521739130434782
2192 0.006521739130434782
2488 0.006521739130434782
3730 0.006521739130434782
67 0.006507592190889371
1069 0.006507592190889371
1609 0.006507592190889371
1951 0.006507592190889371
396 0.006493506493506494
571 0.006493506493506494
2175 0.006493506493506494
1261 0.0064794816414686825
2508 0.0064794816414686825
3108 0.00646551724137931
1688 0.0064516129032258064
176 0.006437768240343348
1806 0.006437768240343348
496 0.006437768240343348
2980 0.006437768240343348
1584 0.006423982869379015
2781 0.006423982869379015
3256 0.006423982869379015
3499 0.006423982869379015
109 0.00641025641025641
1812 0.00641025641025641
1024 0.006396588486140725
1371 0.006396588486140725
1437 0.006396588486140725
494 0.006396588486140725
1464 0.006369426751592357
3110 0.006369426751592357
2224 0.00631578947368421
3373 0.00631578947368421
2173 0.00631578947368421
938 0.0063025210084033615
2345 0.0063025210084033615
915 0.006289308176100629
1578 0.006289308176100629
3400 0.006237006237006237
2383 0.006237006237006237
2925 0.006224066390041493
731 0.006211180124223602
3332 0.006172839506172839
2451 0.006160164271047228
2994 0.006160164271047228
964 0.006147540983606557
3667 0.006109979633401222
2812 0.006097560975609756
1943 0.006097560975609756
2438 0.006072874493927126
783 0.005964214711729622
2666 0.005964214711729622
521 0.005917159763313609
2713 0.005639097744360902
1298 0.0056022408963585435
3190 0.005449591280653951
1236 0.005434782608695652
440 0.005434782608695652
2380 0.005434782608695652
3714 0.005420054200542005
1505 0.005376344086021506
715 0.005361930294906166
3529 0.005361930294906166
3712 0.005361930294906166
2111 0.0053475935828877
3264 0.0053475935828877
1828 0.005319148936170213
1770 0.005305039787798408
716 0.005305039787798408
3287 0.005305039787798408
1632 0.005291005291005291
1830 0.005277044854881266
673 0.005277044854881266
2232 0.005263157894736842
708 0.005235602094240838
2675 0.005235602094240838
2348 0.005221932114882507
2327 0.005208333333333333
3202 0.005208333333333333
2620 0.005194805194805195
3596 0.005194805194805195
1810 0.0051813471502590676
2135 0.0051813471502590676
3412 0.0051813471502590676
2846 0.0051813471502590676
34 0.00516795865633075
2992 0.00516795865633075
3706 0.00516795865633075
1117 0.005154639175257732
3075 0.005154639175257732
3780 0.005154639175257732
1540 0.005141388174807198
1591 0.005141388174807198
1881 0.005141388174807198
663 0.005141388174807198
3656 0.005141388174807198
3873 0.005141388174807198
959 0.005128205128205128
2882 0.005128205128205128
484 0.005115089514066497
1065 0.005115089514066497
1114 0.005115089514066497
1186 0.005115089514066497
591 0.005115089514066497
834 0.00510204081632653
2690 0.00510204081632653
338 0.005089058524173028
1256 0.005089058524173028
1841 0.005089058524173028
1415 0.005076142131979695
543 0.005076142131979695
2986 0.005076142131979695
2011 0.005076142131979695
2066 0.005076142131979695
2202 0.005076142131979695
2434 0.005076142131979695
3450 0.005076142131979695
936 0.005063291139240506
967 0.005063291139240506
3223 0.005063291139240506
3568 0.005063291139240506
1281 0.005050505050505051
1729 0.005050505050505051
1786 0.005050505050505051
3577 0.005050505050505051
10 0.005037783375314861
475 0.005037783375314861
902 0.005037783375314861
1458 0.005037783375314861
3409 0.005037783375314861
2945 0.005037783375314861
3146 0.005037783375314861
2521 0.005037783375314861
907 0.005025125628140704
1366 0.005025125628140704
574 0.005025125628140704
662 0.005025125628140704
3062 0.005025125628140704
2988 0.005025125628140704
3243 0.005025125628140704
2019 0.005025125628140704
3630 0.005025125628140704
1158 0.005012531328320802
1544 0.005012531328320802
1563 0.005012531328320802
1713 0.005012531328320802
1866 0.005012531328320802
413 0.005012531328320802
530 0.005012531328320802
3278 0.005012531328320802
3349 0.005012531328320802
3468 0.005012531328320802
3627 0.005012531328320802
1374 0.005
1698 0.005
2662 0.005
2998 0.005
3107 0.005
2099 0.005
2531 0.005
930 0.004987531172069825
1121 0.004987531172069825
1314 0.004987531172069825
1705 0.004987531172069825
1716 0.004987531172069825
2640 0.004987531172069825
3594 0.004987531172069825
3734 0.004987531172069825
1322 0.004975124378109453
3369 0.004975124378109453
1679 0.004962779156327543
3254 0.004962779156327543
2258 0.004962779156327543
2628 0.004962779156327543
3879 0.004962779156327543
996 0.0049504950495049506
2635 0.0049504950495049506
540 0.0049504950495049506
2955 0.0049504950495049506
989 0.0049382716049382715
1282 0.0049382716049382715
582 0.0049382716049382715
3860 0.0049382716049382715
3938 0.0049382716049382715
1007 0.0049261083743842365
1459 0.0049261083743842365
1955 0.0049261083743842365
2385 0.0049261083743842365
2762 0.0049261083743842365
3239 0.0049261083743842365
2186 0.0049261083743842365
2396 0.0049261083743842365
3578 0.0049261083743842365
3736 0.0049261083743842365
332 0.004914004914004914
2897 0.004914004914004914
2954 0.004914004914004914
3408 0.004914004914004914
2098 0.004914004914004914
3913 0.004914004914004914
1523 0.004901960784313725
1526 0.004901960784313725
3033 0.004901960784313725
3237 0.004901960784313725
3276 0.004901960784313725
3785 0.004901960784313725
36 0.004889975550122249
1040 0.004889975550122249
1320 0.004889975550122249
2653 0.004889975550122249
1294 0.004878048780487805
1781 0.004878048780487805
1882 0.004878048780487805
2502 0.004878048780487805
821 0.004878048780487805
2078 0.004878048780487805
986 0.004866180048661801
1417 0.004866180048661801
1861 0.004866180048661801
425 0.004866180048661801
3333 0.004866180048661801
2523 0.004866180048661801
2536 0.004866180048661801
1223 0.0048543689320388345
1251 0.0048543689320388345
1318 0.0048543689320388345
1352 0.0048543689320388345
1382 0.0048543689320388345
1397 0.0048543689320388345
1461 0.0048543689320388345
1732 0.0048543689320388345
2775 0.0048543689320388345
1970 0.0048543689320388345
990 0.004842615012106538
2032 0.004842615012106538
3666 0.004842615012106538
3895 0.004842615012106538
251 0.004830917874396135
1210 0.004830917874396135
1801 0.004830917874396135
2887 0.004830917874396135
3124 0.004830917874396135
4022 0.004830917874396135
345 0.004819277108433735
1159 0.004819277108433735
1167 0.004819277108433735
766 0.004819277108433735
3886 0.004819277108433735
3034 0.004819277108433735
3186 0.004819277108433735
3152 0.004819277108433735
3298 0.004819277108433735
2506 0.004819277108433735
55 0.004807692307692308
1491 0.004807692307692308
465 0.004807692307692308
588 0.004807692307692308
690 0.004807692307692308
2816 0.004807692307692308
3009 0.004807692307692308
3098 0.004807692307692308
3339 0.004807692307692308
1936 0.004807692307692308
3496 0.004807692307692308
3552 0.004807692307692308
1109 0.004796163069544364
1527 0.004796163069544364
1568 0.004796163069544364
1626 0.004796163069544364
593 0.004796163069544364
576 0.004796163069544364
3943 0.004796163069544364
3411 0.004796163069544364
1922 0.004796163069544364
271 0.004784688995215311
1998 0.004784688995215311
2264 0.004784688995215311
449 0.004784688995215311
513 0.004784688995215311
590 0.004784688995215311
2682 0.004784688995215311
3279 0.004784688995215311
3399 0.004784688995215311
1430 0.00477326968973747
524 0.00477326968973747
3340 0.00477326968973747
2322 0.00477326968973747
3449 0.00477326968973747
1123 0.004761904761904762
1378 0.004761904761904762
1573 0.004761904761904762
1610 0.004761904761904762
2730 0.004761904761904762
2905 0.004761904761904762
3145 0.004761904761904762
2084 0.004761904761904762
3563 0.004761904761904762
279 0.004750593824228029
353 0.004750593824228029
1234 0.004750593824228029
1299 0.004750593824228029
1661 0.004750593824228029
2689 0.004750593824228029
3086 0.004750593824228029
1968 0.004750593824228029
2014 0.004750593824228029
2235 0.004750593824228029
141 0.004739336492890996
1235 0.004739336492890996
1900 0.004739336492890996
2024 0.004739336492890996
451 0.004739336492890996
516 0.004739336492890996
812 0.004739336492890996
2924 0.004739336492890996
2064 0.004739336492890996
3737 0.004739336492890996
1587 0.004728132387706856
1602 0.004728132387706856
1763 0.004728132387706856
439 0.004728132387706856
781 0.004728132387706856
2148 0.004728132387706856
2802 0.004728132387706856
2878 0.004728132387706856
3035 0.004728132387706856
3429 0.004728132387706856
3705 0.004728132387706856
3726 0.004728132387706856
239 0.0047169811320754715
1041 0.0047169811320754715
1730 0.0047169811320754715
548 0.0047169811320754715
723 0.0047169811320754715
2328 0.0047169811320754715
3018 0.0047169811320754715
3403 0.0047169811320754715
2242 0.0047169811320754715
2406 0.0047169811320754715
3926 0.0047169811320754715
972 0.004705882352941176
1003 0.004705882352941176
1324 0.004705882352941176
1798 0.004705882352941176
2292 0.004705882352941176
368 0.004705882352941176
830 0.004705882352941176
2501 0.004705882352941176
2856 0.004705882352941176
2025 0.004705882352941176
2214 0.004705882352941176
1671 0.004694835680751174
820 0.004694835680751174
2909 0.004694835680751174
3032 0.004694835680751174
3067 0.004694835680751174
3379 0.004694835680751174
3414 0.004694835680751174
1984 0.004694835680751174
2299 0.004694835680751174
2395 0.004694835680751174
946 0.00468384074941452
981 0.00468384074941452
1288 0.00468384074941452
1342 0.00468384074941452
1409 0.00468384074941452
1534 0.00468384074941452
1791 0.00468384074941452
378 0.00468384074941452
752 0.00468384074941452
2832 0.00468384074941452
2907 0.00468384074941452
3527 0.00468384074941452
3528 0.00468384074941452
35 0.004672897196261682
1287 0.004672897196261682
1404 0.004672897196261682
2829 0.004672897196261682
3398 0.004672897196261682
2248 0.004672897196261682
3512 0.004672897196261682
3731 0.004672897196261682
156 0.004662004662004662
1013 0.004662004662004662
1035 0.004662004662004662
1061 0.004662004662004662
1221 0.004662004662004662
474 0.004662004662004662
750 0.004662004662004662
2399 0.004662004662004662
2298 0.004662004662004662
2777 0.004662004662004662
2957 0.004662004662004662
2989 0.004662004662004662
3166 0.004662004662004662
428 0.004651162790697674
606 0.004651162790697674
1612 0.004651162790697674
558 0.004651162790697674
3421 0.004651162790697674
2291 0.004651162790697674
2603 0.004651162790697674
235 0.004640371229698376
1188 0.004640371229698376
1226 0.004640371229698376
1857 0.004640371229698376
2042 0.004640371229698376
2250 0.004640371229698376
2643 0.004640371229698376
3002 0.004640371229698376
3452 0.004640371229698376
3928 0.004640371229698376
1068 0.004629629629629629
1279 0.004629629629629629
1635 0.004629629629629629
1647 0.004629629629629629
2171 0.004629629629629629
568 0.004629629629629629
2672 0.004629629629629629
2939 0.004629629629629629
2022 0.004629629629629629
2060 0.004629629629629629
2346 0.004629629629629629
2584 0.004629629629629629
3547 0.004629629629629629
3693 0.004629629629629629
3970 0.004629629629629629
1093 0.004618937644341801
1243 0.004618937644341801
1673 0.004618937644341801
1674 0.004618937644341801
1751 0.004618937644341801
764 0.004618937644341801
817 0.004618937644341801
824 0.004618937644341801
2971 0.004618937644341801
2714 0.004618937644341801
2804 0.004618937644341801
2859 0.004618937644341801
3397 0.004618937644341801
2252 0.004618937644341801
3599 0.004618937644341801
3878 0.004618937644341801
947 0.004608294930875576
1149 0.004608294930875576
1372 0.004608294930875576
1718 0.004608294930875576
2447 0.004608294930875576
3204 0.004608294930875576
3307 0.004608294930875576
3391 0.004608294930875576
2013 0.004608294930875576
2044 0.004608294930875576
2108 0.004608294930875576
1407 0.004597701149425287
1481 0.004597701149425287
2571 0.004597701149425287
398 0.004597701149425287
446 0.004597701149425287
2866 0.004597701149425287
3025 0.004597701149425287
3445 0.004597701149425287
3900 0.004597701149425287
4010 0.004597701149425287
134 0.0045871559633027525
165 0.0045871559633027525
1017 0.0045871559633027525
1570 0.0045871559633027525
1699 0.0045871559633027525
2072 0.0045871559633027525
678 0.0045871559633027525
780 0.0045871559633027525
3199 0.0045871559633027525
3277 0.0045871559633027525
2230 0.0045871559633027525
1059 0.004576659038901602
1232 0.004576659038901602
1354 0.004576659038901602
1714 0.004576659038901602
2289 0.004576659038901602
2561 0.004576659038901602
2579 0.004576659038901602
208 0.0045662100456621
420 0.0045662100456621
2364 0.0045662100456621
847 0.0045662100456621
1935 0.0045662100456621
2048 0.0045662100456621
2317 0.0045662100456621
3640 0.0045662100456621
3915 0.0045662100456621
186 0.004555808656036446
1022 0.004555808656036446
1031 0.004555808656036446
1097 0.004555808656036446
1871 0.004555808656036446
624 0.004555808656036446
2198 0.004555808656036446
3704 0.004555808656036446
1413 0.004545454545454545
1571 0.004545454545454545
1594 0.004545454545454545
3215 0.004545454545454545
2400 0.004545454545454545
3625 0.004545454545454545
1011 0.0045351473922902496
1078 0.0045351473922902496
432 0.0045351473922902496
461 0.0045351473922902496
491 0.0045351473922902496
823 0.0045351473922902496
2976 0.0045351473922902496
3312 0.0045351473922902496
2033 0.0045351473922902496
285 0.004524886877828055
376 0.004524886877828055
1108 0.004524886877828055
1557 0.004524886877828055
1668 0.004524886877828055
395 0.004524886877828055
2695 0.004524886877828055
1921 0.004524886877828055
1993 0.004524886877828055
2427 0.004524886877828055
1306 0.004514672686230248
365 0.004514672686230248
696 0.004514672686230248
1913 0.004514672686230248
2874 0.004514672686230248
2416 0.004514672686230248
3936 0.004514672686230248
1782 0.0045045045045045045
515 0.0045045045045045045
705 0.0045045045045045045
737 0.0045045045045045045
773 0.0045045045045045045
2811 0.0045045045045045045
2006 0.0045045045045045045
2525 0.0045045045045045045
3815 0.0045045045045045045
934 0.0044943820224719105
1106 0.0044943820224719105
1675 0.0044943820224719105
2598 0.0044943820224719105
2241 0.0044943820224719105
1914 0.0044943820224719105
933 0.004484304932735426
1533 0.004484304932735426
1892 0.004484304932735426
409 0.004484304932735426
772 0.004484304932735426
2295 0.004484304932735426
2796 0.004484304932735426
2943 0.004484304932735426
3320 0.004484304932735426
2627 0.004484304932735426
1015 0.0044742729306487695
1836 0.0044742729306487695
2350 0.0044742729306487695
1245 0.004464285714285714
1345 0.004464285714285714
503 0.004464285714285714
553 0.004464285714285714
613 0.004464285714285714
2720 0.004464285714285714
3189 0.004464285714285714
3217 0.004464285714285714
2145 0.004464285714285714
2251 0.004464285714285714
3687 0.004464285714285714
163 0.004454342984409799
1116 0.004454342984409799
1189 0.004454342984409799
1517 0.004454342984409799
2138 0.004454342984409799
2647 0.004454342984409799
3774 0.004454342984409799
288 0.0044444444444444444
921 0.0044444444444444444
950 0.0044444444444444444
1001 0.0044444444444444444
507 0.0044444444444444444
586 0.0044444444444444444
2794 0.0044444444444444444
3225 0.0044444444444444444
2244 0.0044444444444444444
2297 0.0044444444444444444
2499 0.0044444444444444444
3685 0.0044444444444444444
1767 0.004434589800443459
2592 0.004434589800443459
2311 0.004434589800443459
3658 0.004434589800443459
3869 0.004434589800443459
158 0.004424778761061947
1130 0.004424778761061947
849 0.004424778761061947
3526 0.004424778761061947
168 0.004415011037527594
1569 0.004415011037527594
2010 0.004415011037527594
2711 0.004415011037527594
2768 0.004415011037527594
2424 0.004415011037527594
3515 0.004415011037527594
919 0.004405286343612335
924 0.004405286343612335
1465 0.004405286343612335
2741 0.004405286343612335
161 0.004395604395604396
523 0.004395604395604396
2724 0.004395604395604396
3238 0.004395604395604396
1950 0.004395604395604396
2492 0.004395604395604396
3576 0.004395604395604396
1034 0.0043859649122807015
1826 0.0043859649122807015
2386 0.0043859649122807015
191 0.00437636761487965
1390 0.00437636761487965
1556 0.00437636761487965
1757 0.00437636761487965
2338 0.00437636761487965
2977 0.00437636761487965
2182 0.00437636761487965
2514 0.00437636761487965
3841 0.00437636761487965
3984 0.00437636761487965
2239 0.004366812227074236
2680 0.004366812227074236
2340 0.004366812227074236
317 0.004357298474945534
566 0.004357298474945534
1400 0.004357298474945534
1927 0.004357298474945534
1659 0.004347826086956522
3000 0.004347826086956522
3272 0.004347826086956522
2172 0.004347826086956522
2646 0.004347826086956522
1528 0.004338394793926247
1898 0.004338394793926247
3385 0.004338394793926247
2683 0.004338394793926247
2566 0.004338394793926247
123 0.004329004329004329
1888 0.004329004329004329
1215 0.004319654427645789
2149 0.004319654427645789
2605 0.004319654427645789
3182 0.004319654427645789
3614 0.004319654427645789
1692 0.004310344827586207
2763 0.004310344827586207
2216 0.004310344827586207
2331 0.004310344827586207
916 0.004291845493562232
1636 0.004291845493562232
1765 0.004282655246252677
2616 0.004282655246252677
3282 0.004282655246252677
2888 0.004273504273504274
1122 0.00425531914893617
3826 0.004246284501061571
290 0.00423728813559322
1120 0.00423728813559322
1519 0.004228329809725159
2979 0.004228329809725159
3786 0.004228329809725159
1332 0.004219409282700422
1887 0.004219409282700422
567 0.004219409282700422
3465 0.004210526315789474
3485 0.004210526315789474
1874 0.004201680672268907
3041 0.004201680672268907
159 0.0041928721174004195
1631 0.0041928721174004195
450 0.0041928721174004195
456 0.0041928721174004195
2356 0.0041841004184100415
1102 0.004166666666666667
546 0.004166666666666667
2849 0.004166666666666667
3488 0.004166666666666667
700 0.004158004158004158
3631 0.004158004158004158
2109 0.004140786749482402
3111 0.00411522633744856
2247 0.004106776180698152
1614 0.004081632653061225
2807 0.002849002849002849
676 0.0028089887640449437
952 0.002793296089385475
2435 0.002793296089385475
1193 0.0027624309392265192
3149 0.002702702702702703
2428 0.002702702702702703
3618 0.002702702702702703
3609 0.0026954177897574125
2027 0.002688172043010753
2030 0.002688172043010753
2468 0.00267379679144385
2871 0.00267379679144385
2234 0.00267379679144385
1089 0.0026595744680851063
1521 0.002652519893899204
2045 0.002652519893899204
2404 0.002652519893899204
358 0.0026455026455026454
1100 0.002638522427440633
1940 0.002638522427440633
3597 0.002638522427440633
983 0.0026246719160104987
2284 0.0026246719160104987
2969 0.0026246719160104987
669 0.002617801047120419
2612 0.0026109660574412533
1618 0.0026041666666666665
2417 0.0026041666666666665
2401 0.0026041666666666665
3889 0.0026041666666666665
1800 0.0025974025974025974
1995 0.0025974025974025974
565 0.0025974025974025974
1658 0.0025906735751295338
2661 0.0025906735751295338
103 0.002583979328165375
580 0.002583979328165375
14 0.002577319587628866
927 0.002577319587628866
2307 0.002577319587628866
3607 0.002577319587628866
2798 0.002570694087403599
2931 0.002570694087403599
2300 0.002570694087403599
2354 0.002570694087403599
509 0.002564102564102564
1124 0.0025575447570332483
1907 0.0025575447570332483
3038 0.0025575447570332483
3065 0.0025575447570332483
940 0.002551020408163265
1042 0.002551020408163265
1960 0.002551020408163265
2092 0.002551020408163265
2362 0.002551020408163265
2644 0.002551020408163265
3567 0.002551020408163265
21 0.002544529262086514
341 0.002544529262086514
2533 0.002544529262086514
3451 0.002544529262086514
3582 0.002544529262086514
3838 0.002544529262086514
1187 0.0025380710659898475
1859 0.0025380710659898475
3386 0.0025380710659898475
2442 0.0025380710659898475
79 0.002531645569620253
252 0.002531645569620253
1153 0.002531645569620253
1725 0.002531645569620253
1833 0.002531645569620253
2687 0.002531645569620253
1128 0.0025252525252525255
1608 0.0025252525252525255
1706 0.0025252525252525255
2496 0.0025252525252525255
2827 0.0025252525252525255
2911 0.0025252525252525255
3184 0.0025252525252525255
1211 0.0025188916876574307
1899 0.0025188916876574307
851 0.0025188916876574307
2869 0.0025188916876574307
2420 0.0025188916876574307
2351 0.002512562814070352
3112 0.002512562814070352
2469 0.002512562814070352
1359 0.002506265664160401
1451 0.002506265664160401
3021 0.002506265664160401
1460 0.0025
2133 0.0025
2153 0.0025
495 0.0025
545 0.0025
2642 0.0025
3159 0.0025
4015 0.0025
125 0.0024937655860349127
1723 0.0024937655860349127
1746 0.0024937655860349127
607 0.0024937655860349127
846 0.0024937655860349127
3228 0.0024937655860349127
2121 0.0024937655860349127
2195 0.0024937655860349127
1199 0.0024875621890547263
2102 0.0024875621890547263
487 0.0024875621890547263
3890 0.0024875621890547263
1426 0.0024813895781637717
1868 0.0024813895781637717
3012 0.0024813895781637717
3058 0.0024813895781637717
896 0.0024752475247524753
945 0.0024752475247524753
975 0.0024752475247524753
1183 0.0024752475247524753
1401 0.0024752475247524753
1597 0.0024752475247524753
1616 0.0024752475247524753
1745 0.0024752475247524753
512 0.0024752475247524753
3525 0.0024752475247524753
2544 0.0024752475247524753
2681 0.0024752475247524753
2308 0.0024752475247524753
2552 0.0024752475247524753
517 0.0024691358024691358
954 0.0024691358024691358
1393 0.0024691358024691358
1851 0.0024691358024691358
2393 0.0024691358024691358
932 0.0024630541871921183
960 0.0024630541871921183
969 0.0024630541871921183
1166 0.0024630541871921183
2567 0.0024630541871921183
2770 0.0024630541871921183
2981 0.0024630541871921183
3078 0.0024630541871921183
3120 0.0024630541871921183
3293 0.0024630541871921183
2155 0.0024630541871921183
2648 0.0024630541871921183
1181 0.002457002457002457
1482 0.002457002457002457
1824 0.002457002457002457
1832 0.002457002457002457
3677 0.002457002457002457
3832 0.002457002457002457
978 0.0024509803921568627
1926 0.0024509803921568627
2740 0.0024509803921568627
2355 0.0024509803921568627
3047 0.0024509803921568627
2572 0.0024509803921568627
1028 0.0024449877750611247
1428 0.0024449877750611247
1538 0.0024449877750611247
1579 0.0024449877750611247
1886 0.0024449877750611247
801 0.0024449877750611247
1920 0.0024449877750611247
2090 0.0024449877750611247
2112 0.0024449877750611247
2212 0.0024449877750611247
2495 0.0024449877750611247
3491 0.0024449877750611247
403 0.0024390243902439024
648 0.0024390243902439024
693 0.0024390243902439024
2609 0.0024390243902439024
3094 0.0024390243902439024
1082 0.0024330900243309003
1369 0.0024330900243309003
1629 0.0024330900243309003
1678 0.0024330900243309003
2183 0.0024330900243309003
3315 0.0024330900243309003
2219 0.0024330900243309003
2288 0.0024330900243309003
526 0.0024271844660194173
1010 0.0024271844660194173
1032 0.0024271844660194173
1335 0.0024271844660194173
1509 0.0024271844660194173
1893 0.0024271844660194173
3247 0.0024271844660194173
1999 0.0024271844660194173
2020 0.0024271844660194173
2049 0.0024271844660194173
2057 0.0024271844660194173
2518 0.0024271844660194173
2520 0.0024271844660194173
3765 0.0024271844660194173
207 0.002421307506053269
1048 0.002421307506053269
1447 0.002421307506053269
3174 0.002421307506053269
3185 0.002421307506053269
995 0.0024154589371980675
1267 0.0024154589371980675
1577 0.0024154589371980675
651 0.0024096385542168677
1440 0.0024096385542168677
1480 0.0024096385542168677
803 0.0024096385542168677
2737 0.0024096385542168677
2825 0.0024096385542168677
3176 0.0024096385542168677
3393 0.0024096385542168677
2573 0.0024096385542168677
1420 0.002403846153846154
1689 0.002403846153846154
2143 0.002403846153846154
3263 0.002403846153846154
2665 0.002403846153846154
2698 0.002403846153846154
3175 0.002403846153846154
2164 0.002403846153846154
641 0.002398081534772182
1198 0.002398081534772182
1315 0.002398081534772182
1436 0.002398081534772182
1592 0.002398081534772182
1754 0.002398081534772182
392 0.002398081534772182
603 0.002398081534772182
3356 0.002398081534772182
3976 0.002398081534772182
1056 0.0023923444976076554
1135 0.0023923444976076554
1463 0.0023923444976076554
1501 0.0023923444976076554
1547 0.0023923444976076554
2860 0.0023923444976076554
3082 0.0023923444976076554
2115 0.0023923444976076554
2371 0.0023923444976076554
2418 0.0023923444976076554
2482 0.0023923444976076554
2602 0.0023923444976076554
1066 0.002386634844868735
1126 0.002386634844868735
1250 0.002386634844868735
1720 0.002386634844868735
2629 0.002386634844868735
880 0.002386634844868735
2919 0.002386634844868735
1946 0.002386634844868735
1966 0.002386634844868735
30 0.002380952380952381
213 0.002380952380952381
2461 0.002380952380952381
656 0.002380952380952381
657 0.002380952380952381
699 0.002380952380952381
3281 0.002380952380952381
2031 0.002380952380952381
1981 0.002380952380952381
2093 0.002380952380952381
2352 0.002380952380952381
2370 0.002380952380952381
2563 0.002380952380952381
2610 0.002380952380952381
3653 0.002380952380952381
65 0.0023752969121140144
601 0.0023752969121140144
1285 0.0023752969121140144
1339 0.0023752969121140144
1399 0.0023752969121140144
1487 0.0023752969121140144
1522 0.0023752969121140144
2519 0.0023752969121140144
3192 0.0023752969121140144
2096 0.0023752969121140144
3937 0.0023752969121140144
1081 0.002369668246445498
1827 0.002369668246445498
2189 0.002369668246445498
390 0.002369668246445498
3262 0.002369668246445498
2575 0.002369668246445498
1012 0.002364066193853428
1303 0.002364066193853428
1525 0.002364066193853428
1600 0.002364066193853428
2347 0.002364066193853428
3306 0.002364066193853428
1969 0.002364066193853428
1979 0.002364066193853428
2161 0.002364066193853428
2190 0.002364066193853428
976 0.0023584905660377358
1009 0.0023584905660377358
1681 0.0023584905660377358
1778 0.0023584905660377358
1850 0.0023584905660377358
2669 0.0023584905660377358
2833 0.0023584905660377358
2185 0.0023584905660377358
1942 0.0023584905660377358
2029 0.0023584905660377358
2391 0.0023584905660377358
2568 0.0023584905660377358
2590 0.0023584905660377358
1329 0.002352941176470588
1395 0.002352941176470588
1694 0.002352941176470588
1891 0.002352941176470588
602 0.002352941176470588
2951 0.002352941176470588
2330 0.002352941176470588
2253 0.002352941176470588
2457 0.002352941176470588
231 0.002347417840375587
318 0.002347417840375587
906 0.002347417840375587
1101 0.002347417840375587
1292 0.002347417840375587
2704 0.002347417840375587
815 0.002347417840375587
2716 0.002347417840375587
2910 0.002347417840375587
3013 0.002347417840375587
3375 0.002347417840375587
1488 0.00234192037470726
1790 0.00234192037470726
1846 0.00234192037470726
471 0.00234192037470726
2221 0.00234192037470726
2473 0.00234192037470726
3865 0.00234192037470726
997 0.002336448598130841
1475 0.002336448598130841
1637 0.002336448598130841
1655 0.002336448598130841
418 0.002336448598130841
2815 0.002336448598130841
2974 0.002336448598130841
3076 0.002336448598130841
2363 0.002336448598130841
291 0.002331002331002331
1598 0.002331002331002331
1652 0.002331002331002331
655 0.002331002331002331
761 0.002331002331002331
2215 0.002331002331002331
3364 0.002331002331002331
2040 0.002331002331002331
2329 0.002331002331002331
3922 0.002331002331002331
248 0.002325581395348837
629 0.002325581395348837
1170 0.002325581395348837
1496 0.002325581395348837
1722 0.002325581395348837
1903 0.002325581395348837
2471 0.002325581395348837
431 0.002325581395348837
462 0.002325581395348837
3274 0.002325581395348837
3288 0.002325581395348837
3321 0.002325581395348837
3381 0.002325581395348837
3435 0.002325581395348837
1952 0.002325581395348837
2046 0.002325581395348837
3574 0.002325581395348837
1853 0.002320185614849188
1939 0.002320185614849188
452 0.002320185614849188
814 0.002320185614849188
3100 0.002320185614849188
2087 0.002320185614849188
2218 0.002320185614849188
2657 0.002320185614849188
1794 0.0023148148148148147
2071 0.0023148148148148147
2254 0.0023148148148148147
671 0.0023148148148148147
3418 0.0023148148148148147
2147 0.0023148148148148147
2429 0.0023148148148148147
2432 0.0023148148148148147
3642 0.0023148148148148147
224 0.0023094688221709007
1148 0.0023094688221709007
1628 0.0023094688221709007
1948 0.0023094688221709007
2735 0.0023094688221709007
2960 0.0023094688221709007
3305 0.0023094688221709007
1008 0.002304147465437788
1019 0.002304147465437788
1327 0.002304147465437788
385 0.002304147465437788
542 0.002304147465437788
634 0.002304147465437788
2942 0.002304147465437788
2970 0.002304147465437788
2987 0.002304147465437788
3040 0.002304147465437788
3395 0.002304147465437788
1983 0.002304147465437788
1173 0.0022988505747126436
1334 0.0022988505747126436
1344 0.0022988505747126436
1736 0.0022988505747126436
1894 0.0022988505747126436
2038 0.0022988505747126436
482 0.0022988505747126436
561 0.0022988505747126436
2748 0.0022988505747126436
3335 0.0022988505747126436
1963 0.0022988505747126436
2257 0.0022988505747126436
2464 0.0022988505747126436
1145 0.0022935779816513763
1175 0.0022935779816513763
1192 0.0022935779816513763
1603 0.0022935779816513763
1645 0.0022935779816513763
2151 0.0022935779816513763
2419 0.0022935779816513763
3252 0.0022935779816513763
3367 0.0022935779816513763
2630 0.0022935779816513763
119 0.002288329519450801
483 0.002288329519450801
951 0.002288329519450801
1077 0.002288329519450801
1565 0.002288329519450801
1769 0.002288329519450801
2039 0.002288329519450801
3270 0.002288329519450801
1928 0.002288329519450801
2131 0.002288329519450801
3589 0.002288329519450801
1037 0.00228310502283105
1495 0.00228310502283105
2081 0.00228310502283105
417 0.00228310502283105
2142 0.00228310502283105
94 0.002277904328018223
1300 0.002277904328018223
1646 0.002277904328018223
1710 0.002277904328018223
3692 0.002277904328018223
2132 0.002277904328018223
2588 0.002277904328018223
2705 0.002277904328018223
3329 0.002277904328018223
3430 0.002277904328018223
2075 0.002277904328018223
2103 0.002277904328018223
2104 0.002277904328018223
2443 0.002277904328018223
1331 0.0022727272727272726
1617 0.0022727272727272726
1691 0.0022727272727272726
3011 0.0022727272727272726
2696 0.0022727272727272726
2828 0.0022727272727272726
2585 0.0022727272727272726
953 0.0022675736961451248
1439 0.0022675736961451248
1582 0.0022675736961451248
1809 0.0022675736961451248
569 0.0022675736961451248
3118 0.0022675736961451248
2485 0.0022675736961451248
2580 0.0022675736961451248
1454 0.0022624434389140274
1638 0.0022624434389140274
500 0.0022624434389140274
1985 0.0022624434389140274
1414 0.002257336343115124
1559 0.002257336343115124
1575 0.002257336343115124
1715 0.002257336343115124
371 0.002257336343115124
875 0.002257336343115124
3117 0.002257336343115124
2467 0.002257336343115124
1184 0.0022522522522522522
1231 0.0022522522522522522
1697 0.0022522522522522522
1902 0.0022522522522522522
2831 0.0022522522522522522
898 0.0022471910112359553
970 0.0022471910112359553
1391 0.0022471910112359553
1489 0.0022471910112359553
1669 0.0022471910112359553
1843 0.0022471910112359553
2655 0.0022471910112359553
1380 0.002242152466367713
2530 0.002242152466367713
2850 0.002242152466367713
2966 0.002242152466367713
3125 0.002242152466367713
2233 0.002242152466367713
3718 0.002242152466367713
1163 0.0022371364653243847
1427 0.0022371364653243847
2058 0.0022371364653243847
2271 0.0022371364653243847
2379 0.0022371364653243847
1075 0.002232142857142857
1271 0.002232142857142857
1438 0.002232142857142857
2649 0.002232142857142857
3183 0.002232142857142857
3257 0.002232142857142857
3351 0.002232142857142857
1962 0.002232142857142857
2532 0.002232142857142857
136 0.0022271714922048997
336 0.0022271714922048997
1406 0.0022271714922048997
2516 0.0022271714922048997
2101 0.0022271714922048997
2465 0.0022271714922048997
3070 0.0022271714922048997
3135 0.0022271714922048997
2077 0.0022271714922048997
2593 0.0022271714922048997
276 0.0022222222222222222
1084 0.0022222222222222222
1086 0.0022222222222222222
1789 0.0022222222222222222
1839 0.0022222222222222222
3054 0.0022222222222222222
3377 0.0022222222222222222
1222 0.0022172949002217295
1255 0.0022172949002217295
1416 0.0022172949002217295
2538 0.0022172949002217295
2028 0.0022172949002217295
3064 0.0022172949002217295
2130 0.0022172949002217295
2324 0.0022172949002217295
1143 0.0022123893805309734
1164 0.0022123893805309734
1665 0.0022123893805309734
645 0.0022123893805309734
2237 0.0022123893805309734
2601 0.0022123893805309734
1191 0.002207505518763797
1396 0.002207505518763797
1835 0.002207505518763797
2053 0.002207505518763797
2582 0.002207505518763797
1115 0.0022026431718061676
1375 0.0022026431718061676
1500 0.0022026431718061676
1589 0.0022026431718061676
751 0.0022026431718061676
2754 0.0022026431718061676
3207 0.0022026431718061676
3788 0.0022026431718061676
1744 0.002197802197802198
592 0.002197802197802198
2876 0.002197802197802198
442 0.0021929824561403508
445 0.0021929824561403508
709 0.0021929824561403508
2608 0.0021929824561403508
3004 0.0021929824561403508
3363 0.0021929824561403508
2410 0.0021929824561403508
2524 0.0021929824561403508
1276 0.002188183807439825
2498 0.002188183807439825
3060 0.002188183807439825
1457 0.002183406113537118
2946 0.002183406113537118
3384 0.002183406113537118
2312 0.002183406113537118
1795 0.002178649237472767
3051 0.002178649237472767
1305 0.002173913043478261
1813 0.002173913043478261
2223 0.002173913043478261
2343 0.002173913043478261
2623 0.002173913043478261
223 0.0021691973969631237
330 0.0021691973969631237
1018 0.0021691973969631237
3017 0.0021691973969631237
3291 0.0021691973969631237
2154 0.0021691973969631237
1060 0.0021645021645021645
2654 0.0021645021645021645
1074 0.0021598272138228943
1313 0.0021598272138228943
3296 0.0021598272138228943
1038 0.0021551724137931034
1471 0.0021551724137931034
3330 0.0021551724137931034
3173 0.002150537634408602
1290 0.002150537634408602
138 0.002145922746781116
3948 0.002145922746781116
2392 0.002145922746781116
325 0.0021413276231263384
1129 0.0021413276231263384
2063 0.0021413276231263384
2333 0.002136752136752137
1432 0.0021321961620469083
2062 0.0021321961620469083
968 0.002127659574468085
1864 0.002127659574468085
2376 0.002127659574468085
3344 0.0021231422505307855
3348 0.0021231422505307855
1241 0.00211864406779661
1867 0.00211864406779661
2139 0.00211864406779661
3226 0.0021141649048625794
2088 0.0021141649048625794
1379 0.002105263157894737
980 0.0020833333333333333
3958 0.002074688796680498
2381 0.002070393374741201
2415 0.002061855670103093
1006 0.002053388090349076
1054 0.002053388090349076
11 0
12 0
15 0
18 0
37 0
43 0
60 0
63 0
72 0
74 0
114 0
153 0
209 0
210 0
215 0
234 0
246 0
287 0
292 0
323 0
335 0
897 0
911 0
918 0
925 0
984 0
988 0
993 0
999 0
1004 0
1021 0
1026 0
1036 0
1039 0
1047 0
1049 0
1063 0
1067 0
1076 0
1079 0
1083 0
1091 0
1092 0
1096 0
1107 0
1112 0
1119 0
1125 0
1132 0
1140 0
1146 0
1156 0
1160 0
1172 0
1176 0
1178 0
1180 0
1182 0
1195 0
1201 0
1204 0
1206 0
1207 0
1209 0
1214 0
1219 0
1227 0
1229 0
1230 0
1233 0
1237 0
1238 0
1239 0
1242 0
1247 0
1249 0
1257 0
1260 0
1262 0
1265 0
1269 0
1272 0
1280 0
1284 0
1286 0
1289 0
1291 0
1293 0
1296 0
1302 0
1312 0
1316 0
1323 0
1330 0
1336 0
1338 0
1341 0
1351 0
1361 0
1362 0
1365 0
1367 0
1370 0
1376 0
1377 0
1386 0
1398 0
1402 0
1408 0
1429 0
1431 0
1435 0
1446 0
1448 0
1449 0
1456 0
1466 0
1467 0
1470 0
1483 0
1484 0
1490 0
1493 0
1506 0
1513 0
1516 0
1520 0
1524 0
1530 0
1532 0
1535 0
1539 0
1542 0
1551 0
1560 0
1572 0
1580 0
1581 0
1590 0
1604 0
1605 0
1606 0
1613 0
1619 0
1620 0
1621 0
1622 0
1623 0
1634 0
1639 0
1643 0
1644 0
1651 0
1653 0
1662 0
1663 0
1690 0
1700 0
1704 0
1712 0
1717 0
1721 0
1724 0
1735 0
1737 0
1741 0
1742 0
1750 0
1753 0
1755 0
1764 0
1768 0
1771 0
1772 0
1774 0
1775 0
1793 0
1796 0
1799 0
1804 0
1811 0
1816 0
1819 0
1820 0
1821 0
1834 0
1849 0
1862 0
1870 0
1872 0
1877 0
1879 0
1880 0
1883 0
1884 0
1885 0
1932 0
1945 0
1976 0
2007 0
2068 0
2117 0
2127 0
2174 0
2180 0
2199 0
2203 0
2225 0
2267 0
2268 0
2279 0
2283 0
2302 0
2336 0
2398 0
2436 0
2445 0
2458 0
2459 0
2463 0
2494 0
2510 0
2511 0
2543 0
2547 0
2589 0
2617 0
370 0
391 0
394 0
402 0
421 0
423 0
426 0
430 0
447 0
493 0
497 0
502 0
514 0
527 0
550 0
604 0
610 0
585 0
608 0
638 0
668 0
674 0
1967 0
692 0
706 0
744 0
794 0
826 0
844 0
860 0
891 0
3304 0
3331 0
3406 0
1941 0
1959 0
2065 0
2134 0
2169 0
2191 0
2194 0
2196 0
2266 0
2285 0
2293 0
2315 0
2332 0
2368 0
2372 0
2509 0
2512 0
2597 0
3265 0
1947 0
1954 0
2002 0
2026 0
2052 0
2137 0
2144 0
2163 0
2176 0
2246 0
2273 0
2294 0
2344 0
2377 0
2394 0
3355 0
2664 0
2673 0
2674 0
2676 0
2684 0
2694 0
2706 0
2712 0
2715 0
2717 0
2727 0
2743 0
2747 0
2749 0
2753 0
2756 0
2757 0
2773 0
2785 0
2795 0
2800 0
2842 0
2852 0
2855 0
2872 0
2880 0
2894 0
2896 0
2901 0
2906 0
2908 0
2913 0
2917 0
2920 0
2927 0
2928 0
2936 0
2944 0
2953 0
2956 0
2963 0
2973 0
2991 0
3006 0
3007 0
3015 0
3026 0
3029 0
3031 0
3039 0
3049 0
3069 0
3071 0
3073 0
3085 0
3092 0
3096 0
3102 0
3115 0
3133 0
3134 0
3142 0
3156 0
3169 0
3188 0
3193 0
3197 0
3213 0
3220 0
3230 0
3235 0
3240 0
3250 0
3280 0
3284 0
3292 0
3316 0
3323 0
3342 0
3353 0
3362 0
3380 0
3387 0
3394 0
3417 0
3422 0
3434 0
2003 0
2325 0
1917 0
1918 0
1925 0
1929 0
1938 0
1953 0
1971 0
1982 0
1986 0
1987 0
1989 0
1997 0
2000 0
2005 0
2012 0
2021 0
2043 0
2055 0
2059 0
2069 0
2073 0
2074 0
2079 0
2083 0
2086 0
2095 0
2097 0
2118 0
2122 0
2123 0
2124 0
2136 0
2140 0
2150 0
2159 0
2165 0
2179 0
2188 0
2200 0
2201 0
2205 0
2206 0
2208 0
2210 0
2213 0
2220 0
2229 0
2231 0
2240 0
2243 0
2249 0
2259 0
2261 0
2269 0
2275 0
2276 0
2278 0
2280 0
2287 0
2290 0
2303 0
2305 0
2306 0
2309 0
2310 0
2323 0
2326 0
2334 0
2339 0
2359 0
2367 0
2369 0
2373 0
2374 0
2390 0
2407 0
2408 0
2409 0
2414 0
2423 0
2430 0
2433 0
2446 0
2449 0
2454 0
2460 0
2462 0
2470 0
2476 0
2477 0
2479 0
2484 0
2489 0
2500 0
2507 0
2522 0
2526 0
2537 0
2539 0
2540 0
2546 0
2549 0
2550 0
2551 0
2553 0
2554 0
2556 0
2557 0
2559 0
2560 0
2569 0
2574 0
2576 0
2578 0
2586 0
2591 0
2596 0
2599 0
2600 0
2604 0
2606 0
2607 0
2613 0
2615 0
2619 0
2624 0
2625 0
2631 0
2638 0
3453 0
3457 0
3570 0
3650 0
3709 0
3729 0
3748 0
3794 0
3798 0
3820 0
3853 0
3854 0
3856 0
3884 0
3935 0
3955 0
3974 0
4008 0
4035 0
