3437 0.00829669
107 0.00733444
1684 0.00679298
0 0.00662005
1912 0.00398612
686 0.00243408
348 0.00242763
3980 0.00234031
414 0.00184658
483 0.00148495
698 0.00133438
3830 0.00133232
376 0.00100158
56 0.000942796
828 0.000913693
67 0.000909065
25 0.000907512
322 0.000905065
3596 0.000901767
2047 0.000901411
475 0.000879167
271 0.000877568
1888 0.000863772
428 0.000863312
3545 0.000859991
3938 0.000859195
713 0.000852717
1800 0.000845141
277 0.000824139
119 0.000819331
3604 0.000815461
26 0.000813357
1352 0.000806425
917 0.000803564
1663 0.000802819
21 0.000801029
1730 0.000789901
2543 0.000787599
705 0.000786238
252 0.000782475
563 0.000781989
1431 0.000781418
1086 0.000778293
3101 0.000770847
122 0.000765223
3291 0.000761759
1584 0.000758391
805 0.000755406
412 0.000741523
2347 0.000739647
637 0.000739313
3397 0.000737088
2951 0.000735929
3521 0.000733219
719 0.000732969
1768 0.00073254
1199 0.000730814
3684 0.000723495
239 0.000721348
3082 0.000720314
2742 0.00071931
1783 0.000718797
3320 0.000717374
517 0.000712113
2313 0.000711716
2839 0.000711434
136 0.000707895
373 0.00070752
2863 0.000703233
1827 0.000696977
203 0.000694044
9 0.000693207
315 0.000690354
484 0.000689181
3633 0.000687586
1589 0.000687556
3280 0.00068638
200 0.000685822
353 0.000682859
3363 0.00068274
1746 0.00068104
1126 0.000676863
2730 0.000671806
747 0.000669927
3756 0.000667871
304 0.000663101
363 0.000662264
896 0.000659985
1377 0.00065825
745 0.000658112
3434 0.000656758
1804 0.000654387
366 0.000650912
2384 0.000650714
824 0.00065046
1390 0.000649572
1277 0.000648821
513 0.000647511
2754 0.000645704
1621 0.000645457
3051 0.000643891
3116 0.000643328
1085 0.000642147
1835 0.00064126
1612 0.000639353
1833 0.000638812
823 0.000637608
3154 0.00063711
3838 0.000633575
553 0.000633058
3948 0.000632632
1559 0.000631047
2111 0.000629215
2716 0.000629041
830 0.000626226
2133 0.000625076
1472 0.000623262
2719 0.00062198
3495 0.000620226
1714 0.000620016
4030 0.000619311
1376 0.000618059
2289 0.000617834
1707 0.000615807
694 0.000615507
2793 0.00061471
3851 0.000614642
3584 0.000614068
1941 0.000613625
2199 0.000612585
1613 0.00061197
2661 0.000610697
697 0.000609417
1078 0.000609187
500 0.000606015
3442 0.000604231
3426 0.000603393
497 0.000600806
3793 0.000600259
1399 0.000599981
1622 0.000599719
3090 0.000599592
1610 0.000597994
4023 0.000595657
1577 0.00059432
2778 0.000593752
606 0.000592738
3506 0.000590487
1391 0.000589793
1471 0.000588863
3330 0.000588214
538 0.000586819
3611 0.000586615
188 0.000583431
781 0.000582898
1211 0.000582467
1718 0.000582423
2081 0.000581726
559 0.000580575
566 0.000580572
98 0.000579048
285 0.000576591
1551 0.000575506
561 0.000573988
2283 0.000573561
170 0.000573123
925 0.000571617
3877 0.000570076
3038 0.000569961
3593 0.000569186
199 0.000568287
2328 0.000568128
946 0.00056793
1536 0.000567776
3150 0.000566857
1104 0.000566395
272 0.000566388
3198 0.000566103
395 0.000565446
3201 0.000565028
580 0.000564669
1367 0.0005619
3677 0.000561691
856 0.00055958
1813 0.00055951
465 0.000558225
1059 0.00055774
1235 0.000557402
1204 0.000556543
40 0.000555868
3035 0.000555246
1839 0.000554688
2944 0.000553975
2598 0.000553457
2007 0.000552648
2054 0.000552477
3076 0.000551945
2724 0.00054915
2966 0.000547273
3758 0.000547073
3918 0.000544138
1554 0.000542831
3577 0.000542816
2333 0.00054258
422 0.000541949
280 0.000541475
3680 0.000541362
3152 0.000538626
3232 0.000537744
1070 0.000536904
724 0.000536102
2877 0.000535579
332 0.000535263
3456 0.000534688
1964 0.000534438
3906 0.000532414
186 0.000530987
2087 0.000530217
2117 0.000529209
1184 0.00052904
2786 0.000528735
1014 0.000528101
2282 0.000527959
1522 0.000527652
1459 0.000527294
1238 0.000526126
3019 0.000526093
1516 0.000524429
3002 0.000523601
1591 0.000523106
3252 0.000522612
312 0.000522454
3501 0.000521972
993 0.000521454
506 0.000521344
370 0.000520928
1604 0.000520728
2266 0.000519614
3350 0.000519382
3672 0.000519178
1736 0.000518872
3930 0.000518208
1185 0.000517924
1505 0.000517325
526 0.000516695
3256 0.000516174
1420 0.000515895
688 0.000515839
567 0.00051569
1786 0.000514182
142 0.000514098
400 0.00051351
1557 0.000512827
3351 0.000511875
3185 0.000511541
3734 0.000511084
431 0.000509965
3824 0.000509159
438 0.0005091
1799 0.000507031
3132 0.000506679
3026 0.000505347
1146 0.000505155
2901 0.000504851
1017 0.000504744
827 0.00050454
2336 0.000504363
2986 0.000504206
3804 0.000503374
2833 0.000502342
3800 0.00050207
1222 0.000501914
1985 0.000501642
1926 0.000500887
460 0.000500341
2782 0.000499182
3971 0.000498763
1345 0.00049851
1583 0.000498329
2032 0.000498244
703 0.00049824
1192 0.00049818
172 0.000497791
1879 0.0004961
2187 0.000495747
3078 0.000495223
916 0.000495062
1703 0.000494655
3387 0.000493517
1358 0.000493288
1447 0.000493276
651 0.000493198
3060 0.000492867
1945 0.000492684
3360 0.00049208
1331 0.000491969
213 0.000491612
3140 0.000491392
2956 0.000490781
853 0.000490532
2669 0.000490514
3968 0.000490022
2849 0.000490022
3302 0.000488674
2142 0.000487943
3924 0.000487925
3455 0.000487562
374 0.000487421
3396 0.000486647
525 0.000486139
3448 0.000485822
3966 0.000485804
2748 0.000485565
1662 0.000485472
3586 0.000485409
2268 0.000485337
2904 0.000484825
1620 0.000484692
1361 0.00048451
544 0.000484113
2233 0.000483751
3233 0.000482919
2642 0.000482781
1603 0.000482222
1793 0.000481928
1006 0.000481387
3263 0.000481379
323 0.000480227
3488 0.000479554
2068 0.000479446
2292 0.000478947
113 0.000478184
2915 0.000477755
2694 0.000477336
3705 0.000476909
3324 0.000476151
2679 0.00047597
41 0.000474966
3136 0.000474955
3214 0.000474552
2927 0.000473297
1076 0.000473186
3449 0.000472963
3629 0.000472956
3347 0.000472915
834 0.000472567
2828 0.000471879
1132 0.000471474
507 0.000470926
1717 0.00047001
1329 0.000469883
3829 0.000469473
2511 0.000469345
3998 0.000469306
1107 0.000469149
3000 0.000468182
2510 0.000468025
2960 0.000468004
1598 0.000467199
3017 0.000466315
1322 0.000466274
3077 0.000466238
325 0.000465536
3344 0.000465439
3342 0.000464907
2138 0.000464555
2890 0.000464145
3366 0.000464094
2738 0.000463483
2906 0.000463468
3797 0.000463411
3027 0.000463046
1124 0.000462983
1761 0.000462843
261 0.000461954
3790 0.000461899
1153 0.000461814
2038 0.000461678
169 0.000461504
2153 0.000461366
1573 0.000460902
3049 0.000460418
784 0.000460122
1669 0.000459719
1250 0.000459609
3558 0.000459158
1338 0.000458756
2509 0.000458287
695 0.000457699
236 0.000456953
1256 0.000456745
1175 0.000456616
3417 0.000456315
3172 0.000456261
514 0.000456038
492 0.000455938
1791 0.000455515
313 0.000455463
1488 0.000455216
3982 0.000454966
2102 0.000453965
3406 0.000453839
524 0.000453723
1509 0.000453573
3104 0.00045306
3267 0.000452225
2555 0.00045208
291 0.000450886
2992 0.000449413
109 0.000449299
2176 0.000448809
2928 0.000448333
980 0.000447927
3033 0.000447475
2973 0.000447374
3321 0.000447274
592 0.000446833
436 0.000446524
2755 0.000446314
2611 0.00044627
2183 0.000444689
1574 0.000444592
3926 0.000443365
2869 0.000443287
118 0.000442281
2229 0.000442237
1893 0.000442048
1456 0.000441745
1366 0.000441545
1844 0.000441301
3842 0.000441043
378 0.000440678
3568 0.000440576
2471 0.000440481
53 0.000439825
1630 0.000439434
3902 0.000439325
2916 0.000439186
3529 0.000439168
1902 0.000439167
391 0.000438862
419 0.000438819
1871 0.000438764
3274 0.00043849
800 0.000437874
1173 0.000437825
515 0.000437366
2072 0.000437247
2206 0.000436863
2126 0.0004368
2410 0.000436658
3576 0.00043665
1757 0.000436228
815 0.000436008
3162 0.000435724
2149 0.000435681
1683 0.000434731
1729 0.0004347
417 0.000434658
3145 0.00043444
728 0.000434305
2781 0.000434023
1467 0.00043394
456 0.000433696
3277 0.000433652
1709 0.000433567
774 0.000433446
819 0.000433092
2224 0.000432839
2560 0.000432053
3945 0.00043192
1816 0.000431853
3179 0.000431186
1227 0.000431006
3640 0.000430669
3617 0.000430406
3120 0.000430115
1479 0.000430039
820 0.000429849
3182 0.000429331
2279 0.000429281
3553 0.000429254
2327 0.000428743
1032 0.000428616
2218 0.000428578
1462 0.00042804
1570 0.000427866
3054 0.000427847
2750 0.000427663
1993 0.000427222
1255 0.000427027
1823 0.000426184
3113 0.000425595
2629 0.000425396
1983 0.000425298
1661 0.000425195
3674 0.000425142
3810 0.00042503
1750 0.000425006
1335 0.000424791
2078 0.000424756
1469 0.000424587
1867 0.000424403
641 0.000424149
1269 0.000423941
2247 0.000423856
2526 0.000423828
2943 0.00042376
82 0.000423684
3084 0.000423466
2683 0.000423329
2676 0.000423094
2674 0.000423071
579 0.000422448
3240 0.00042241
2777 0.000422376
1628 0.000422342
1665 0.000422233
3348 0.00042222
3345 0.000422212
2123 0.000421613
2463 0.00042115
2309 0.000420824
1742 0.000420681
2461 0.000420607
2757 0.000420468
1230 0.000420364
2542 0.000420298
2174 0.000420237
3794 0.000420223
2324 0.000420033
329 0.000419859
2939 0.000419844
115 0.000419663
2664 0.000419573
3722 0.000419443
2507 0.000419052
2302 0.000419045
1052 0.00041889
542 0.000418864
3514 0.000418832
1675 0.000418804
2240 0.000418411
3353 0.000418184
1330 0.000418
752 0.00041796
2464 0.000417162
2910 0.000417147
2294 0.000417141
2800 0.000417125
423 0.000416606
3951 0.000416557
3599 0.00041647
402 0.000415978
842 0.000415503
2602 0.000415119
2592 0.000414858
3335 0.000414617
2344 0.000414516
1689 0.000414201
1491 0.000414153
2244 0.000413964
2468 0.000413386
2088 0.000413189
1101 0.000413056
2131 0.000412721
3731 0.000412143
1117 0.000411954
2604 0.000411699
2649 0.000411253
630 0.000411185
2319 0.000410901
1341 0.000410722
1320 0.000410255
432 0.000410066
2340 0.000409808
1214 0.000409749
3962 0.000409597
2491 0.000409203
1899 0.000409108
2867 0.000408875
2369 0.000408855
2590 0.000408623
1427 0.000408324
1079 0.000407992
1373 0.00040763
1868 0.000407558
342 0.000407254
3900 0.000407117
3737 0.00040697
2780 0.000406805
1947 0.0004068
2125 0.000406175
3605 0.000405602
1520 0.00040555
2071 0.000405514
3411 0.000405494
503 0.000405303
1668 0.000405176
1920 0.000404578
829 0.000404567
2607 0.000404168
2073 0.00040396
2925 0.00040352
3782 0.000403306
1959 0.000402801
3625 0.000402483
2909 0.000402384
3022 0.00040237
2188 0.000402277
2220 0.000402026
2172 0.000401752
2150 0.00040172
1547 0.000401139
2428 0.000400861
3327 0.000400569
1842 0.000400204
1943 0.000400176
1004 0.000399925
1600 0.000399557
3464 0.000399487
773 0.000399057
726 0.000399
2419 0.000398554
1221 0.000398429
3226 0.000398335
1334 0.0003976
2866 0.00039738
2059 0.000397114
3056 0.000397016
2241 0.000396944
947 0.000396138
3385 0.000396075
1159 0.000395924
389 0.000395777
3299 0.000395623
3873 0.000395418
3692 0.000395391
3247 0.000395176
1608 0.000395028
493 0.000395002
2624 0.000394906
1946 0.000394841
397 0.000394744
4014 0.000394707
3525 0.000394636
1267 0.000394569
2331 0.000394482
1504 0.000394101
3362 0.00039379
1596 0.000393649
2601 0.000393377
1917 0.000393126
2223 0.000392981
1617 0.000392877
766 0.00039253
2894 0.000392104
1636 0.000391927
1849 0.000391903
2201 0.000391652
2937 0.000391636
1938 0.000391146
1347 0.000390699
2564 0.000390472
2090 0.000389742
1876 0.000389633
3702 0.000389159
2936 0.000389039
1125 0.000388459
3921 0.000388408
3869 0.000388324
2118 0.000388077
1067 0.00038794
408 0.000387644
1275 0.000387579
2184 0.000387527
3419 0.000387296
3087 0.000386725
1962 0.000386347
2030 0.000386277
2064 0.000385936
3947 0.000385683
3738 0.000385515
2127 0.000385426
2617 0.000385291
461 0.000385039
3825 0.00038493
1243 0.000384821
3826 0.000384723
2586 0.00038461
1465 0.000384241
2103 0.00038415
1563 0.000384001
3332 0.000383828
104 0.000383767
2625 0.000383252
1721 0.000383196
3072 0.00038318
2913 0.000382676
2615 0.000382666
2872 0.000382642
1752 0.000382479
3106 0.000382291
346 0.000382155
2053 0.000381932
2864 0.000381599
23 0.00038149
2275 0.000381315
1619 0.000381018
3833 0.000380976
1231 0.000380739
2920 0.00038026
2593 0.00038016
3096 0.000380147
953 0.000380005
2567 0.000379859
1502 0.000379809
1687 0.000379801
1809 0.000379744
966 0.000379533
3297 0.000379306
2180 0.000379156
3115 0.000379115
2414 0.000378998
2339 0.000378994
967 0.000378885
1172 0.00037865
2037 0.000378411
2600 0.000378225
2827 0.000377935
780 0.000377763
2323 0.000377716
2873 0.000377626
2290 0.000377526
1409 0.000377491
1597 0.000377478
2376 0.000377416
2250 0.000377226
3378 0.000377113
504 0.000376771
1291 0.000375881
3107 0.000375206
1725 0.000375097
3860 0.00037481
1080 0.000374645
2395 0.00037461
1191 0.000374506
3070 0.000374423
3146 0.000373889
2905 0.000373697
1305 0.000373341
2271 0.000373182
1370 0.000372994
1475 0.000372948
1857 0.000372836
3526 0.000372609
1048 0.000372577
2853 0.000372412
3764 0.000372405
1416 0.000372166
2104 0.000372146
2500 0.000372102
1984 0.000371291
3174 0.000371215
2039 0.000371198
2093 0.000371117
1237 0.000371019
2326 0.000370987
3239 0.000370893
1525 0.000370747
2398 0.000370696
1487 0.00037047
2796 0.000369897
4031 0.000369724
2409 0.000368977
1515 0.000368956
2989 0.000368901
2278 0.000368894
1611 0.000368773
3253 0.000368262
1966 0.000367902
3168 0.000367858
1688 0.000367649
3339 0.000367639
2143 0.000367395
3119 0.000366997
2492 0.000366977
13 0.000366969
3528 0.000366942
339 0.000366767
1735 0.000366544
1864 0.000366484
2139 0.000366217
1861 0.000365935
1261 0.000365767
2451 0.000365694
921 0.000365688
175 0.00036565
2169 0.000365459
2354 0.000365245
2991 0.000365171
1066 0.000365122
3468 0.000365086
1979 0.000364767
1971 0.000364755
3195 0.000364748
978 0.000364735
3169 0.000364416
3690 0.000364328
1282 0.000363704
1845 0.00036364
2196 0.000363318
596 0.000363167
2381 0.000362766
2351 0.00036271
2045 0.000362415
19 0.00036235
2194 0.000362254
810 0.000362188
2862 0.000362067
3365 0.000361797
211 0.000361213
556 0.000361089
2553 0.000361072
3117 0.00036086
326 0.000360839
520 0.000360645
3540 0.00036043
1645 0.000360335
1820 0.000360229
1886 0.000359876
2969 0.000359743
2919 0.000359598
3994 0.000359578
2043 0.000359516
404 0.000359485
1128 0.000359199
1298 0.00035873
2189 0.000358717
3822 0.000358192
2069 0.000358183
960 0.000357986
2200 0.000357856
4021 0.000357834
1083 0.000357656
3486 0.000357471
2404 0.000357274
2630 0.000357213
3295 0.000357166
2338 0.000356902
2946 0.000356736
2033 0.000356641
1273 0.000356574
2665 0.000355978
1495 0.000355593
1948 0.000355475
3469 0.000355372
2706 0.000354282
708 0.000354007
1741 0.000353938
2028 0.000353577
1302 0.000353216
3728 0.000352949
3460 0.000352833
2356 0.000352709
2052 0.000352539
1637 0.00035252
3403 0.000352461
2140 0.000352164
3997 0.000352027
2372 0.000351984
2597 0.000350933
1972 0.000350548
1954 0.00035023
2758 0.000350056
3224 0.000350027
1712 0.000349638
3711 0.000349375
2460 0.00034936
3284 0.000349236
942 0.000348997
3841 0.000348989
2203 0.000348621
1794 0.00034841
2729 0.000348331
1549 0.000348221
2124 0.000348195
2698 0.000348036
2361 0.000347999
531 0.000347354
849 0.000347188
2616 0.000346805
2550 0.000346729
3111 0.000346699
343 0.00034652
1149 0.000345998
1473 0.000345928
2911 0.000345688
3542 0.000345527
1205 0.00034548
3884 0.000345229
2190 0.00034506
3740 0.000344998
2352 0.000344903
2659 0.000344847
654 0.000344784
2374 0.000344755
573 0.000344686
2655 0.000344591
3261 0.000344538
334 0.000343997
2363 0.000343787
1789 0.000343646
739 0.000343405
324 0.000343395
1530 0.00034319
2608 0.000343044
444 0.000342997
224 0.000342865
1041 0.0003428
696 0.000342775
2332 0.000342044
1480 0.00034191
2512 0.000341836
3821 0.000341483
2520 0.000341437
1894 0.000341427
3412 0.000341224
3628 0.000340663
718 0.000340195
2638 0.000340071
2423 0.000340067
1482 0.00034002
2787 0.000339982
141 0.000339733
3089 0.000339676
2559 0.00033948
1259 0.000339433
1898 0.000339363
2619 0.000339357
1158 0.000339212
2582 0.0003392
2325 0.000339045
3836 0.000338845
1810 0.000338715
171 0.000338669
2689 0.000338661
1339 0.000338468
463 0.000338182
1960 0.000338077
930 0.000337582
2578 0.000337507
2171 0.000337439
3651 0.000337322
1826 0.000337185
2763 0.0003366
1576 0.000336439
1148 0.000336387
2108 0.000336284
214 0.000336254
2364 0.000336096
3466 0.000335963
2880 0.000335567
3518 0.000335383
128 0.000335023
754 0.000334914
2498 0.000334784
2994 0.00033469
249 0.000334667
1590 0.000334645
787 0.000334643
3590 0.000334578
1003 0.000334372
1483 0.000334322
3188 0.000334219
3475 0.000334088
2955 0.000333882
3369 0.000333537
3149 0.000333531
3505 0.000333125
770 0.000333083
3433 0.000332975
1156 0.000332886
3386 0.00033279
2643 0.000332755
3687 0.000332603
3508 0.000332361
1918 0.000332338
2482 0.000332284
1163 0.000332243
1643 0.000332124
3355 0.000331996
545 0.000331991
957 0.000331928
2458 0.000331874
4004 0.000331836
2074 0.000331807
1623 0.000331713
2112 0.000331623
1770 0.00033154
2446 0.000331528
2154 0.000331523
2875 0.000331379
1496 0.000331109
242 0.000330887
3020 0.000330815
2594 0.000330636
760 0.000330476
2549 0.000329445
3867 0.000329288
591 0.00032901
1715 0.000328799
2551 0.0003286
3907 0.000328482
2508 0.00032831
3662 0.000328056
1951 0.000328
2533 0.000327911
3098 0.000327668
2121 0.000326981
2475 0.000326832
3710 0.000326803
1426 0.000326789
997 0.000326341
2988 0.000326026
1029 0.000325968
227 0.00032593
1360 0.00032592
3933 0.00032577
265 0.000325717
1100 0.000325608
3381 0.000325484
2020 0.000325255
2370 0.000324994
3858 0.000324972
2128 0.000324934
3927 0.000324796
2537 0.000324514
80 0.000324199
2394 0.000324167
2253 0.000324151
3835 0.000324048
3721 0.00032394
1692 0.000323892
1995 0.000323852
116 0.000323851
3713 0.000323735
1882 0.000323645
2561 0.000323447
1973 0.000323205
2753 0.00032315
2940 0.000322725
137 0.000322538
2040 0.000322405
3184 0.000322263
1271 0.00032226
2246 0.000322148
2042 0.000322132
1616 0.000322042
2132 0.000321965
360 0.000321859
4009 0.000321525
527 0.000321506
3073 0.00032107
3287 0.000321021
1831 0.000320917
455 0.000320861
2257 0.000320806
1166 0.000320649
2308 0.000320498
2950 0.0003203
3718 0.000319804
1685 0.000319775
3064 0.000319405
2005 0.000319303
687 0.000319283
523 0.000319221
2095 0.000318897
3391 0.000318853
2299 0.000318791
1540 0.00031865
1986 0.000318513
3416 0.00031829
1680 0.00031824
3747 0.00031821
185 0.00031814
452 0.000318084
2276 0.000317904
1828 0.000317668
3870 0.0003176
158 0.000317498
62 0.000316824
3750 0.000316783
764 0.000316773
2865 0.000316665
2377 0.000316503
1449 0.000316347
1609 0.000316311
223 0.000316304
2434 0.000315735
3546 0.000315718
3753 0.000315211
3791 0.000314925
1122 0.0003149
2720 0.000314773
1807 0.00031468
2408 0.000314513
2573 0.00031448
3538 0.000314222
2116 0.000314212
355 0.000314044
3636 0.000313758
924 0.000313477
2881 0.000313465
2436 0.000313399
1242 0.00031338
3956 0.000313121
3557 0.000313086
840 0.000312876
3258 0.000312856
3693 0.000312848
3108 0.000312826
2129 0.000312785
439 0.000312727
1236 0.000312651
2348 0.000312606
3714 0.000312016
1932 0.000311628
4017 0.000311569
320 0.000311308
3293 0.000310993
2504 0.000310471
1021 0.000310396
1344 0.000310152
1423 0.000309808
2488 0.000309726
31 0.000309604
1929 0.000309523
3005 0.000309437
2588 0.000309333
1284 0.000309156
2654 0.000309133
3207 0.000308944
1545 0.000308516
3886 0.000308424
3011 0.000308396
2810 0.000308009
3196 0.000307993
94 0.000307958
4000 0.0003079
1020 0.000307822
1555 0.000307782
3206 0.000307726
2433 0.000307685
1955 0.000307647
1824 0.000307594
1940 0.000307589
1288 0.000307516
2666 0.0003075
2084 0.000307257
2254 0.000307217
1716 0.000307198
3569 0.000306324
1413 0.000306308
1819 0.000306295
1129 0.000306262
1160 0.000306235
3177 0.000305852
2912 0.000305583
3118 0.000305536
204 0.00030551
1881 0.000305295
2001 0.000304944
1051 0.000304817
1691 0.000304801
2273 0.000304774
555 0.000304736
3288 0.000304604
3034 0.000304305
2083 0.000303652
2430 0.000303517
727 0.000303397
1605 0.00030326
4038 0.000302859
1024 0.000302709
3025 0.000302447
1548 0.000302186
797 0.000301985
232 0.000301924
2785 0.000301738
3706 0.000301596
48 0.000301555
1113 0.000301074
2026 0.000300928
3511 0.000300917
161 0.000300577
1569 0.00030053
2359 0.000300323
1272 0.00030024
847 0.000299908
3986 0.000299543
862 0.000299542
2148 0.000299525
1099 0.000299516
3204 0.000299495
2871 0.000299468
2122 0.000299067
1837 0.000298952
3265 0.000298648
2495 0.000298613
1290 0.000298546
3021 0.000298133
3995 0.000298122
609 0.000297997
2741 0.000297964
2334 0.000297904
2546 0.000297755
1666 0.000297428
2985 0.000297407
297 0.000297388
1019 0.00029685
3272 0.000296846
1980 0.000296684
1795 0.000296633
2974 0.000296577
954 0.000296455
3137 0.000296447
1733 0.000296384
3969 0.000296254
941 0.000295642
92 0.000295307
496 0.000295149
2575 0.000294839
1787 0.000294493
1136 0.000294413
2958 0.000294307
2516 0.000294165
3743 0.000294122
3725 0.000294115
4026 0.000294036
2932 0.000293982
3097 0.000293662
1036 0.000293483
2063 0.000293442
2317 0.000293318
2135 0.000293276
2236 0.000293014
1009 0.000292961
3500 0.00029292
1181 0.000292843
2521 0.0002928
814 0.00029265
1049 0.000292464
3298 0.000292385
72 0.000291874
2773 0.000291699
2999 0.000291565
2232 0.000291242
3534 0.000291159
3102 0.000291095
308 0.000291051
3931 0.000290428
3759 0.000290241
2284 0.000289928
1312 0.000289452
2993 0.000289369
1179 0.000289232
3643 0.000289106
3559 0.000289076
653 0.000289051
1359 0.000289015
1304 0.000288939
1895 0.000288879
1396 0.000288855
2728 0.000288781
2049 0.000288621
1082 0.000288504
2307 0.000288383
3463 0.000288362
2107 0.000288196
2191 0.000288037
2212 0.000287859
2539 0.000287801
3828 0.000287717
3768 0.000287186
20 0.000287024
1217 0.000286794
3719 0.000286758
1075 0.000286261
2921 0.00028603
2386 0.000285908
2815 0.000285843
3490 0.000285794
3443 0.00028576
3730 0.000285665
144 0.000285584
88 0.000285471
1655 0.000285054
1529 0.000285041
2002 0.000284843
3219 0.000284836
1567 0.000284675
731 0.000284639
738 0.000284636
557 0.000284395
2806 0.00028426
1388 0.000284242
299 0.000284217
2646 0.000284119
3086 0.00028409
2134 0.000284054
3549 0.000284043
2151 0.000283951
14 0.000283758
1919 0.000283728
2538 0.000283598
1026 0.000283421
3440 0.000283191
2267 0.000283188
2765 0.00028307
1639 0.000283047
1097 0.000283004
3635 0.000282994
2485 0.000282507
2640 0.00028214
3609 0.000282116
680 0.000282024
1593 0.00028183
2914 0.000281761
2161 0.000281662
111 0.000281635
180 0.00028149
1927 0.000281403
3142 0.000281192
3774 0.000281101
1371 0.000281065
2086 0.000281046
99 0.000281031
1565 0.000280999
3001 0.000280698
1380 0.000280613
2365 0.00028052
2018 0.000280358
2115 0.000280324
1580 0.000280126
1432 0.000279924
1289 0.000279884
2472 0.000279805
1216 0.000279481
1292 0.000279452
387 0.000279376
2010 0.000279338
2620 0.000279229
1753 0.000279124
2371 0.000279026
238 0.000278988
1257 0.000278873
1110 0.000278827
1435 0.000278721
1862 0.000278653
2931 0.000278518
302 0.000278504
2945 0.00027829
2368 0.000278109
2397 0.000277957
537 0.000277805
1997 0.000277661
2469 0.000277637
3220 0.000277612
3776 0.000277524
3868 0.000277496
1975 0.00027749
3831 0.000277373
2109 0.000277347
1998 0.000277137
2645 0.000277081
2996 0.000276876
817 0.000276842
1659 0.000276817
2231 0.00027674
3634 0.000276465
1454 0.000276336
3187 0.000276262
583 0.000276233
3191 0.000276014
1405 0.000275812
952 0.000275784
2718 0.00027538
1155 0.0002753
3915 0.000275182
2399 0.000275146
934 0.000275136
3158 0.000275103
2216 0.000274792
734 0.000274709
2322 0.000274445
3331 0.000274432
1349 0.000274267
3891 0.000274143
619 0.000274129
2675 0.000274114
617 0.000274051
2300 0.000274049
1307 0.000273834
678 0.000273832
3395 0.000273825
3499 0.000273796
231 0.000273725
1806 0.000273539
1118 0.000273474
975 0.000273167
3957 0.000273153
2712 0.000272697
1258 0.000272421
4020 0.00027238
1198 0.000272113
1332 0.000272073
2623 0.000271922
3052 0.000271906
1102 0.000271831
2897 0.000271802
1699 0.000271788
1533 0.00027178
392 0.000271517
2556 0.000271345
1916 0.000271089
3004 0.000270729
1652 0.000270689
1939 0.000270557
143 0.000270468
2668 0.000270446
1656 0.00027044
3803 0.000270176
1523 0.000270176
388 0.000270035
2589 0.000269776
2749 0.000269774
3624 0.000269761
1374 0.00026961
1634 0.000269518
1018 0.000269484
1369 0.00026928
430 0.000269237
908 0.000269212
2006 0.000268947
3480 0.000268857
2024 0.000268797
101 0.000268761
2680 0.000268664
1448 0.000268344
1866 0.000267957
1280 0.000267848
1109 0.000267764
1751 0.000267759
1587 0.00026774
906 0.000267708
2657 0.000267591
2467 0.000267517
927 0.000267349
2165 0.000267233
1534 0.0002672
1189 0.000267167
2976 0.000267119
3114 0.000267103
2717 0.000267098
3029 0.000267046
995 0.000266996
194 0.000266879
3065 0.000266735
2743 0.000266709
3648 0.000266548
3554 0.000266343
570 0.000266307
1798 0.000266264
1452 0.000266216
2412 0.000265952
1632 0.000265836
3571 0.000265739
3612 0.000265614
1539 0.000265426
901 0.000265359
2261 0.000265346
184 0.000265174
1970 0.000265162
615 0.000265144
600 0.000265078
661 0.000265068
643 0.000265066
3909 0.000264998
3296 0.000264852
3346 0.000264686
3085 0.000264619
662 0.000264588
149 0.000264457
1210 0.000264449
627 0.000264275
659 0.000264272
578 0.000264265
658 0.000264249
2448 0.000264131
3799 0.000263886
2335 0.00026372
3761 0.000263604
2091 0.000263486
903 0.00026347
226 0.000263435
7 0.000263246
2144 0.000263007
3471 0.000262954
792 0.00026287
547 0.00026265
1120 0.000262541
2420 0.000262262
1323 0.000262214
2506 0.000262104
2343 0.000261964
1123 0.000261798
1507 0.000261758
1737 0.000261644
636 0.000261583
3757 0.00026155
310 0.000261467
3248 0.000261434
3473 0.000261397
303 0.000261343
1348 0.000261254
1010 0.000261166
1872 0.000261121
3601 0.000261011
479 0.000260754
1060 0.000260747
4027 0.000260686
2970 0.000260606
1925 0.000260578
1209 0.000260397
2896 0.000260343
2056 0.000260203
2484 0.000259935
1511 0.000259792
2211 0.000259755
3509 0.000259688
1720 0.00025968
3861 0.000259624
248 0.000259452
3850 0.000259437
848 0.000259063
2417 0.000258768
1260 0.000258763
2836 0.000258727
3679 0.000258727
3837 0.000258503
1318 0.000258374
2077 0.000258336
1673 0.000258334
3422 0.000258077
845 0.00025791
394 0.000257898
3438 0.000257893
1303 0.000257834
3981 0.000257796
804 0.000257595
1528 0.000257554
2235 0.000257368
3615 0.000257322
999 0.00025728
2329 0.000257144
4019 0.000257079
2662 0.000257076
618 0.000256975
1470 0.000256855
1732 0.000256806
1379 0.000256788
1333 0.000256707
3555 0.0002567
3519 0.00025666
2237 0.000255988
2772 0.000255955
1766 0.000255784
1825 0.000255544
963 0.000255461
1935 0.000255407
434 0.000255342
944 0.00025528
644 0.000255272
2004 0.000255008
1647 0.000254905
604 0.000254864
1037 0.000254663
2501 0.000254369
897 0.000254112
2411 0.000254097
3943 0.000253968
2022 0.000253966
3786 0.00025389
681 0.000253834
3040 0.000253797
2062 0.000253687
2378 0.000253672
2440 0.000253552
3435 0.000253414
599 0.000253405
1355 0.0002534
2264 0.000253228
675 0.0002532
2046 0.00025308
266 0.000253071
148 0.000253038
640 0.000252946
1953 0.000252729
670 0.000252625
1778 0.000252158
3510 0.000252155
1991 0.000251991
3364 0.000251903
2841 0.000251863
913 0.000251844
3896 0.000251699
806 0.000251668
1337 0.000251651
367 0.000251468
3079 0.000251409
3384 0.000250902
833 0.000250414
1404 0.000250337
3478 0.000250124
17 0.000250032
1642 0.000249962
3587 0.000249918
1880 0.000249768
803 0.000249625
2202 0.000249477
3707 0.000249456
818 0.00024937
1114 0.000249331
1375 0.000249314
2929 0.000249297
1624 0.000249257
3497 0.000249097
1601 0.000249011
369 0.000249009
1841 0.000249002
982 0.000248998
1135 0.000248971
1378 0.00024894
331 0.00024888
1327 0.000248803
2061 0.000248729
3960 0.00024857
3047 0.000248501
3535 0.000248375
2603 0.000248248
2447 0.000248229
2101 0.000247986
990 0.000247837
2648 0.000247751
1702 0.000247626
1891 0.000247602
3046 0.000247584
2558 0.000247534
3752 0.000247487
838 0.000247401
1343 0.000247308
1402 0.00024722
2031 0.000247009
2647 0.000246601
2874 0.000246515
1923 0.000246384
548 0.00024622
839 0.0002462
3642 0.000246172
2159 0.000245923
28 0.000245859
3667 0.000245858
1614 0.000245814
3496 0.000245807
1538 0.000245629
2228 0.000245383
1765 0.000245341
1653 0.000245334
3062 0.000244967
1207 0.000244844
3255 0.000244701
368 0.000244634
3465 0.000244468
3579 0.00024446
2631 0.000244398
2770 0.000244222
546 0.000243621
3578 0.000243339
822 0.00024323
2690 0.000242949
3809 0.000242755
1229 0.000242631
948 0.000242468
632 0.000242332
2949 0.000242251
4002 0.000242215
650 0.00024221
1705 0.000242132
2173 0.000241838
1468 0.000241834
2098 0.000241617
3862 0.00024156
1182 0.000241353
3608 0.000241336
669 0.000241318
577 0.000241297
1644 0.00024125
1914 0.00024118
2653 0.000240921
3264 0.000240797
2396 0.000240685
1226 0.000240561
3318 0.00024051
2438 0.000240408
3779 0.000240399
3100 0.000240202
2315 0.000240132
3491 0.000240045
3616 0.000239983
2418 0.000239735
992 0.000239466
771 0.000239421
409 0.000239335
3698 0.000239256
482 0.000239101
254 0.000239048
2823 0.000239029
3458 0.000238777
1694 0.000238678
2579 0.000238544
2156 0.000238376
2751 0.000238356
420 0.000238306
1744 0.000238303
1782 0.000238175
2711 0.000238113
1215 0.000237926
732 0.000237696
3275 0.000237609
635 0.000237441
2610 0.000237405
2715 0.000237399
177 0.000237379
127 0.000237334
3949 0.000237268
3898 0.000237223
197 0.000237112
683 0.000237104
3573 0.000236808
936 0.000236798
981 0.000236668
2734 0.000236629
284 0.000236599
2756 0.000236535
3316 0.000236363
133 0.000236294
793 0.000236263
1001 0.000236173
3866 0.000236029
3701 0.000235878
1425 0.0002358
1909 0.000235719
2445 0.000235449
2672 0.000235317
1910 0.000235243
1740 0.000235171
2342 0.000235129
281 0.000235117
2739 0.000234869
1494 0.000234784
968 0.000234738
701 0.000234707
1859 0.000234497
1796 0.000234369
3920 0.000234342
2304 0.000234255
1 0.000234055
2583 0.0002339
473 0.000233871
1767 0.000233665
3656 0.00023346
3670 0.000233398
3527 0.000233024
677 0.000232783
2306 0.000232505
1074 0.000232457
1056 0.000232202
487 0.000232101
398 0.000232094
2670 0.000232064
2477 0.000231816
2060 0.000231814
3967 0.000231784
3623 0.000231715
714 0.000231662
1686 0.000231529
1047 0.000231504
2783 0.000231399
2552 0.000231016
902 0.000230991
1706 0.000230972
3341 0.000230769
59 0.00023067
3212 0.00023066
2681 0.000230647
1812 0.000230341
2145 0.000230304
1446 0.000230148
582 0.000230143
3917 0.000230072
3988 0.000229906
2478 0.000229855
3739 0.000229843
597 0.000229752
1541 0.000229736
758 0.000229667
3610 0.000229202
2035 0.000229039
3975 0.000228876
3912 0.000228808
1108 0.000228743
1040 0.000228717
1130 0.000228644
3708 0.000228579
3645 0.000228507
1131 0.000228454
807 0.000228437
3259 0.000228391
481 0.000228193
3852 0.000227961
889 0.000227582
3476 0.000227535
885 0.000227516
1677 0.000227515
2563 0.000227512
3474 0.000227362
3257 0.000227344
257 0.000227297
2459 0.000227165
3493 0.000226976
835 0.000226962
3325 0.000226852
3564 0.000226794
359 0.000226765
134 0.000226745
1137 0.000226674
1309 0.000226413
3972 0.000226278
1246 0.000226229
187 0.000226226
1535 0.000226153
2813 0.000226059
3881 0.00022602
1028 0.000225725
1232 0.000225492
2489 0.000225454
614 0.000225266
625 0.000225215
932 0.00022515
24 0.000224961
1553 0.00022492
130 0.000224817
3591 0.00022475
4018 0.000224671
711 0.000224634
3313 0.000224464
330 0.00022412
3 0.000224114
2843 0.000224012
1568 0.000224004
1011 0.00022396
396 0.000223945
198 0.00022391
2835 0.000223857
1183 0.000223773
2840 0.000223771
2889 0.000223623
938 0.000223611
1758 0.000223498
2009 0.000223365
2027 0.000223267
1315 0.000223159
1785 0.000223098
3498 0.000223059
1878 0.000222998
984 0.00022297
1514 0.000222835
1351 0.000222805
1790 0.000222581
720 0.000222512
3697 0.000222491
1283 0.000222392
230 0.000222327
915 0.000221931
1279 0.000221838
645 0.000221746
589 0.000221741
3014 0.000221587
3536 0.000221584
471 0.00022131
1512 0.000221067
1671 0.00022088
3696 0.000220746
2832 0.000220576
729 0.000220294
748 0.000220114
2540 0.000219983
616 0.00021991
3950 0.000219839
1188 0.000219691
1863 0.000219662
3018 0.000219572
1571 0.000219515
755 0.000219464
1803 0.000219439
3303 0.000219417
3010 0.000219281
1877 0.000219239
3883 0.000219216
3203 0.000219213
3649 0.00021921
3562 0.000219206
3695 0.000219206
3613 0.000219205
3479 0.000219203
1582 0.000219199
1170 0.000219147
3655 0.000219075
3036 0.00021904
1281 0.000218963
212 0.000218728
1437 0.000218652
1415 0.000218618
1429 0.000218405
1811 0.000218247
2764 0.000218052
1911 0.000218006
276 0.000217975
1382 0.000217879
3903 0.000217797
1408 0.000217732
2532 0.000217668
2703 0.000217648
1313 0.00021751
1897 0.000217045
3550 0.000216971
2784 0.000216966
2713 0.000216932
2341 0.000216929
1324 0.000216926
3124 0.000216674
3638 0.000216669
510 0.00021658
3964 0.000216495
1287 0.000216419
560 0.000216323
736 0.000216216
275 0.000215842
4 0.000215835
181 0.000215835
1543 0.000215453
2829 0.000215377
2345 0.000215336
278 0.000215303
2225 0.00021529
768 0.000215099
2708 0.000214754
3081 0.000214359
3602 0.000214257
684 0.000214251
2226 0.000214092
2628 0.000214057
1064 0.00021405
123 0.000214003
1722 0.000213949
225 0.000213687
795 0.000213625
3675 0.00021357
2644 0.000213561
3595 0.000213495
2887 0.000213468
2499 0.000213414
30 0.000213406
3176 0.00021338
3567 0.000213256
3874 0.000213218
2574 0.000213101
354 0.00021256
2259 0.000212523
1299 0.000212374
2213 0.000212161
1357 0.000211997
2844 0.000211797
3221 0.000211784
2892 0.000211714
769 0.000211659
1724 0.000211537
1904 0.000211366
772 0.000211228
1142 0.000211192
1245 0.000210916
789 0.000210768
1421 0.000210749
1340 0.000210735
3309 0.000210712
3238 0.000210661
2462 0.000210509
776 0.000210299
2210 0.000210167
2633 0.000210132
1171 0.000210007
3415 0.000209875
1165 0.000209795
712 0.000209669
1772 0.000209278
983 0.000209038
2924 0.000208952
1319 0.00020871
2192 0.000208664
57 0.000208494
3462 0.000208472
251 0.000208455
3285 0.000208435
3301 0.000208351
1994 0.000208083
1615 0.000208036
1225 0.000208026
595 0.000208002
511 0.000207976
3618 0.000207928
1428 0.000207642
1457 0.000207558
647 0.000207326
140 0.000207158
777 0.000206976
988 0.000206954
3863 0.00020687
809 0.000206563
1393 0.000206531
3446 0.000206529
2627 0.000206461
3231 0.000206282
2854 0.000206243
1873 0.000206207
2959 0.000206194
1098 0.000206174
132 0.000206102
3802 0.000205875
2768 0.000205581
1274 0.00020556
783 0.000205502
3845 0.000205447
1667 0.000205198
2972 0.000205166
3470 0.000205125
2280 0.000204832
3382 0.000204725
1903 0.000204705
3377 0.000204638
3646 0.000204348
259 0.000204285
8 0.000204282
91 0.000204274
3523 0.000204221
3481 0.000204219
898 0.000204133
3516 0.000204016
2585 0.000203875
1763 0.000203732
1595 0.000203564
512 0.00020349
1513 0.000203388
3166 0.000203237
779 0.000203222
1847 0.000203212
361 0.000202766
3148 0.000202718
782 0.000202699
2011 0.000202603
458 0.000202124
2494 0.000202078
1433 0.000201958
2243 0.000201788
3394 0.000201716
1727 0.000201497
1957 0.000201495
3524 0.000201489
469 0.000201267
1493 0.000201139
3847 0.000201096
519 0.00020104
55 0.000200917
3989 0.000200755
1588 0.000200451
1444 0.000200408
2775 0.00020038
2160 0.000200377
2367 0.000200252
1921 0.000200216
3273 0.00019994
3459 0.000199851
3985 0.000199738
1754 0.00019971
4013 0.000199393
1314 0.00019939
445 0.000199158
3735 0.000199085
1976 0.000199067
3178 0.00019899
3819 0.000198917
3532 0.00019887
3993 0.000198845
457 0.000198782
1300 0.000198639
3657 0.000198474
3400 0.000198263
516 0.000198259
665 0.000198226
3485 0.000198167
3785 0.000197857
3823 0.000197805
2429 0.000197784
89 0.000197744
319 0.000197742
345 0.000197722
2591 0.000197672
1190 0.000197633
3892 0.000197615
1212 0.000197501
1201 0.000197482
1931 0.00019747
488 0.00019747
2465 0.000197461
1626 0.00019743
3685 0.000197188
3472 0.000197171
2157 0.00019704
3016 0.000196926
2385 0.000196903
3213 0.00019682
350 0.000196797
2497 0.000196611
489 0.00019661
3279 0.000196483
159 0.000196415
2745 0.000196403
1106 0.000196058
2120 0.00019598
1500 0.000195946
2474 0.000195936
867 0.000195911
2297 0.000195863
706 0.000195727
415 0.000195711
3760 0.000195496
1606 0.000195468
2097 0.000195194
1054 0.000195184
3627 0.000195096
2179 0.000194865
3160 0.000194342
2983 0.000194172
741 0.00019411
3720 0.000193957
2215 0.000193929
3314 0.000193484
1648 0.000193434
195 0.000193413
306 0.000193401
78 0.000193399
328 0.000193397
273 0.000193391
218 0.000193388
2392 0.000193329
2636 0.000193314
1695 0.000193181
1453 0.000192968
3283 0.000192756
539 0.000192751
1682 0.000192719
3304 0.000192696
2146 0.000192677
1550 0.000192223
421 0.000192175
709 0.00019206
3423 0.00019202
2660 0.000192005
2879 0.000192002
3620 0.000191959
2164 0.000191862
863 0.000191844
876 0.00019184
3008 0.000191799
2554 0.000191546
68 0.000191513
532 0.000191492
1649 0.000191402
3080 0.00019135
3211 0.00019125
2978 0.00019122
1848 0.000191101
3726 0.000191052
620 0.000191019
2812 0.000190753
39 0.000190679
603 0.000190312
518 0.000190037
3225 0.000189967
1144 0.0001898
1012 0.00018972
3023 0.000189689
1981 0.000189625
3783 0.000189459
173 0.000189399
2473 0.000189377
3105 0.000189152
108 0.000188922
3592 0.000188873
605 0.000188869
5 0.00018852
964 0.000188483
1167 0.000188409
3561 0.00018831
258 0.000188164
2023 0.000188118
1317 0.000188094
971 0.000187994
1410 0.000187872
1392 0.000187712
2570 0.000187607
2 0.000187565
3741 0.000187554
2795 0.000187488
977 0.000187241
1743 0.000187208
2639 0.000187001
3129 0.000186979
3855 0.000186945
1285 0.000186887
3792 0.000186873
2406 0.000186787
103 0.000186634
1672 0.000186398
2198 0.000186326
3815 0.000186078
1436 0.000186035
3200 0.000185995
1219 0.000185981
1112 0.000185847
958 0.00018559
3399 0.000185584
1542 0.000185528
3228 0.000185521
3135 0.000185507
2861 0.000185109
2663 0.000184973
3563 0.000184748
3517 0.000184742
2407 0.000184741
1025 0.0001847
3123 0.000184541
2346 0.000184504
3450 0.000184482
2618 0.00018445
1072 0.00018441
857 0.000184318
3141 0.000183985
753 0.000183868
594 0.000183787
2846 0.00018375
1578 0.000183745
1310 0.000183652
3234 0.000183582
2286 0.000183541
2658 0.000183199
337 0.000183141
3913 0.000183131
3260 0.000183037
1858 0.000182779
962 0.000182492
2285 0.00018246
601 0.000182376
1328 0.000182279
1336 0.000182181
1015 0.000182156
3541 0.000182079
1115 0.000181785
3041 0.000181677
1989 0.000181534
3683 0.000181081
3780 0.000181043
543 0.000180935
623 0.000180931
3454 0.000180778
778 0.000180745
1889 0.000180693
1450 0.000180656
84 0.000180506
2962 0.000180428
666 0.00018038
3439 0.000180197
664 0.00018019
2089 0.000179789
29 0.000179778
2702 0.0001795
451 0.000179462
2982 0.000179397
554 0.000179388
2547 0.000179284
2626 0.000179119
3319 0.000179085
2684 0.000178991
870 0.00017899
2337 0.000178855
3420 0.000178832
3379 0.000178706
418 0.000178685
3872 0.000178638
2353 0.000178528
881 0.000178303
196 0.000178303
1638 0.000178248
1963 0.00017813
737 0.000178066
989 0.000178045
3663 0.000177949
685 0.000177903
178 0.00017787
450 0.000177853
3533 0.000177831
3976 0.000177779
274 0.000177767
1035 0.000177469
66 0.000177425
1306 0.0001774
3581 0.000177186
3773 0.000177111
1092 0.000177086
2686 0.000177081
1988 0.000176972
3937 0.000176875
85 0.000176675
3762 0.00017658
1460 0.000176519
2366 0.000176249
1068 0.000176236
357 0.000176102
3644 0.000175976
2222 0.000175955
1936 0.000175914
2242 0.000175862
2845 0.00017585
105 0.000175789
2953 0.00017578
58 0.000175394
1635 0.000175357
3482 0.000175093
2318 0.000175081
1958 0.000174946
3894 0.000174786
3215 0.000174649
3483 0.000174515
3715 0.00017421
730 0.000174207
3431 0.00017405
2293 0.000174018
2797 0.000174014
3594 0.000173879
1195 0.000173812
2391 0.000173728
1968 0.000173615
3919 0.000173415
3639 0.000173414
878 0.000173181
1406 0.000173154
1127 0.000173142
969 0.000173098
3895 0.000173036
1508 0.00017294
2819 0.000172934
1681 0.000172914
437 0.000172913
1679 0.000172776
3979 0.000172686
2977 0.000172667
2803 0.000172503
3223 0.000172493
742 0.000172467
564 0.000172265
150 0.000172221
831 0.000172023
3580 0.000171879
1497 0.000171836
1734 0.000171835
3337 0.000171802
2003 0.000171762
246 0.000171459
176 0.00017141
1781 0.000171258
75 0.000171192
1438 0.000171186
2870 0.000171116
3186 0.000171076
2058 0.000170834
3682 0.000170824
1851 0.000170684
551 0.000170602
424 0.000170584
1850 0.00017051
1747 0.000170422
1999 0.000170323
1138 0.000170265
1726 0.000170133
3818 0.000170104
1629 0.000169865
1485 0.000169655
3547 0.000169622
1350 0.000169498
290 0.000169434
2390 0.000169426
3250 0.000169355
364 0.000169211
3066 0.000169194
861 0.00016918
1316 0.000169155
611 0.000169053
2652 0.00016899
763 0.000168869
2907 0.000168861
874 0.000168812
872 0.000168807
1419 0.000168726
2416 0.000168714
1177 0.000168565
1296 0.000168508
36 0.000168506
3778 0.000168369
2425 0.000168345
3990 0.000168277
4025 0.000168273
4007 0.000168271
4016 0.000168269
1818 0.000168063
243 0.000167895
2000 0.000167867
3075 0.000167807
2085 0.000167796
871 0.000167774
1139 0.000167516
1815 0.00016732
3452 0.000167314
3032 0.000167248
3929 0.000167179
598 0.000167108
3658 0.000167101
495 0.00016705
1228 0.000167011
2850 0.00016675
3857 0.000166561
1311 0.000166501
1738 0.000166393
3531 0.000166333
2296 0.00016633
2984 0.000166304
1121 0.000166059
474 0.000165955
3789 0.000165812
1187 0.00016581
2075 0.000165743
2934 0.000165703
2693 0.000165694
3769 0.000165622
3703 0.000165554
2701 0.000165187
1660 0.000165063
1464 0.000164949
3013 0.000164925
584 0.000164772
1719 0.000164762
1174 0.000164545
2731 0.000164541
1723 0.000164535
314 0.000164231
2848 0.000163776
3484 0.000163538
2197 0.000163393
352 0.00016339
1728 0.000163235
1774 0.00016297
3630 0.000162654
3053 0.000162612
2587 0.00016244
2155 0.000162263
1363 0.000162188
2518 0.000162015
3007 0.000161895
1884 0.000161872
403 0.000161728
87 0.00016149
1625 0.000161484
3278 0.000161379
1451 0.000161134
765 0.000161049
93 0.000161011
494 0.000160977
2405 0.000160872
949 0.000160852
2577 0.000160725
486 0.000160718
959 0.000160643
722 0.000160623
1674 0.000160583
3237 0.00016039
4003 0.000160342
1561 0.00016028
2330 0.000159884
2207 0.000159878
3139 0.00015977
707 0.000159752
121 0.000159732
2851 0.000159727
1846 0.000159716
1081 0.000159629
3487 0.000159554
2609 0.000159334
2209 0.000159312
2479 0.000159055
3209 0.000159003
1293 0.000158896
1356 0.000158706
1503 0.000158668
1531 0.000158592
794 0.000158586
2868 0.000158548
462 0.000158337
2762 0.000158224
1389 0.000157815
919 0.0001577
3236 0.000157621
612 0.000157555
1907 0.00015749
2807 0.000157454
2673 0.000157412
633 0.000157331
3622 0.000157212
693 0.000157173
1325 0.00015713
3574 0.000157078
1832 0.000157042
3170 0.000156952
2667 0.000156873
2761 0.000156855
536 0.000156627
2637 0.0001566
1633 0.000156482
2830 0.000156415
3999 0.000156399
1062 0.000156244
1990 0.00015616
844 0.000156099
3840 0.000155913
2260 0.000155745
3932 0.000155736
2606 0.000155637
558 0.000155408
2502 0.000155364
2699 0.000155324
1424 0.000155287
1398 0.000155196
3251 0.00015515
1180 0.000155026
3664 0.000155006
2214 0.000154888
3556 0.000154842
2152 0.000154758
976 0.000154749
3763 0.00015471
2525 0.00015456
2025 0.000154368
3057 0.000154259
1698 0.000154244
2622 0.000154126
888 0.000154077
3262 0.000154032
2055 0.000153772
2136 0.000153729
2733 0.000153727
2918 0.000153665
2137 0.000153648
1585 0.000153476
3889 0.000153383
3103 0.000153341
135 0.000153283
309 0.000153281
576 0.000153203
219 0.000152735
416 0.000152653
3138 0.000152581
879 0.000152466
425 0.000152356
3356 0.000152111
2401 0.0001521
3539 0.000151838
1906 0.000151697
156 0.000151442
994 0.00015133
168 0.000151305
2825 0.000151261
3647 0.000151209
372 0.000151176
895 0.000150993
509 0.000150931
2221 0.000150931
333 0.00015084
3193 0.000150828
2110 0.000150723
3503 0.000150693
2650 0.000150688
2696 0.000150398
1499 0.000150236
3905 0.000150183
2979 0.000150007
2029 0.00015
837 0.000149992
65 0.000149985
1095 0.000149769
162 0.000149683
100 0.000149594
45 0.000149553
362 0.000149546
2938 0.000149427
1676 0.000149245
626 0.000149226
3306 0.000149156
3585 0.000149128
3329 0.000149018
3996 0.000148972
2239 0.000148877
1801 0.000148844
1308 0.000148842
1197 0.000148772
2614 0.000148642
588 0.000148634
22 0.00014857
1650 0.000148465
1566 0.000148241
3276 0.00014822
1213 0.000148212
1773 0.000148128
263 0.000148102
296 0.000148093
3814 0.000147952
95 0.00014781
399 0.00014771
441 0.000147706
501 0.000147703
2789 0.000147659
3300 0.000147642
6 0.000147521
147 0.00014752
3598 0.000147494
131 0.000147391
1572 0.000147336
3241 0.000147134
2759 0.00014693
2933 0.00014675
2997 0.000146678
843 0.000146582
2735 0.000146552
1875 0.000146404
2349 0.000146398
3171 0.000146318
3307 0.000146241
2486 0.000145966
222 0.000145911
2287 0.000145876
3380 0.000145808
799 0.000145807
2535 0.000145783
341 0.000145644
1704 0.000145527
1033 0.000145414
2170 0.000145406
3218 0.000145336
3354 0.000145332
3122 0.000145311
3512 0.000145236
3766 0.000145058
762 0.000145046
3551 0.000144974
2779 0.000144958
2314 0.000144936
2415 0.000144915
622 0.000144872
1412 0.000144866
1779 0.000144783
2964 0.000144751
1843 0.0001447
2737 0.000144575
1000 0.000144344
565 0.0001443
79 0.000144265
682 0.000144227
1885 0.000144058
3784 0.00014405
2858 0.000143749
1440 0.000143583
3402 0.000143578
167 0.000143495
2379 0.000143452
2987 0.000143281
3641 0.000143195
3515 0.000143171
1870 0.000142992
887 0.000142923
873 0.000142919
3888 0.000142846
1043 0.000142843
2859 0.000142795
3199 0.000142712
3390 0.000142688
3383 0.000142535
3621 0.000142411
933 0.000142291
1044 0.000142242
426 0.000142185
3566 0.000142124
2856 0.000142047
1247 0.000142016
3039 0.000141993
3944 0.000141832
2557 0.000141678
2057 0.000141559
3173 0.000141478
886 0.000141373
2181 0.000141305
73 0.000141086
3659 0.000141029
1294 0.000140954
716 0.000140918
951 0.000140648
1400 0.000140561
3775 0.00014051
1321 0.000140353
3328 0.00014025
1223 0.000140095
850 0.00013998
50 0.000139861
1365 0.00013982
3421 0.000139714
1526 0.000139564
2248 0.000139421
1944 0.000139392
3243 0.000139376
2705 0.000139331
3583 0.000139288
2534 0.000139269
746 0.000139098
836 0.000139095
1519 0.000139067
2831 0.000138924
3393 0.000138895
3289 0.000138737
2809 0.000138676
2677 0.000138503
3028 0.000138496
2732 0.000138496
2930 0.00013849
3131 0.000138489
3181 0.000138488
2529 0.000138484
3180 0.000138484
2076 0.000138251
1407 0.000138229
470 0.00013817
2435 0.000138125
939 0.000137894
3923 0.000137885
2082 0.000137803
1524 0.000137783
407 0.000137675
3189 0.000137462
3374 0.000137461
3668 0.000137454
882 0.000137313
2687 0.000137178
816 0.000137141
909 0.000137108
165 0.000136956
2536 0.000136601
723 0.000136443
1381 0.000136169
508 0.000136154
413 0.000135975
2217 0.00013584
3530 0.00013567
2387 0.000135669
139 0.000135378
1030 0.000135369
192 0.000135325
2908 0.000135286
3222 0.000135239
318 0.000135097
1169 0.000135068
3294 0.000134823
2612 0.00013467
3716 0.000133959
1537 0.000133927
3359 0.000133727
751 0.000133653
268 0.000133624
298 0.00013353
3502 0.000133421
260 0.000132955
1418 0.000132895
2566 0.00013288
3392 0.00013258
2320 0.000132549
4037 0.000132539
3817 0.000132511
1478 0.000132299
991 0.000132076
3404 0.000132001
446 0.000131944
1532 0.00013191
628 0.000131836
2581 0.000131827
1784 0.000131685
1278 0.000131637
1458 0.000131539
2444 0.000131526
151 0.000131517
2455 0.000131417
1965 0.000131365
702 0.000131268
2697 0.000131267
3614 0.000131176
2818 0.000131094
3312 0.000131046
1186 0.000130965
590 0.000130885
798 0.000130871
2426 0.000130854
3167 0.000130765
3430 0.000130616
2771 0.000130614
3880 0.000130566
813 0.000130472
3009 0.000130316
3878 0.000130185
1218 0.000130163
3155 0.000130023
2403 0.000129995
922 0.000129983
3767 0.000129979
689 0.000129956
634 0.000129856
3311 0.000129839
1045 0.000129693
3286 0.000129547
1141 0.000129534
725 0.000129369
3654 0.000129319
2272 0.000129243
2981 0.000129001
3504 0.00012897
3373 0.000128961
505 0.000128751
767 0.000128723
3770 0.000128589
970 0.00012836
2923 0.000128352
786 0.000128237
3832 0.000128222
2886 0.000128206
2700 0.000128026
2421 0.000128024
2682 0.00012793
217 0.000127866
676 0.000127863
2799 0.000127827
2726 0.000127824
1764 0.000127738
3061 0.000127697
2947 0.000127545
3736 0.000127458
3626 0.00012742
393 0.000127291
575 0.000126971
866 0.000126792
146 0.000126781
3901 0.000126776
96 0.000126724
1592 0.000126641
4011 0.000126628
2820 0.000126616
3812 0.000126605
3110 0.00012659
1808 0.00012655
811 0.000126469
3340 0.000126386
1987 0.000126338
69 0.000126329
2822 0.000126272
2301 0.000126162
1441 0.00012616
3723 0.000126126
3043 0.000126074
2450 0.000125916
1564 0.000125864
102 0.000125773
295 0.000125753
3777 0.000125732
2523 0.000125665
3128 0.000125654
3788 0.000125391
1745 0.000125231
3205 0.000125229
1922 0.00012477
2281 0.000124526
2487 0.000124518
826 0.000124517
86 0.000124485
2967 0.000124421
1992 0.000124307
3042 0.000124134
2480 0.000123913
1860 0.000123887
1088 0.000123884
1517 0.000123829
2935 0.000123692
193 0.000123553
410 0.000123475
3068 0.000123341
2274 0.000123247
3671 0.000123191
3410 0.000123178
1161 0.000123029
858 0.000122915
3361 0.000122826
2656 0.000122774
3144 0.00012254
3069 0.000122476
110 0.000122469
264 0.000122469
38 0.000122358
1368 0.000122321
955 0.000122315
3050 0.000122014
3796 0.000122007
2503 0.00012176
631 0.000121633
3631 0.000121475
10 0.000121333
32 0.0001212
979 0.000121001
1489 0.000120998
2389 0.000120856
2119 0.000120711
1241 0.000120483
3109 0.000120453
2449 0.000120413
2948 0.000120386
3751 0.000120376
3012 0.000120342
3507 0.000120271
1852 0.000120156
3871 0.000120137
3157 0.000120069
1286 0.00012001
3083 0.000119807
2965 0.000119752
3409 0.000119701
3405 0.000119635
2902 0.000119397
3372 0.000119393
3940 0.000119198
2402 0.000119103
2513 0.000119005
3771 0.000118987
1575 0.000118811
2092 0.000118735
3063 0.000118607
3163 0.000118364
1678 0.000118363
956 0.000118172
2957 0.000118062
3911 0.000117932
3669 0.000117926
3813 0.000117925
3864 0.000117924
3700 0.000117922
2519 0.000117868
1829 0.00011781
3245 0.000117734
574 0.000117722
375 0.000117695
2891 0.000117684
2050 0.000117579
3208 0.000117524
1788 0.00011751
3048 0.000117481
3242 0.000117461
3963 0.000117319
2277 0.000117242
2355 0.000117192
3326 0.000117178
245 0.000117121
381 0.000116824
973 0.000116778
3513 0.000116721
1202 0.0001166
3727 0.000116545
940 0.00011653
3244 0.000116426
3194 0.000116139
2774 0.000116067
3074 0.000116067
3127 0.000116066
3055 0.000116064
3745 0.000116045
16 0.000116044
49 0.000115857
477 0.000115495
83 0.000115449
237 0.000115444
51 0.000115439
3749 0.000115411
3522 0.000115308
3520 0.000115097
3371 0.000115088
344 0.000115018
1928 0.000115002
2883 0.000114994
2114 0.000114973
3958 0.000114938
3343 0.000114921
3543 0.00011492
1756 0.000114785
3806 0.000114568
759 0.000114506
1978 0.000114375
1641 0.00011429
64 0.000114276
189 0.000114261
3904 0.000114153
1234 0.00011379
3652 0.000113722
3876 0.000113678
3093 0.000113473
54 0.000113429
2571 0.000113295
1265 0.00011329
756 0.000113258
3447 0.000112624
44 0.00011257
2362 0.0001124
791 0.000112156
3548 0.000111962
2357 0.000111788
3246 0.000111707
905 0.000111605
2162 0.000111548
2439 0.000111481
528 0.000111446
2490 0.00011139
825 0.000111317
2562 0.000111208
3666 0.000111109
569 0.000110986
3607 0.000110894
3848 0.000110801
1544 0.000110751
733 0.000110751
380 0.000110742
568 0.000110323
639 0.000110246
1739 0.000110144
521 0.000109975
3095 0.000109953
715 0.000109919
931 0.000109919
3192 0.000109847
3961 0.000109822
1016 0.000109745
1077 0.000109745
1403 0.000109744
2141 0.000109668
2311 0.000109638
2036 0.000109601
2147 0.000109569
1089 0.000109521
2707 0.000109507
965 0.000109442
4005 0.00010943
2193 0.000109376
3934 0.000109178
1055 0.000109026
1266 0.000108786
2238 0.000108594
796 0.00010857
2968 0.00010849
1481 0.00010825
1178 0.000108244
961 0.000108136
2954 0.000107918
1956 0.000107841
2926 0.000107831
740 0.000107629
3441 0.000107445
106 0.000107363
1249 0.000107363
2995 0.000107354
476 0.000107308
2443 0.000107217
1111 0.000107177
3827 0.000107174
3772 0.000107076
1434 0.000106531
2576 0.000106343
2794 0.000106082
2837 0.000105966
3229 0.000105917
2888 0.000105877
3216 0.000105717
808 0.000105641
1658 0.000105602
2432 0.000105563
1780 0.000105548
3899 0.000105472
490 0.000105383
269 0.000105293
2113 0.00010522
1749 0.00010509
1196 0.00010501
1251 0.000105009
3754 0.000104925
3445 0.000104875
3357 0.000104854
3681 0.000104618
1869 0.0001046
1384 0.00010457
522 0.000104559
2258 0.000104499
2034 0.000104493
646 0.000104352
3249 0.000104117
2163 0.000104048
2544 0.000104045
1618 0.000104044
1385 0.000103967
46 0.000103932
440 0.000103894
3916 0.000103858
3156 0.000103817
3914 0.000103806
3992 0.00010357
126 0.00010352
3126 0.000103397
3322 0.000103397
2791 0.000103381
2515 0.000103296
2727 0.000103034
1942 0.000103009
1152 0.000102969
3210 0.000102954
2760 0.000102943
3991 0.000102861
3492 0.00010286
3425 0.000102575
3024 0.000102531
864 0.000102394
3843 0.000102391
4033 0.000102363
2744 0.000102353
1116 0.000102015
1042 0.000102011
1090 0.000101861
3908 0.000101798
890 0.000101793
1890 0.000101721
3151 0.000101587
498 0.000101512
2834 0.000101495
453 0.000101359
821 0.000101342
1518 0.000101209
300 0.000101122
2070 0.000101111
869 0.000100996
221 0.00010093
1822 0.000100888
1005 0.000100886
3067 0.000100851
690 0.000100743
3632 0.000100681
3058 0.00010024
382 0.000100182
347 0.000100151
3414 0.00010001
914 9.98704e-05
427 9.97837e-05
129 9.96645e-05
2360 9.96306e-05
1240 9.94746e-05
894 9.93443e-05
1805 9.93224e-05
2876 9.9238e-05
60 9.9219e-05
3665 9.90306e-05
1646 9.8961e-05
3190 9.8925e-05
459 9.82763e-05
1896 9.82016e-05
900 9.81882e-05
2747 9.80209e-05
2685 9.80128e-05
1901 9.79719e-05
1836 9.77659e-05
2310 9.76876e-05
2709 9.73113e-05
3130 9.70939e-05
2373 9.69566e-05
1397 9.68881e-05
2805 9.66447e-05
663 9.6582e-05
2688 9.65359e-05
3973 9.64724e-05
3787 9.63072e-05
2776 9.62617e-05
317 9.62186e-05
3742 9.61693e-05
152 9.60899e-05
2530 9.6085e-05
1150 9.60826e-05
3606 9.60484e-05
3600 9.60403e-05
174 9.58294e-05
880 9.58114e-05
2710 9.56289e-05
3572 9.5574e-05
2094 9.55499e-05
2531 9.55199e-05
1830 9.54917e-05
201 9.54685e-05
1900 9.54147e-05
429 9.52928e-05
433 9.51755e-05
3427 9.50235e-05
3338 9.50178e-05
1769 9.49358e-05
3368 9.48705e-05
1840 9.48452e-05
405 9.4773e-05
3603 9.45986e-05
691 9.45651e-05
1164 9.45472e-05
2990 9.44854e-05
1134 9.44785e-05
2847 9.43701e-05
1883 9.42725e-05
2245 9.42519e-05
327 9.42224e-05
2941 9.4028e-05
2817 9.38963e-05
3147 9.38942e-05
1050 9.38441e-05
1387 9.38314e-05
1193 9.35963e-05
1562 9.35652e-05
163 9.3435e-05
77 9.34136e-05
1934 9.34049e-05
1748 9.32416e-05
3844 9.32078e-05
3292 9.30387e-05
1268 9.30269e-05
3349 9.30267e-05
2041 9.3015e-05
1013 9.28968e-05
3941 9.28189e-05
435 9.2447e-05
877 9.24423e-05
1915 9.22961e-05
2456 9.22873e-05
2917 9.22291e-05
1039 9.2226e-05
442 9.20744e-05
1802 9.20512e-05
535 9.20418e-05
2476 9.20358e-05
311 9.18731e-05
3254 9.18307e-05
3887 9.182e-05
3444 9.17997e-05
3849 9.17896e-05
351 9.1733e-05
1892 9.1693e-05
2067 9.13638e-05
1007 9.12943e-05
2291 9.12851e-05
761 9.1281e-05
1061 9.12324e-05
1930 9.09328e-05
1821 9.0925e-05
2016 9.08655e-05
338 9.0766e-05
710 9.07137e-05
912 9.04061e-05
943 9.03755e-05
2393 9.03604e-05
812 9.03479e-05
2453 9.03465e-05
1594 9.02285e-05
3336 8.97827e-05
1422 8.95925e-05
2105 8.92878e-05
3834 8.89884e-05
179 8.89677e-05
1933 8.87386e-05
3755 8.86901e-05
1696 8.86035e-05
2723 8.84624e-05
1492 8.84608e-05
3461 8.84365e-05
3477 8.84084e-05
1905 8.81897e-05
4029 8.81808e-05
4012 8.81803e-05
4001 8.81788e-05
3987 8.81777e-05
3164 8.81539e-05
491 8.81245e-05
208 8.80873e-05
229 8.80047e-05
2186 8.78778e-05
1556 8.78748e-05
1091 8.78012e-05
2099 8.77366e-05
3352 8.76374e-05
2826 8.75791e-05
2769 8.75058e-05
974 8.72995e-05
502 8.72305e-05
3401 8.70672e-05
3376 8.70666e-05
449 8.68001e-05
117 8.67611e-05
2424 8.67284e-05
884 8.65586e-05
1982 8.65136e-05
3661 8.64998e-05
1708 8.62953e-05
3271 8.60835e-05
466 8.55849e-05
2821 8.55438e-05
2641 8.55365e-05
1244 8.54683e-05
3660 8.54013e-05
3153 8.53895e-05
2466 8.53769e-05
2017 8.52942e-05
3489 8.47978e-05
3676 8.47955e-05
2051 8.46324e-05
3712 8.45467e-05
1817 8.44975e-05
2766 8.44604e-05
2548 8.43037e-05
3308 8.42277e-05
529 8.41873e-05
3544 8.41383e-05
2130 8.38817e-05
3925 8.37947e-05
950 8.36521e-05
3893 8.35753e-05
757 8.35115e-05
2316 8.34654e-05
1599 8.3341e-05
852 8.3228e-05
717 8.32237e-05
855 8.32221e-05
541 8.32109e-05
1501 8.31315e-05
2900 8.28557e-05
3358 8.27752e-05
307 8.25035e-05
1094 8.24354e-05
2816 8.24091e-05
2255 8.23881e-05
1484 8.23818e-05
672 8.22119e-05
928 8.21745e-05
3724 8.21435e-05
587 8.20039e-05
3099 8.18636e-05
2878 8.14775e-05
2678 8.14352e-05
3315 8.11675e-05
340 8.10777e-05
893 8.06287e-05
1908 8.03968e-05
2065 8.03025e-05
3045 8.02702e-05
2234 8.0265e-05
700 8.01945e-05
1053 8.00362e-05
124 7.99348e-05
3859 7.98196e-05
926 7.95683e-05
262 7.95243e-05
220 7.95205e-05
3281 7.95065e-05
549 7.94613e-05
1073 7.94225e-05
621 7.93437e-05
3970 7.90992e-05
2321 7.89269e-05
3552 7.87823e-05
2295 7.85822e-05
2882 7.85807e-05
2893 7.85348e-05
986 7.84628e-05
802 7.84268e-05
629 7.84267e-05
846 7.81985e-05
289 7.81146e-05
182 7.80915e-05
2350 7.80576e-05
3936 7.78906e-05
1063 7.78251e-05
2801 7.78215e-05
1814 7.77895e-05
2096 7.77768e-05
283 7.75952e-05
3977 7.74988e-05
4036 7.74967e-05
657 7.74958e-05
2528 7.74233e-05
2746 7.72817e-05
1913 7.71674e-05
1602 7.66927e-05
464 7.66906e-05
478 7.65303e-05
3112 7.65054e-05
2263 7.64129e-05
3954 7.63275e-05
1023 7.6317e-05
3269 7.62591e-05
3637 7.6199e-05
3133 7.61837e-05
2249 7.61624e-05
2400 7.6086e-05
534 7.59899e-05
2437 7.59878e-05
2303 7.58491e-05
4028 7.58285e-05
2012 7.56075e-05
1069 7.54713e-05
1853 7.54634e-05
1143 7.53394e-05
2635 7.49627e-05
3418 7.47175e-05
1961 7.46668e-05
972 7.46503e-05
2158 7.46367e-05
3266 7.45751e-05
3939 7.45401e-05
63 7.44535e-05
3398 7.43752e-05
166 7.42698e-05
3015 7.41294e-05
3952 7.40425e-05
1154 7.39877e-05
253 7.39042e-05
97 7.39018e-05
1203 7.38779e-05
2961 7.3756e-05
2251 7.36561e-05
1254 7.35519e-05
1445 7.34881e-05
3694 7.34397e-05
679 7.33288e-05
4006 7.31769e-05
4032 7.3169e-05
1364 7.25883e-05
2903 7.24924e-05
2496 7.23623e-05
3367 7.22984e-05
2790 7.22944e-05
1771 7.22444e-05
2288 7.21575e-05
1527 7.21389e-05
3088 7.1982e-05
3653 7.19732e-05
2942 7.18411e-05
27 7.16449e-05
190 7.16441e-05
1105 7.15349e-05
1002 7.1533e-05
480 7.11288e-05
2413 7.10189e-05
2725 7.10131e-05
2270 7.08516e-05
1477 7.07316e-05
1439 7.06827e-05
3678 7.06138e-05
81 7.05369e-05
157 7.01277e-05
3983 7.0028e-05
202 6.98319e-05
3839 6.98304e-05
1342 6.97975e-05
2895 6.94241e-05
1670 6.92922e-05
2671 6.92073e-05
2824 6.92003e-05
2721 6.92001e-05
3091 6.91962e-05
920 6.91519e-05
572 6.91463e-05
467 6.9145e-05
3537 6.89626e-05
1640 6.89276e-05
3457 6.89232e-05
1140 6.88783e-05
1443 6.88327e-05
2767 6.8812e-05
2298 6.87668e-05
3334 6.87053e-05
1087 6.8428e-05
235 6.84166e-05
923 6.8208e-05
155 6.81867e-05
2898 6.79064e-05
865 6.75695e-05
868 6.7562e-05
1701 6.75293e-05
3890 6.74e-05
2048 6.73e-05
4034 6.72784e-05
2208 6.72765e-05
2312 6.72411e-05
71 6.69789e-05
293 6.69298e-05
112 6.69211e-05
2021 6.6917e-05
3388 6.68297e-05
2185 6.65607e-05
1838 6.62203e-05
540 6.61915e-05
61 6.60806e-05
2802 6.59886e-05
2265 6.59431e-05
2427 6.59167e-05
2044 6.58362e-05
2613 6.57821e-05
3290 6.53406e-05
3805 6.52615e-05
2167 6.51967e-05
1700 6.47007e-05
2080 6.46049e-05
1950 6.4388e-05
2632 6.43504e-05
1297 6.43163e-05
270 6.40983e-05
250 6.40966e-05
2572 6.38927e-05
1952 6.35943e-05
206 6.35565e-05
3428 6.35289e-05
735 6.34519e-05
2621 6.32283e-05
721 6.3164e-05
3897 6.31134e-05
1949 6.28517e-05
1162 6.27816e-05
2804 6.26197e-05
788 6.25012e-05
3197 6.24517e-05
3092 6.24326e-05
301 6.23477e-05
3389 6.2338e-05
2166 6.22514e-05
1093 6.21581e-05
704 6.20579e-05
533 6.19296e-05
2106 6.18829e-05
3781 6.18571e-05
3946 6.18489e-05
2695 6.17536e-05
3953 6.17279e-05
2205 6.16695e-05
1731 6.14941e-05
1248 6.12204e-05
3424 6.1165e-05
937 6.10507e-05
2227 6.09077e-05
1008 6.0892e-05
655 6.08292e-05
34 6.07329e-05
472 6.07147e-05
3037 6.0646e-05
2792 6.06415e-05
2691 6.06346e-05
2605 6.04786e-05
321 6.04025e-05
1194 6.03264e-05
1552 6.0307e-05
2375 6.02668e-05
586 6.01572e-05
3965 6.00728e-05
3565 6.00072e-05
3910 5.99154e-05
3795 5.97159e-05
3165 5.96612e-05
3202 5.95976e-05
3159 5.9477e-05
3673 5.93223e-05
1657 5.92926e-05
1776 5.92799e-05
910 5.9277e-05
2019 5.91923e-05
1084 5.91163e-05
985 5.9095e-05
907 5.90487e-05
2100 5.86242e-05
2383 5.8426e-05
1631 5.82915e-05
1607 5.82729e-05
1710 5.82692e-05
2634 5.82548e-05
1490 5.8111e-05
3030 5.7684e-05
1664 5.75885e-05
1887 5.75772e-05
386 5.75661e-05
120 5.74763e-05
384 5.70466e-05
552 5.70445e-05
2305 5.7002e-05
3003 5.69536e-05
2838 5.6946e-05
1461 5.68958e-05
2852 5.68669e-05
385 5.68062e-05
832 5.66319e-05
1654 5.65428e-05
3432 5.64111e-05
987 5.62432e-05
1486 5.61387e-05
3801 5.599e-05
2204 5.57585e-05
3619 5.57183e-05
790 5.52899e-05
2752 5.52816e-05
1977 5.52318e-05
406 5.5072e-05
2885 5.46612e-05
3699 5.45308e-05
3494 5.42185e-05
1372 5.4112e-05
244 5.38619e-05
233 5.38592e-05
282 5.38589e-05
42 5.38585e-05
33 5.38562e-05
256 5.38547e-05
3588 5.37969e-05
3882 5.35339e-05
2527 5.33263e-05
3733 5.32068e-05
3310 5.31412e-05
240 5.30874e-05
2014 5.30708e-05
1057 5.30152e-05
3811 5.28606e-05
3235 5.25513e-05
288 5.23842e-05
3317 5.23442e-05
145 5.21868e-05
90 5.21831e-05
411 5.20712e-05
2008 5.1685e-05
1058 5.11401e-05
3333 5.11027e-05
454 5.10915e-05
1759 5.10515e-05
2811 5.09837e-05
1208 5.09163e-05
3865 5.07549e-05
2431 5.07189e-05
247 5.07137e-05
649 5.06494e-05
1103 5.03686e-05
1506 5.02757e-05
929 5.01814e-05
76 5.00475e-05
349 4.9919e-05
2514 4.98827e-05
2422 4.98719e-05
241 4.95032e-05
255 4.94935e-05
228 4.94822e-05
1865 4.94499e-05
356 4.94038e-05
3121 4.93674e-05
3978 4.93403e-05
2522 4.91557e-05
3323 4.91354e-05
1586 4.90789e-05
1046 4.90707e-05
1697 4.89425e-05
1627 4.8544e-05
1027 4.85413e-05
1974 4.85238e-05
2584 4.84562e-05
2899 4.84105e-05
1401 4.82887e-05
3161 4.80963e-05
1411 4.80195e-05
2388 4.79779e-05
2651 4.79304e-05
2066 4.78136e-05
390 4.7746e-05
3691 4.75461e-05
3560 4.75458e-05
3717 4.75456e-05
3744 4.75432e-05
3846 4.74111e-05
3746 4.74093e-05
499 4.73995e-05
1264 4.72863e-05
1168 4.72175e-05
2452 4.71882e-05
294 4.71733e-05
1792 4.71453e-05
1874 4.71107e-05
485 4.67713e-05
2015 4.67624e-05
286 4.66592e-05
2599 4.66116e-05
904 4.65526e-05
205 4.6551e-05
52 4.655e-05
1133 4.64324e-05
2884 4.63385e-05
851 4.62318e-05
1295 4.62299e-05
125 4.60947e-05
2262 4.60597e-05
998 4.60287e-05
3765 4.59673e-05
2013 4.58926e-05
1301 4.58047e-05
3217 4.5687e-05
743 4.56442e-05
593 4.52615e-05
562 4.52397e-05
2454 4.52238e-05
191 4.49993e-05
3370 4.48577e-05
365 4.48489e-05
3059 4.48072e-05
3270 4.46977e-05
2483 4.4614e-05
2595 4.46111e-05
3816 4.44695e-05
3686 4.44421e-05
154 4.42782e-05
47 4.41918e-05
3094 4.41392e-05
383 4.36532e-05
1220 4.35979e-05
859 4.35237e-05
336 4.35207e-05
164 4.28968e-05
3227 4.27015e-05
935 4.26289e-05
2168 4.23922e-05
2736 4.2318e-05
70 4.22259e-05
3175 4.21556e-05
2256 4.2039e-05
581 4.17983e-05
642 4.17956e-05
1855 4.17742e-05
3429 4.16449e-05
2568 4.15448e-05
1711 4.1525e-05
1071 4.14369e-05
1253 4.14323e-05
1442 4.14246e-05
1414 4.13676e-05
667 4.13486e-05
2358 4.12244e-05
3305 4.10149e-05
2177 4.09633e-05
1693 4.09373e-05
3436 4.07361e-05
785 4.07151e-05
2565 4.05881e-05
1996 4.05877e-05
2580 4.03365e-05
207 4.00952e-05
35 3.95897e-05
3582 3.95382e-05
1924 3.95302e-05
371 3.93614e-05
2182 3.93014e-05
216 3.92277e-05
138 3.91715e-05
3955 3.91666e-05
610 3.90141e-05
2175 3.89972e-05
267 3.88966e-05
1579 3.88526e-05
3885 3.87464e-05
1463 3.87001e-05
671 3.86207e-05
1476 3.86035e-05
3044 3.86014e-05
3689 3.81392e-05
3597 3.81367e-05
749 3.80149e-05
775 3.80121e-05
2692 3.78365e-05
2441 3.77901e-05
1797 3.74432e-05
3575 3.74147e-05
3467 3.73504e-05
1777 3.73116e-05
1157 3.73099e-05
1354 3.72177e-05
279 3.71181e-05
2505 3.71063e-05
1474 3.69993e-05
2980 3.69635e-05
1200 3.69568e-05
530 3.69185e-05
2252 3.66665e-05
3407 3.66017e-05
3268 3.65951e-05
1937 3.63153e-05
1455 3.63003e-05
305 3.62826e-05
4035 3.6122e-05
4015 3.61212e-05
4022 3.61197e-05
4024 3.61193e-05
4010 3.61192e-05
4008 3.61189e-05
3984 3.61187e-05
2545 3.60514e-05
854 3.54586e-05
3807 3.54433e-05
160 3.52968e-05
3875 3.51748e-05
401 3.5174e-05
996 3.50028e-05
1252 3.48261e-05
1521 3.48139e-05
1038 3.47226e-05
1263 3.42708e-05
2481 3.4192e-05
2808 3.41896e-05
2922 3.41592e-05
3922 3.40759e-05
3928 3.40636e-05
1239 3.3921e-05
660 3.38669e-05
2975 3.38138e-05
3808 3.37915e-05
2517 3.36899e-05
2971 3.35221e-05
1760 3.33831e-05
1151 3.31769e-05
443 3.2844e-05
468 3.2842e-05
2230 3.27618e-05
316 3.21939e-05
2524 3.2165e-05
1546 3.21625e-05
652 3.19676e-05
673 3.19648e-05
1031 3.18265e-05
1713 3.1721e-05
1498 3.14373e-05
3143 3.13469e-05
377 3.09966e-05
1775 3.0559e-05
183 3.04345e-05
1383 3.04114e-05
1762 3.04054e-05
1147 3.04036e-05
3879 3.02955e-05
3854 3.02916e-05
899 2.98392e-05
699 2.97053e-05
1353 2.96171e-05
379 2.93605e-05
153 2.91528e-05
3732 2.90986e-05
1346 2.90228e-05
3589 2.86783e-05
234 2.86594e-05
1224 2.85644e-05
2178 2.84562e-05
841 2.82363e-05
2788 2.81989e-05
3942 2.75717e-05
1510 2.73801e-05
2855 2.67897e-05
3688 2.63188e-05
3959 2.60339e-05
2493 2.59747e-05
860 2.57719e-05
2963 2.57559e-05
2952 2.57401e-05
2219 2.56931e-05
448 2.55016e-05
744 2.53172e-05
571 2.52735e-05
2857 2.52199e-05
1022 2.50636e-05
750 2.50495e-05
3704 2.50074e-05
3375 2.43626e-05
2714 2.43401e-05
1417 2.43377e-05
945 2.37838e-05
656 2.34183e-05
3413 2.33305e-05
2814 2.297e-05
2998 2.28501e-05
2704 2.27306e-05
2740 2.27276e-05
1394 2.26682e-05
2860 2.22806e-05
1856 2.16717e-05
648 2.14685e-05
1034 2.09357e-05
1326 2.07483e-05
2380 2.05618e-05
1362 2.05076e-05
2722 2.01816e-05
2798 1.92478e-05
1270 1.87698e-05
2382 1.82623e-05
2541 1.82603e-05
1854 1.80299e-05
883 1.80268e-05
892 1.80263e-05
875 1.80262e-05
891 1.80251e-05
43 1.72469e-05
292 1.72442e-05
287 1.7243e-05
210 1.72428e-05
335 1.72424e-05
15 1.72423e-05
215 1.72422e-05
209 1.72419e-05
18 1.72417e-05
37 1.72412e-05
12 1.72406e-05
74 1.72404e-05
11 1.72394e-05
114 1.72392e-05
1651 1.68874e-05
3125 1.58308e-05
3408 1.57928e-05
3134 1.56359e-05
1065 1.51894e-05
3282 1.50435e-05
1969 1.48061e-05
1558 1.43544e-05
3006 1.40699e-05
1233 1.39807e-05
3748 1.37001e-05
3453 1.36995e-05
3650 1.36987e-05
3798 1.36981e-05
3451 1.36975e-05
3729 1.36974e-05
3820 1.36969e-05
3935 1.36965e-05
3856 1.3696e-05
3853 1.36959e-05
3709 1.36954e-05
3974 1.36943e-05
3570 1.3693e-05
1430 1.35657e-05
692 1.30324e-05
801 1.30304e-05
1690 1.28696e-05
1967 1.27896e-05
1395 1.21101e-05
1176 1.15529e-05
1755 1.14251e-05
674 1.06131e-05
607 1.06099e-05
624 1.06097e-05
585 1.06095e-05
602 1.06094e-05
608 1.06082e-05
613 1.06077e-05
668 1.06063e-05
638 1.06062e-05
1276 9.65864e-06
358 9.65119e-06
550 9.64917e-06
447 9.64892e-06
1262 9.64577e-06
2442 9.23093e-06
3183 7.75055e-06
3230 7.74908e-06
3071 7.74896e-06
2842 7.74891e-06
3031 7.74796e-06
1834 6.34465e-06
1386 6.34413e-06
918 6.3427e-06
911 6.34239e-06
1096 6.34222e-06
1206 6.34146e-06
1145 6.34045e-06
1466 6.33871e-06
1119 6.33795e-06
1581 6.33784e-06
1560 6.33717e-06
2470 4.78721e-06
2079 4.78648e-06
2457 4.78627e-06
2195 4.78469e-06
2569 4.78467e-06
2596 4.78444e-06
2269 4.78398e-06
