4025 0.07364341085271318
3980 0.07169811320754717
3746 0.05928853754940711
244 0.055776892430278883
179 0.054901960784313725
453 0.05426356589147287
386 0.05371900826446281
282 0.05128205128205128
1586 0.04979253112033195
256 0.048582995951417005
1202 0.048582995951417005
157 0.048
182 0.04797047970479705
1105 0.04794520547945205
885 0.04794520547945205
3987 0.04782608695652174
42 0.04780876494023904
1890 0.046610169491525424
81 0.046263345195729534
174 0.044715447154471545
377 0.04417670682730924
4001 0.043668122270742356
1194 0.04365079365079365
2792 0.04332129963898917
259 0.04330708661417323
3954 0.04310344827586207
47 0.04304635761589404
91 0.043010752688172046
49 0.04296875
3996 0.04291845493562232
437 0.042735042735042736
233 0.04263565891472868
95 0.04230769230769231
3268 0.041666666666666664
1224 0.04150943396226415
3271 0.04119850187265917
717 0.0411522633744856
4012 0.040983606557377046
2483 0.04065040650406504
0 0.04
145 0.03968253968253968
3885 0.039525691699604744
219 0.039301310043668124
3407 0.03896103896103896
757 0.03875968992248062
227 0.03773584905660377
1208 0.03759398496240601
2094 0.03745318352059925
356 0.03717472118959108
642 0.036734693877551024
1027 0.036585365853658534
3074 0.0365296803652968
3127 0.03643724696356275
2527 0.036290322580645164
3990 0.03619909502262444
3616 0.036101083032490974
4027 0.03587443946188341
89 0.035856573705179286
3887 0.035856573705179286
167 0.03571428571428571
3751 0.03557312252964427
411 0.03543307086614173
867 0.03543307086614173
443 0.03508771929824561
1046 0.034934497816593885
855 0.03463203463203463
3251 0.03463203463203463
3489 0.03375527426160337
4038 0.033582089552238806
143 0.03319502074688797
832 0.03319502074688797
4016 0.03308823529411765
275 0.03278688524590164
286 0.03278688524590164
4029 0.03278688524590164
4036 0.03278688524590164
904 0.03271028037383177
124 0.03255813953488372
870 0.032388663967611336
3676 0.032388663967611336
2437 0.0321285140562249
852 0.032
4005 0.031914893617021274
2113 0.031746031746031744
3894 0.031746031746031744
364 0.03162055335968379
2301 0.03137254901960784
3200 0.0313588850174216
171 0.03125
887 0.03125
579 0.0311284046692607
532 0.03111111111111111
1368 0.031007751937984496
301 0.03076923076923077
351 0.03065134099616858
6 0.030303030303030304
1240 0.030303030303030304
4023 0.030303030303030304
3744 0.030042918454935622
230 0.029914529914529916
698 0.029850746268656716
150 0.029787234042553193
396 0.029661016949152543
686 0.029411764705882353
2281 0.029411764705882353
1956 0.029288702928870293
2535 0.029197080291970802
3519 0.029197080291970802
472 0.02909090909090909
4009 0.02888086642599278
192 0.02880658436213992
198 0.02880658436213992
23 0.02857142857142857
2926 0.028455284552845527
3691 0.02843601895734597
166 0.028368794326241134
2861 0.02834008097165992
319 0.028169014084507043
3982 0.028037383177570093
2017 0.028
307 0.027888446215139442
3808 0.027888446215139442
252 0.02766798418972332
1138 0.02766798418972332
1995 0.02766798418972332
3872 0.02766798418972332
3037 0.027649769585253458
100 0.027559055118110236
93 0.027450980392156862
2621 0.0273972602739726
3612 0.02734375
3439 0.027237354085603113
3716 0.027131782945736434
2799 0.02702702702702703
3487 0.026923076923076925
2774 0.026923076923076925
4004 0.026923076923076925
3580 0.02681992337164751
2805 0.026615969581749048
33 0.02654867256637168
1270 0.02643171806167401
3989 0.02643171806167401
1254 0.026415094339622643
1442 0.02631578947368421
110 0.026217228464419477
2548 0.026217228464419477
3720 0.026119402985074626
2677 0.025830258302583026
2497 0.02575107296137339
255 0.02564102564102564
3083 0.02564102564102564
714 0.025547445255474453
3055 0.025547445255474453
3606 0.02553191489361702
3652 0.02553191489361702
3801 0.025423728813559324
594 0.025089605734767026
4 0.024793388429752067
90 0.024793388429752067
401 0.024793388429752067
3635 0.024691358024691357
3849 0.024691358024691357
3999 0.02456140350877193
3505 0.024489795918367346
253 0.024390243902439025
3560 0.024390243902439025
858 0.024305555555555556
263 0.024291497975708502
1505 0.024154589371980676
2256 0.024096385542168676
2691 0.024
3963 0.024
1030 0.02390438247011952
1043 0.023809523809523808
869 0.023809523809523808
4021 0.023715415019762844
264 0.023622047244094488
1838 0.023622047244094488
3789 0.023622047244094488
1486 0.023529411764705882
4000 0.023474178403755867
478 0.0234375
3791 0.0234375
3181 0.023166023166023165
3354 0.023148148148148147
3694 0.023076923076923078
116 0.022988505747126436
1434 0.022988505747126436
3229 0.022935779816513763
4031 0.022900763358778626
2263 0.022900763358778626
2421 0.022900763358778626
2168 0.022813688212927757
3995 0.022813688212927757
1264 0.022727272727272728
393 0.022727272727272728
2933 0.022727272727272728
3536 0.022727272727272728
627 0.022641509433962263
3587 0.022641509433962263
328 0.022556390977443608
204 0.02247191011235955
3655 0.02242152466367713
1332 0.022304832713754646
3726 0.022304832713754646
553 0.022222222222222223
3567 0.02214022140221402
467 0.022123893805309734
3506 0.022123893805309734
78 0.022058823529411766
24 0.022026431718061675
1594 0.022026431718061675
2764 0.022026431718061675
3942 0.021929824561403508
2703 0.021897810218978103
3216 0.021834061135371178
310 0.021739130434782608
1218 0.021739130434782608
872 0.021739130434782608
2732 0.021739130434782608
3466 0.021739130434782608
241 0.021660649819494584
181 0.021645021645021644
2724 0.021645021645021644
3638 0.02158273381294964
818 0.021551724137931036
3813 0.021551724137931036
68 0.02145922746781116
3141 0.02145922746781116
1889 0.021367521367521368
441 0.021367521367521368
3537 0.021367521367521368
2634 0.02127659574468085
3862 0.02127659574468085
3916 0.02127659574468085
3091 0.0211864406779661
3625 0.0211864406779661
3690 0.0211864406779661
2766 0.02109704641350211
2844 0.02109704641350211
2879 0.02109704641350211
1944 0.02109704641350211
3444 0.02109704641350211
2776 0.02100840336134454
3530 0.02100840336134454
1545 0.02092050209205021
3776 0.02092050209205021
249 0.020833333333333332
2558 0.020833333333333332
3960 0.020689655172413793
796 0.02066115702479339
895 0.02066115702479339
120 0.0205761316872428
383 0.0205761316872428
468 0.0205761316872428
3861 0.0205761316872428
3012 0.0205761316872428
1996 0.0205761316872428
956 0.020491803278688523
678 0.020491803278688523
2441 0.020491803278688523
2505 0.020491803278688523
3701 0.020491803278688523
41 0.02040816326530612
3274 0.02040816326530612
958 0.020338983050847456
846 0.02032520325203252
864 0.02032520325203252
3314 0.02032520325203252
76 0.020242914979757085
868 0.020242914979757085
2204 0.020242914979757085
3566 0.020242914979757085
3950 0.020242914979757085
663 0.020161290322580645
3571 0.020161290322580645
3868 0.020161290322580645
3933 0.020161290322580645
1657 0.020080321285140562
429 0.020080321285140562
661 0.020080321285140562
797 0.02
1499 0.0199203187250996
1808 0.0199203187250996
1937 0.0199203187250996
4007 0.0199203187250996
228 0.01984126984126984
736 0.01984126984126984
3546 0.01984126984126984
268 0.019762845849802372
670 0.019762845849802372
833 0.019762845849802372
2930 0.019762845849802372
3067 0.01968503937007874
3121 0.01968503937007874
380 0.0196078431372549
466 0.0196078431372549
866 0.0196078431372549
2821 0.0196078431372549
2487 0.0196078431372549
29 0.01953125
159 0.01953125
587 0.01953125
3477 0.01953125
3602 0.01953125
789 0.019455252918287938
792 0.019455252918287938
3561 0.019455252918287938
2856 0.019455252918287938
3806 0.019455252918287938
1308 0.01937984496124031
1727 0.01937984496124031
2357 0.01937984496124031
2517 0.01937984496124031
3513 0.01937984496124031
3773 0.01937984496124031
1624 0.019305019305019305
491 0.019305019305019305
283 0.019230769230769232
3932 0.019230769230769232
218 0.019157088122605363
3647 0.019083969465648856
3811 0.01904761904761905
1348 0.019011406844106463
1701 0.019011406844106463
3338 0.019011406844106463
2456 0.019011406844106463
4013 0.019011406844106463
96 0.01893939393939394
659 0.01893939393939394
38 0.018867924528301886
243 0.018867924528301886
877 0.018867924528301886
3499 0.018867924528301886
3549 0.018867924528301886
9 0.018796992481203006
1171 0.018726591760299626
862 0.018726591760299626
873 0.018726591760299626
1013 0.018656716417910446
67 0.01858736059479554
899 0.01858736059479554
3437 0.01858736059479554
3081 0.01858736059479554
1776 0.018518518518518517
1788 0.018518518518518517
616 0.018518518518518517
2041 0.018518518518518517
469 0.01845018450184502
3774 0.01845018450184502
2015 0.01838235294117647
3998 0.01834862385321101
92 0.018315018315018316
3472 0.018315018315018316
888 0.0182648401826484
3180 0.0182648401826484
1174 0.01824817518248175
3521 0.01818181818181818
4017 0.018115942028985508
3993 0.01809954751131222
202 0.018050541516245487
299 0.018050541516245487
3946 0.018018018018018018
1566 0.017985611510791366
1253 0.017937219730941704
19 0.017857142857142856
878 0.017857142857142856
643 0.01773049645390071
745 0.01773049645390071
564 0.017699115044247787
3757 0.017699115044247787
3911 0.017699115044247787
3424 0.0176678445229682
3918 0.0176678445229682
881 0.017543859649122806
2671 0.017543859649122806
3814 0.017482517482517484
178 0.017467248908296942
746 0.017467248908296942
3131 0.017467248908296942
969 0.017391304347826087
882 0.017391304347826087
2791 0.017391304347826087
2106 0.017391304347826087
4006 0.017391304347826087
2082 0.017361111111111112
2656 0.017361111111111112
21 0.017316017316017316
1002 0.017316017316017316
1055 0.017316017316017316
776 0.017316017316017316
3622 0.01718213058419244
1249 0.017167381974248927
1627 0.017167381974248927
3529 0.017167381974248927
825 0.017123287671232876
615 0.017094017094017096
874 0.017094017094017096
2313 0.017094017094017096
3986 0.017094017094017096
2114 0.017006802721088437
329 0.01694915254237288
705 0.01694915254237288
863 0.01694915254237288
3708 0.01694915254237288
620 0.016877637130801686
729 0.016877637130801686
3005 0.016877637130801686
3913 0.016877637130801686
247 0.016835016835016835
349 0.01680672268907563
2448 0.01680672268907563
560 0.016736401673640166
3626 0.016736401673640166
3227 0.016736401673640166
3511 0.016736401673640166
1664 0.016722408026755852
195 0.016666666666666666
1817 0.016666666666666666
732 0.016597510373443983
884 0.016597510373443983
2721 0.016597510373443983
3383 0.016597510373443983
3640 0.016597510373443983
88 0.01652892561983471
317 0.01652892561983471
2693 0.01652892561983471
2753 0.01652892561983471
3388 0.01652892561983471
64 0.01646090534979424
190 0.01646090534979424
1550 0.01646090534979424
1797 0.01646090534979424
2734 0.01646090534979424
3032 0.01646090534979424
3812 0.01639344262295082
137 0.0163265306122449
3875 0.0163265306122449
3846 0.016304347826086956
1234 0.016260162601626018
1693 0.016260162601626018
724 0.016260162601626018
790 0.016260162601626018
2129 0.016260162601626018
4002 0.016260162601626018
783 0.016194331983805668
3162 0.016194331983805668
3443 0.016194331983805668
4020 0.016194331983805668
214 0.016129032258064516
327 0.016129032258064516
522 0.016129032258064516
3651 0.016129032258064516
2952 0.016129032258064516
2565 0.016129032258064516
14 0.01606425702811245
266 0.01606425702811245
326 0.01606425702811245
1854 0.01606425702811245
3308 0.01606425702811245
2651 0.01606425702811245
3679 0.01606425702811245
3747 0.01606425702811245
3985 0.01606425702811245
3961 0.016
3674 0.016
2975 0.016
480 0.01593625498007968
518 0.01593625498007968
1936 0.01593625498007968
3481 0.01593625498007968
3559 0.01593625498007968
3727 0.01593625498007968
3899 0.01593625498007968
3906 0.01593625498007968
229 0.015873015873015872
1672 0.015873015873015872
3539 0.015873015873015872
3908 0.015873015873015872
168 0.015810276679841896
1127 0.015810276679841896
1297 0.015810276679841896
2836 0.015810276679841896
77 0.015748031496062992
306 0.015748031496062992
912 0.015748031496062992
1770 0.015748031496062992
2893 0.015748031496062992
3614 0.01568627450980392
3977 0.01568627450980392
122 0.015625
205 0.015625
1268 0.015625
1403 0.015625
193 0.01556420233463035
1088 0.01556420233463035
1118 0.01556420233463035
3062 0.01556420233463035
2450 0.01556420233463035
3781 0.01556420233463035
3953 0.01556420233463035
197 0.015503875968992248
220 0.015503875968992248
260 0.015503875968992248
684 0.015503875968992248
3063 0.015503875968992248
3425 0.015503875968992248
3725 0.015503875968992248
3754 0.015503875968992248
3949 0.015503875968992248
99 0.015444015444015444
665 0.015444015444015444
841 0.015444015444015444
3 0.015384615384615385
71 0.015384615384615385
187 0.015384615384615385
775 0.015384615384615385
2784 0.015384615384615385
2618 0.015384615384615385
239 0.01532567049808429
1534 0.01532567049808429
501 0.01532567049808429
847 0.01532567049808429
3428 0.01532567049808429
3836 0.01532567049808429
1781 0.015306122448979591
20 0.015209125475285171
712 0.015209125475285171
3102 0.015209125475285171
3449 0.015209125475285171
3637 0.015209125475285171
3966 0.015209125475285171
769 0.015151515151515152
8 0.01509433962264151
1792 0.01509433962264151
3157 0.01509433962264151
498 0.015037593984962405
46 0.0149812734082397
890 0.0149812734082397
3565 0.0149812734082397
2788 0.014925373134328358
3126 0.014925373134328358
3710 0.014925373134328358
3939 0.014925373134328358
1045 0.01486988847583643
1739 0.01486988847583643
2577 0.01486988847583643
3654 0.01486988847583643
3992 0.01486988847583643
44 0.014760147601476014
108 0.014760147601476014
3300 0.014760147601476014
1178 0.014705882352941176
1567 0.014705882352941176
3186 0.014705882352941176
3787 0.014705882352941176
1910 0.014652014652014652
3516 0.014652014652014652
3883 0.014634146341463415
2886 0.014563106796116505
296 0.014545454545454545
1133 0.014545454545454545
3755 0.014545454545454545
584 0.014492753623188406
2486 0.014492753623188406
3888 0.014492753623188406
626 0.01444043321299639
3723 0.01444043321299639
1555 0.014388489208633094
516 0.014336917562724014
816 0.014336917562724014
842 0.014285714285714285
3476 0.014285714285714285
3594 0.014234875444839857
1307 0.014184397163120567
3168 0.014184397163120567
865 0.014134275618374558
3750 0.014134275618374558
908 0.014084507042253521
954 0.014084507042253521
2936 0.014084507042253521
2982 0.013953488372093023
3657 0.013953488372093023
3372 0.013937282229965157
165 0.013888888888888888
3153 0.013888888888888888
3504 0.013888888888888888
3515 0.013888888888888888
3959 0.013888888888888888
1618 0.01384083044982699
3440 0.013824884792626729
924 0.013793103448275862
1830 0.013761467889908258
2699 0.013761467889908258
2341 0.013761467889908258
502 0.013745704467353952
766 0.0136986301369863
773 0.0136986301369863
333 0.013636363636363636
716 0.013574660633484163
3590 0.013574660633484163
1481 0.013513513513513514
3898 0.013513513513513514
1763 0.013452914798206279
782 0.013452914798206279
3599 0.013452914798206279
1248 0.013422818791946308
288 0.013392857142857142
499 0.013392857142857142
718 0.013392857142857142
3717 0.013392857142857142
621 0.013333333333333334
3144 0.013333333333333334
3311 0.013333333333333334
2051 0.013333333333333334
2622 0.013333333333333334
3531 0.013333333333333334
1433 0.01327433628318584
3245 0.01327433628318584
2700 0.01327433628318584
3880 0.01327433628318584
237 0.013215859030837005
278 0.013215859030837005
740 0.013215859030837005
3336 0.013215859030837005
463 0.013157894736842105
3379 0.013157894736842105
348 0.013100436681222707
3788 0.013100436681222707
3927 0.013100436681222707
3952 0.013100436681222707
3991 0.013100436681222707
4028 0.013100436681222707
83 0.013043478260869565
968 0.013043478260869565
1650 0.013043478260869565
3621 0.013043478260869565
3222 0.013043478260869565
3090 0.013043478260869565
231 0.012987012987012988
1051 0.012987012987012988
1273 0.012987012987012988
1337 0.012987012987012988
631 0.012987012987012988
3696 0.012987012987012988
3733 0.012987012987012988
325 0.01293103448275862
428 0.01293103448275862
1760 0.01293103448275862
764 0.01293103448275862
3797 0.01293103448275862
2670 0.01293103448275862
2688 0.01293103448275862
2595 0.01293103448275862
3764 0.01293103448275862
1607 0.012875536480686695
3556 0.012875536480686695
2632 0.012875536480686695
3790 0.012875536480686695
86 0.01282051282051282
184 0.01282051282051282
431 0.01282051282051282
3155 0.01282051282051282
3423 0.01282051282051282
3543 0.01282051282051282
3548 0.01282051282051282
3644 0.01282051282051282
3931 0.01282051282051282
72 0.01276595744680851
955 0.01276595744680851
1177 0.01276595744680851
3962 0.01276595744680851
2178 0.01276595744680851
311 0.012711864406779662
1134 0.012711864406779662
1847 0.012711864406779662
623 0.012711864406779662
3128 0.012711864406779662
2291 0.012711864406779662
3490 0.012711864406779662
3799 0.012711864406779662
26 0.012658227848101266
121 0.012658227848101266
3003 0.012658227848101266
1537 0.012658227848101266
3130 0.012658227848101266
3242 0.012658227848101266
3447 0.012658227848101266
3572 0.012658227848101266
3904 0.012658227848101266
112 0.012605042016806723
1001 0.012605042016806723
433 0.012605042016806723
489 0.012605042016806723
691 0.012605042016806723
2922 0.012605042016806723
199 0.012552301255230125
922 0.012552301255230125
1408 0.012552301255230125
2661 0.012552301255230125
2736 0.012552301255230125
2248 0.012552301255230125
2650 0.012552301255230125
3659 0.012552301255230125
223 0.0125
330 0.0125
3290 0.0125
1036 0.0125
1044 0.0125
658 0.0125
889 0.0125
2771 0.0125
2889 0.0125
3554 0.0125
3785 0.0125
3909 0.0125
4032 0.0125
155 0.012448132780082987
206 0.012448132780082987
344 0.012448132780082987
1511 0.012448132780082987
2968 0.012448132780082987
2767 0.012448132780082987
3470 0.012448132780082987
3863 0.012448132780082987
495 0.012396694214876033
619 0.012396694214876033
802 0.012396694214876033
2858 0.012396694214876033
3598 0.012396694214876033
3988 0.012396694214876033
1050 0.012345679012345678
1245 0.012345679012345678
3501 0.012345679012345678
2817 0.012345679012345678
3937 0.012345679012345678
175 0.012295081967213115
2126 0.012295081967213115
3551 0.012295081967213115
3585 0.012295081967213115
3649 0.012295081967213115
4018 0.012295081967213115
4033 0.012295081967213115
32 0.012244897959183673
1860 0.012244897959183673
531 0.012244897959183673
770 0.012244897959183673
2744 0.012244897959183673
2959 0.012244897959183673
3584 0.012244897959183673
3734 0.012244897959183673
85 0.012195121951219513
304 0.012195121951219513
1418 0.012195121951219513
361 0.012195121951219513
689 0.012195121951219513
2813 0.012195121951219513
3777 0.012195121951219513
337 0.012145748987854251
551 0.012145748987854251
771 0.012145748987854251
779 0.012145748987854251
3093 0.012145748987854251
3159 0.012145748987854251
3329 0.012145748987854251
2080 0.012145748987854251
2193 0.012145748987854251
2236 0.012145748987854251
4014 0.012145748987854251
54 0.012096774193548387
58 0.012096774193548387
1154 0.012096774193548387
1518 0.012096774193548387
1731 0.012096774193548387
508 0.012096774193548387
611 0.012096774193548387
722 0.012096774193548387
839 0.012096774193548387
857 0.012096774193548387
3248 0.012096774193548387
2826 0.012096774193548387
3143 0.012096774193548387
3218 0.012096774193548387
3352 0.012096774193548387
3473 0.012096774193548387
3759 0.012096774193548387
84 0.012048192771084338
322 0.012048192771084338
414 0.012048192771084338
973 0.012048192771084338
1161 0.012048192771084338
1345 0.012048192771084338
1697 0.012048192771084338
1786 0.012048192771084338
725 0.012048192771084338
749 0.012048192771084338
3295 0.012048192771084338
3483 0.012048192771084338
3522 0.012048192771084338
3924 0.012048192771084338
2885 0.012
909 0.012
1295 0.012
1718 0.012
2180 0.012
582 0.012
2816 0.012
2397 0.012
3523 0.012
3768 0.012
3967 0.012
102 0.01195219123505976
1016 0.01195219123505976
1033 0.01195219123505976
1468 0.01195219123505976
1815 0.01195219123505976
397 0.01195219123505976
632 0.01195219123505976
664 0.01195219123505976
786 0.01195219123505976
3023 0.01195219123505976
1197 0.011904761904761904
1261 0.011904761904761904
1636 0.011904761904761904
552 0.011904761904761904
3001 0.011904761904761904
2916 0.011904761904761904
3333 0.011904761904761904
2173 0.011904761904761904
3555 0.011904761904761904
3568 0.011904761904761904
3892 0.011904761904761904
3907 0.011904761904761904
3930 0.011904761904761904
201 0.011857707509881422
315 0.011857707509881422
1356 0.011857707509881422
572 0.011857707509881422
2899 0.011857707509881422
3305 0.011857707509881422
2217 0.011857707509881422
161 0.011811023622047244
254 0.011811023622047244
1383 0.011811023622047244
436 0.011811023622047244
859 0.011811023622047244
2668 0.011811023622047244
2995 0.011811023622047244
2091 0.011811023622047244
1378 0.011764705882352941
2983 0.011764705882352941
3221 0.011764705882352941
3780 0.011764705882352941
3847 0.011764705882352941
3925 0.011764705882352941
25 0.01171875
1183 0.01171875
1640 0.01171875
486 0.01171875
595 0.01171875
3255 0.01171875
3895 0.01171875
97 0.011673151750972763
147 0.011673151750972763
1071 0.011673151750972763
1162 0.011673151750972763
464 0.011673151750972763
811 0.011673151750972763
2726 0.011673151750972763
172 0.011627906976744186
240 0.011627906976744186
871 0.011627906976744186
2375 0.011627906976744186
3464 0.011627906976744186
73 0.011583011583011582
269 0.011583011583011582
1676 0.011583011583011582
3633 0.011583011583011582
2806 0.011583011583011582
3685 0.011583011583011582
52 0.011538461538461539
3173 0.011538461538461539
381 0.011538461538461539
784 0.011538461538461539
2678 0.011538461538461539
2775 0.011538461538461539
3923 0.011538461538461539
3971 0.011538461538461539
98 0.011494252873563218
262 0.011494252873563218
1562 0.011494252873563218
635 0.011494252873563218
861 0.011494252873563218
893 0.011494252873563218
3401 0.011494252873563218
3508 0.011494252873563218
3920 0.011494252873563218
291 0.011450381679389313
347 0.011450381679389313
2978 0.011450381679389313
3099 0.011450381679389313
3695 0.011450381679389313
3793 0.011450381679389313
242 0.011406844106463879
257 0.011406844106463879
281 0.011406844106463879
316 0.011406844106463879
1858 0.011406844106463879
3468 0.011406844106463879
1 0.011363636363636364
910 0.011363636363636364
1316 0.011363636363636364
458 0.011363636363636364
625 0.011363636363636364
2710 0.011363636363636364
3607 0.011363636363636364
3867 0.011363636363636364
3914 0.011363636363636364
51 0.011320754716981131
1213 0.011320754716981131
879 0.011320754716981131
2428 0.011320754716981131
2439 0.011320754716981131
3613 0.011320754716981131
3763 0.011320754716981131
3979 0.011320754716981131
129 0.011278195488721804
1252 0.011278195488721804
533 0.011278195488721804
583 0.011278195488721804
3390 0.011278195488721804
3502 0.011278195488721804
3816 0.011278195488721804
3826 0.011278195488721804
2 0.011235955056179775
144 0.011235955056179775
1236 0.011235955056179775
805 0.011235955056179775
2262 0.011235955056179775
1203 0.011194029850746268
2640 0.011194029850746268
791 0.011194029850746268
2940 0.011194029850746268
3718 0.011194029850746268
61 0.011152416356877323
70 0.011152416356877323
1492 0.011152416356877323
1991 0.011152416356877323
828 0.011152416356877323
4003 0.011111111111111112
31 0.01107011070110701
1360 0.01107011070110701
3057 0.01107011070110701
3965 0.01107011070110701
163 0.011029411764705883
1087 0.011029411764705883
723 0.011029411764705883
3310 0.011029411764705883
1957 0.011029411764705883
3582 0.011029411764705883
3783 0.011029411764705883
5 0.01098901098901099
554 0.01098901098901099
1168 0.010948905109489052
1578 0.010948905109489052
3234 0.010948905109489052
3665 0.010948905109489052
3749 0.010948905109489052
675 0.01090909090909091
3586 0.01090909090909091
1023 0.010869565217391304
1729 0.010869565217391304
739 0.010869565217391304
331 0.010830324909747292
1000 0.010830324909747292
1061 0.010830324909747292
1759 0.010830324909747292
3498 0.010830324909747292
3636 0.010830324909747292
3669 0.010830324909747292
2685 0.01079136690647482
3945 0.01079136690647482
721 0.010752688172043012
2725 0.010752688172043012
1429 0.010676156583629894
2768 0.010676156583629894
2023 0.010676156583629894
7 0.010638297872340425
222 0.01060070671378092
1536 0.01060070671378092
474 0.01060070671378092
3628 0.01060070671378092
3912 0.01060070671378092
1806 0.01056338028169014
2924 0.01056338028169014
1227 0.010526315789473684
2170 0.01048951048951049
3809 0.01048951048951049
1193 0.010452961672473868
1871 0.010452961672473868
3526 0.010452961672473868
132 0.010416666666666666
2534 0.010416666666666666
1641 0.010344827586206896
986 0.01020408163265306
2320 0.01
1733 0.009852216748768473
1780 0.00975609756097561
1884 0.00975609756097561
1037 0.009615384615384616
273 0.009569377990430622
3278 0.009569377990430622
3825 0.009569377990430622
597 0.009523809523809525
1921 0.009478672985781991
1041 0.009433962264150943
3246 0.009433962264150943
3084 0.009389671361502348
1949 0.009345794392523364
1111 0.009259259259259259
1529 0.009259259259259259
3203 0.009259259259259259
3675 0.009259259259259259
3900 0.009259259259259259
2785 0.009216589861751152
3122 0.009216589861751152
3745 0.009216589861751152
3981 0.009216589861751152
3395 0.009174311926605505
3402 0.009174311926605505
1389 0.0091324200913242
1801 0.0091324200913242
948 0.00909090909090909
1671 0.00909090909090909
2009 0.00909090909090909
2422 0.00909090909090909
1630 0.00904977375565611
1706 0.00904977375565611
2988 0.00904977375565611
3368 0.00904977375565611
1477 0.009009009009009009
830 0.009009009009009009
2316 0.009009009009009009
965 0.008968609865470852
1913 0.008968609865470852
2958 0.008968609865470852
3389 0.008968609865470852
3714 0.008968609865470852
547 0.008928571428571428
2990 0.008928571428571428
3139 0.008928571428571428
2325 0.008928571428571428
94 0.008888888888888889
1543 0.008888888888888889
3072 0.008888888888888889
3627 0.008888888888888889
3715 0.008888888888888889
1196 0.008849557522123894
750 0.008849557522123894
3432 0.008849557522123894
2025 0.008849557522123894
1325 0.00881057268722467
1552 0.00881057268722467
2143 0.00881057268722467
369 0.00881057268722467
455 0.00881057268722467
599 0.00881057268722467
733 0.00881057268722467
803 0.00881057268722467
2902 0.00881057268722467
3275 0.00881057268722467
131 0.008771929824561403
639 0.008771929824561403
821 0.008771929824561403
2831 0.008771929824561403
3377 0.008771929824561403
3457 0.008771929824561403
3445 0.008733624454148471
3678 0.008733624454148471
1072 0.008695652173913044
1814 0.008695652173913044
422 0.008695652173913044
695 0.008695652173913044
3589 0.008695652173913044
3771 0.008695652173913044
1094 0.008658008658008658
703 0.008658008658008658
3540 0.008658008658008658
2265 0.008658008658008658
3441 0.008658008658008658
3491 0.008658008658008658
1704 0.008620689655172414
1852 0.008620689655172414
561 0.008620689655172414
743 0.008620689655172414
3609 0.008620689655172414
2865 0.008620689655172414
2245 0.008620689655172414
3969 0.008620689655172414
324 0.008583690987124463
1298 0.008583690987124463
1450 0.008583690987124463
399 0.008583690987124463
589 0.008583690987124463
3779 0.008583690987124463
2866 0.008583690987124463
3316 0.008583690987124463
2120 0.008583690987124463
2167 0.008583690987124463
3459 0.008583690987124463
3698 0.008583690987124463
3984 0.008583690987124463
48 0.008547008547008548
323 0.008547008547008548
1008 0.008547008547008548
1064 0.008547008547008548
1703 0.008547008547008548
2701 0.008547008547008548
3028 0.008547008547008548
3110 0.008547008547008548
2610 0.008547008547008548
3442 0.008547008547008548
3683 0.008547008547008548
3738 0.008547008547008548
290 0.00851063829787234
1684 0.00851063829787234
995 0.00851063829787234
1708 0.00851063829787234
481 0.00851063829787234
768 0.00851063829787234
2137 0.00851063829787234
3025 0.00851063829787234
3212 0.00851063829787234
2159 0.00851063829787234
3446 0.00851063829787234
3595 0.00851063829787234
962 0.00847457627118644
1579 0.00847457627118644
2829 0.00847457627118644
3080 0.00847457627118644
2228 0.00847457627118644
2446 0.00847457627118644
56 0.008438818565400843
297 0.008438818565400843
300 0.008438818565400843
353 0.008438818565400843
4011 0.008438818565400843
3225 0.008438818565400843
3326 0.008438818565400843
1958 0.008438818565400843
1988 0.008438818565400843
2160 0.008438818565400843
2346 0.008438818565400843
3619 0.008438818565400843
3711 0.008438818565400843
3848 0.008438818565400843
1494 0.008403361344537815
696 0.008403361344537815
856 0.008403361344537815
2720 0.008403361344537815
2870 0.008403361344537815
3048 0.008403361344537815
2000 0.008403361344537815
3610 0.008403361344537815
3673 0.008403361344537815
3997 0.008403361344537815
420 0.008368200836820083
990 0.008368200836820083
1406 0.008368200836820083
1437 0.008368200836820083
1909 0.008368200836820083
730 0.008368200836820083
2739 0.008368200836820083
2857 0.008368200836820083
3069 0.008368200836820083
2342 0.008368200836820083
2627 0.008368200836820083
476 0.008333333333333333
500 0.008333333333333333
2962 0.008333333333333333
2667 0.008333333333333333
3002 0.008333333333333333
930 0.008298755186721992
1091 0.008298755186721992
1311 0.008298755186721992
1711 0.008298755186721992
2571 0.008298755186721992
660 0.008298755186721992
697 0.008298755186721992
843 0.008298755186721992
2895 0.008298755186721992
3232 0.008298755186721992
3518 0.008298755186721992
3938 0.008298755186721992
961 0.008264462809917356
1137 0.008264462809917356
1414 0.008264462809917356
378 0.008264462809917356
573 0.008264462809917356
2686 0.008264462809917356
2812 0.008264462809917356
2925 0.008264462809917356
2939 0.008264462809917356
3152 0.008264462809917356
2076 0.008264462809917356
2274 0.008264462809917356
3438 0.008264462809917356
3664 0.008264462809917356
3823 0.008264462809917356
27 0.00823045267489712
45 0.00823045267489712
2838 0.00823045267489712
957 0.00823045267489712
1377 0.00823045267489712
1574 0.00823045267489712
477 0.00823045267489712
581 0.00823045267489712
3366 0.00823045267489712
2994 0.00823045267489712
3053 0.00823045267489712
3188 0.00823045267489712
2214 0.00823045267489712
2424 0.00823045267489712
3538 0.00823045267489712
3562 0.00823045267489712
173 0.00819672131147541
298 0.00819672131147541
606 0.00819672131147541
979 0.00819672131147541
1131 0.00819672131147541
1634 0.00819672131147541
1837 0.00819672131147541
407 0.00819672131147541
529 0.00819672131147541
2778 0.00819672131147541
3624 0.00819672131147541
3762 0.00819672131147541
224 0.00816326530612245
1758 0.00816326530612245
438 0.00816326530612245
507 0.00816326530612245
2763 0.00816326530612245
2873 0.00816326530612245
3045 0.00816326530612245
3166 0.00816326530612245
3426 0.00816326530612245
3835 0.00816326530612245
3869 0.00816326530612245
3910 0.00816326530612245
134 0.008130081300813009
1462 0.008130081300813009
1507 0.008130081300813009
1679 0.008130081300813009
1880 0.008130081300813009
406 0.008130081300813009
576 0.008130081300813009
685 0.008130081300813009
2948 0.008130081300813009
3077 0.008130081300813009
3087 0.008130081300813009
3374 0.008130081300813009
3427 0.008130081300813009
2243 0.008130081300813009
3509 0.008130081300813009
3844 0.008130081300813009
342 0.008097165991902834
1633 0.008097165991902834
2713 0.008097165991902834
2837 0.008097165991902834
2882 0.008097165991902834
3369 0.008097165991902834
3431 0.008097165991902834
1934 0.008097165991902834
2156 0.008097165991902834
2231 0.008097165991902834
2531 0.008097165991902834
2614 0.008097165991902834
3699 0.008097165991902834
3864 0.008097165991902834
3972 0.008097165991902834
164 0.008064516129032258
285 0.008064516129032258
314 0.008064516129032258
1186 0.008064516129032258
1353 0.008064516129032258
1441 0.008064516129032258
1807 0.008064516129032258
1896 0.008064516129032258
379 0.008064516129032258
690 0.008064516129032258
780 0.008064516129032258
788 0.008064516129032258
3171 0.008064516129032258
3214 0.008064516129032258
1970 0.008064516129032258
3693 0.008064516129032258
898 0.008032128514056224
931 0.008032128514056224
1568 0.008032128514056224
1698 0.008032128514056224
1702 0.008032128514056224
1726 0.008032128514056224
454 0.008032128514056224
496 0.008032128514056224
742 0.008032128514056224
820 0.008032128514056224
848 0.008032128514056224
3592 0.008032128514056224
2999 0.008032128514056224
2951 0.008032128514056224
2260 0.008032128514056224
2277 0.008032128514056224
2513 0.008032128514056224
3532 0.008032128514056224
3604 0.008032128514056224
3843 0.008032128514056224
106 0.008
160 0.008
279 0.008
942 0.008
1527 0.008
1747 0.008
1899 0.008
510 0.008
530 0.008
662 0.008
2830 0.008
2950 0.008
3109 0.008
3187 0.008
3357 0.008
3547 0.008
203 0.00796812749003984
1584 0.00796812749003984
1800 0.00796812749003984
1802 0.00796812749003984
1901 0.00796812749003984
2867 0.00796812749003984
3266 0.00796812749003984
1914 0.00796812749003984
2411 0.00796812749003984
2426 0.00796812749003984
2481 0.00796812749003984
3500 0.00796812749003984
3533 0.00796812749003984
3662 0.00796812749003984
3697 0.00796812749003984
36 0.007936507936507936
389 0.007936507936507936
1006 0.007936507936507936
1342 0.007936507936507936
1358 0.007936507936507936
1908 0.007936507936507936
415 0.007936507936507936
840 0.007936507936507936
2834 0.007936507936507936
3436 0.007936507936507936
2182 0.007936507936507936
2466 0.007936507936507936
4030 0.007936507936507936
1079 0.007905138339920948
1321 0.007905138339920948
1474 0.007905138339920948
1670 0.007905138339920948
2847 0.007905138339920948
3353 0.007905138339920948
2479 0.007905138339920948
3458 0.007905138339920948
3528 0.007905138339920948
3608 0.007905138339920948
3632 0.007905138339920948
3871 0.007905138339920948
3903 0.007905138339920948
3957 0.007905138339920948
151 0.007874015748031496
320 0.007874015748031496
946 0.007874015748031496
1150 0.007874015748031496
1151 0.007874015748031496
1585 0.007874015748031496
1845 0.007874015748031496
549 0.007874015748031496
425 0.007874015748031496
809 0.007874015748031496
2372 0.007874015748031496
3016 0.007874015748031496
3073 0.007874015748031496
3170 0.007874015748031496
3346 0.007874015748031496
3392 0.007874015748031496
2146 0.007874015748031496
2255 0.007874015748031496
2528 0.007874015748031496
3507 0.007874015748031496
3510 0.007874015748031496
3558 0.007874015748031496
3882 0.007874015748031496
17 0.00784313725490196
123 0.00784313725490196
271 0.00784313725490196
1101 0.00784313725490196
1260 0.00784313725490196
1328 0.00784313725490196
1455 0.00784313725490196
1478 0.00784313725490196
1601 0.00784313725490196
1648 0.00784313725490196
412 0.00784313725490196
559 0.00784313725490196
693 0.00784313725490196
3495 0.00784313725490196
2997 0.00784313725490196
3325 0.00784313725490196
3629 0.00784313725490196
3648 0.00784313725490196
3802 0.00784313725490196
3936 0.00784313725490196
107 0.0078125
232 0.0078125
1081 0.0078125
1188 0.0078125
1660 0.0078125
1666 0.0078125
1905 0.0078125
600 0.0078125
747 0.0078125
3331 0.0078125
2815 0.0078125
2965 0.0078125
3337 0.0078125
3435 0.0078125
1915 0.0078125
3645 0.0078125
3660 0.0078125
3891 0.0078125
217 0.007782101167315175
1155 0.007782101167315175
1165 0.007782101167315175
1440 0.007782101167315175
1531 0.007782101167315175
1740 0.007782101167315175
681 0.007782101167315175
753 0.007782101167315175
817 0.007782101167315175
3273 0.007782101167315175
3322 0.007782101167315175
3387 0.007782101167315175
3413 0.007782101167315175
3429 0.007782101167315175
2029 0.007782101167315175
2201 0.007782101167315175
2335 0.007782101167315175
2615 0.007782101167315175
3544 0.007782101167315175
3707 0.007782101167315175
30 0.007751937984496124
345 0.007751937984496124
1147 0.007751937984496124
1166 0.007751937984496124
1277 0.007751937984496124
1479 0.007751937984496124
1500 0.007751937984496124
1686 0.007751937984496124
1734 0.007751937984496124
682 0.007751937984496124
3692 0.007751937984496124
2073 0.007751937984496124
2312 0.007751937984496124
2358 0.007751937984496124
105 0.007722007722007722
915 0.007722007722007722
1972 0.007722007722007722
2447 0.007722007722007722
891 0.007722007722007722
2002 0.007722007722007722
2943 0.007722007722007722
2288 0.007722007722007722
3682 0.007722007722007722
3827 0.007722007722007722
154 0.007692307692307693
236 0.007692307692307693
1519 0.007692307692307693
592 0.007692307692307693
3319 0.007692307692307693
2809 0.007692307692307693
2888 0.007692307692307693
2317 0.007692307692307693
2360 0.007692307692307693
3822 0.007692307692307693
39 0.007662835249042145
343 0.007662835249042145
1029 0.007662835249042145
1575 0.007662835249042145
654 0.007662835249042145
758 0.007662835249042145
2349 0.007662835249042145
2488 0.007662835249042145
2620 0.007662835249042145
3482 0.007662835249042145
3803 0.007662835249042145
3866 0.007662835249042145
82 0.007633587786259542
1067 0.007633587786259542
2854 0.007633587786259542
3086 0.007633587786259542
119 0.0076045627376425855
339 0.0076045627376425855
1229 0.0076045627376425855
1907 0.0076045627376425855
354 0.0076045627376425855
465 0.0076045627376425855
2891 0.0076045627376425855
3307 0.0076045627376425855
2226 0.0076045627376425855
2626 0.0076045627376425855
3497 0.0076045627376425855
3630 0.0076045627376425855
3917 0.0076045627376425855
126 0.007575757575757576
186 0.007575757575757576
1089 0.007575757575757576
1200 0.007575757575757576
427 0.007575757575757576
3684 0.007575757575757576
3147 0.007575757575757576
3211 0.007575757575757576
3267 0.007575757575757576
1933 0.007575757575757576
2412 0.007575757575757576
3485 0.007575757575757576
3736 0.007575757575757576
3775 0.007575757575757576
1058 0.007547169811320755
1195 0.007547169811320755
1317 0.007547169811320755
359 0.007547169811320755
734 0.007547169811320755
2718 0.007547169811320755
3070 0.007547169811320755
3140 0.007547169811320755
3189 0.007547169811320755
3283 0.007547169811320755
1965 0.007547169811320755
2578 0.007547169811320755
3583 0.007547169811320755
3807 0.007547169811320755
3941 0.007547169811320755
1189 0.007518796992481203
1274 0.007518796992481203
513 0.007518796992481203
2756 0.007518796992481203
2859 0.007518796992481203
2876 0.007518796992481203
3854 0.007518796992481203
3902 0.007518796992481203
3964 0.007518796992481203
189 0.00749063670411985
226 0.00749063670411985
1143 0.00749063670411985
1790 0.00749063670411985
2225 0.00749063670411985
459 0.00749063670411985
806 0.00749063670411985
3148 0.00749063670411985
1935 0.00749063670411985
13 0.007462686567164179
1428 0.007462686567164179
1489 0.007462686567164179
1498 0.007462686567164179
1787 0.007462686567164179
1939 0.007462686567164179
586 0.007462686567164179
2931 0.007462686567164179
3260 0.007462686567164179
2141 0.007462686567164179
3553 0.007462686567164179
188 0.007434944237918215
683 0.007434944237918215
2892 0.007434944237918215
2675 0.007434944237918215
2955 0.007434944237918215
3940 0.007434944237918215
59 0.007407407407407408
1591 0.007407407407407408
1998 0.007407407407407408
357 0.007407407407407408
2780 0.007407407407407408
3046 0.007407407407407408
3124 0.007407407407407408
3653 0.007407407407407408
3839 0.007407407407407408
1371 0.007380073800738007
1822 0.007380073800738007
1829 0.007380073800738007
657 0.007380073800738007
117 0.007352941176470588
1012 0.007352941176470588
1057 0.007352941176470588
1538 0.007352941176470588
2723 0.007352941176470588
3600 0.007352941176470588
4019 0.007352941176470588
1024 0.007326007326007326
1110 0.007326007326007326
2081 0.007326007326007326
2463 0.007326007326007326
451 0.007326007326007326
494 0.007326007326007326
528 0.007326007326007326
3196 0.007326007326007326
3465 0.007326007326007326
3557 0.007326007326007326
3805 0.007326007326007326
1595 0.0072992700729927005
519 0.0072992700729927005
2972 0.0072992700729927005
3224 0.0072992700729927005
313 0.007272727272727273
1053 0.007272727272727273
2883 0.007272727272727273
2286 0.007272727272727273
2373 0.007272727272727273
2455 0.007272727272727273
3874 0.007272727272727273
1410 0.007246376811594203
774 0.007246376811594203
3829 0.007246376811594203
1019 0.007220216606498195
653 0.007220216606498195
2711 0.007220216606498195
3150 0.007220216606498195
346 0.007194244604316547
3454 0.007194244604316547
702 0.007194244604316547
3968 0.007194244604316547
133 0.007168458781362007
2839 0.007168458781362007
2840 0.007168458781362007
3014 0.007168458781362007
3596 0.007168458781362007
3611 0.007168458781362007
3689 0.007168458781362007
3412 0.007142857142857143
2431 0.007142857142857143
2100 0.0071174377224199285
191 0.0070921985815602835
1425 0.0070921985815602835
1544 0.0070921985815602835
3279 0.0070921985815602835
3418 0.0070921985815602835
3656 0.0070921985815602835
2364 0.007067137809187279
3215 0.007067137809187279
1895 0.007042253521126761
3926 0.007042253521126761
148 0.007017543859649123
3667 0.006993006993006993
1752 0.006968641114982578
950 0.006944444444444444
799 0.006944444444444444
3114 0.006944444444444444
1606 0.006920415224913495
3313 0.006872852233676976
1278 0.00684931506849315
3467 0.00684931506849315
1421 0.006825938566552901
763 0.006779661016949152
539 0.006756756756756757
3782 0.006734006734006734
212 0.006711409395973154
1892 0.005154639175257732
2781 0.005025125628140704
2345 0.005025125628140704
3486 0.0049261083743842365
793 0.004878048780487805
448 0.0048543689320388345
3603 0.0048543689320388345
2752 0.004830917874396135
1035 0.004807692307692308
1304 0.004807692307692308
2977 0.004784688995215311
2074 0.004784688995215311
3605 0.004784688995215311
520 0.004739336492890996
3865 0.004739336492890996
136 0.0047169811320754715
417 0.0047169811320754715
3176 0.0047169811320754715
216 0.004694835680751174
2765 0.004694835680751174
1424 0.004672897196261682
577 0.004672897196261682
3382 0.004672897196261682
1975 0.004672897196261682
3890 0.004672897196261682
1258 0.004651162790697674
2717 0.004651162790697674
3257 0.004651162790697674
2641 0.004651162790697674
3859 0.004651162790697674
3994 0.004651162790697674
1005 0.004629629629629629
2072 0.004629629629629629
461 0.004629629629629629
2759 0.004629629629629629
2878 0.004629629629629629
3478 0.004629629629629629
3409 0.004608294930875576
1961 0.004608294930875576
2035 0.004608294930875576
177 0.0045871559633027525
1444 0.0045871559633027525
3007 0.0045871559633027525
3358 0.0045871559633027525
265 0.0045662100456621
1251 0.0045662100456621
1843 0.0045662100456621
2337 0.0045662100456621
727 0.0045662100456621
3098 0.0045662100456621
3177 0.0045662100456621
2365 0.0045662100456621
53 0.004545454545454545
2822 0.004545454545454545
2963 0.004545454545454545
3058 0.004545454545454545
3194 0.004545454545454545
2060 0.004545454545454545
2308 0.004545454545454545
57 0.004524886877828055
2550 0.004524886877828055
1848 0.0045045045045045045
392 0.0045045045045045045
2389 0.0045045045045045045
3365 0.0045045045045045045
3858 0.0045045045045045045
3893 0.0045045045045045045
293 0.004484304932735426
1157 0.004484304932735426
1600 0.004484304932735426
1932 0.004484304932735426
2117 0.004484304932735426
598 0.004484304932735426
3851 0.004484304932735426
3178 0.004484304932735426
3165 0.004484304932735426
2851 0.004484304932735426
128 0.004464285714285714
1020 0.004464285714285714
1681 0.004464285714285714
680 0.004464285714285714
701 0.004464285714285714
3850 0.004464285714285714
3905 0.004464285714285714
334 0.0044444444444444444
929 0.0044444444444444444
488 0.0044444444444444444
622 0.0044444444444444444
3044 0.0044444444444444444
3320 0.0044444444444444444
3455 0.0044444444444444444
3739 0.0044444444444444444
1085 0.004424778761061947
370 0.004424778761061947
726 0.004424778761061947
3517 0.004424778761061947
2849 0.004424778761061947
2947 0.004424778761061947
3239 0.004424778761061947
2238 0.004424778761061947
2503 0.004424778761061947
3496 0.004424778761061947
200 0.004405286343612335
1330 0.004405286343612335
1506 0.004405286343612335
886 0.004405286343612335
2743 0.004405286343612335
2796 0.004405286343612335
2382 0.004405286343612335
3576 0.004405286343612335
3878 0.004405286343612335
1212 0.0043859649122807015
1867 0.0043859649122807015
2199 0.0043859649122807015
2284 0.0043859649122807015
2635 0.0043859649122807015
704 0.0043859649122807015
2196 0.0043859649122807015
2368 0.0043859649122807015
2746 0.0043859649122807015
2841 0.0043859649122807015
2211 0.0043859649122807015
3503 0.0043859649122807015
1220 0.004366812227074236
1271 0.004366812227074236
1436 0.004366812227074236
1446 0.004366812227074236
1707 0.004366812227074236
1897 0.004366812227074236
456 0.004366812227074236
647 0.004366812227074236
719 0.004366812227074236
3100 0.004366812227074236
2062 0.004366812227074236
2762 0.004366812227074236
3376 0.004366812227074236
1952 0.004366812227074236
2646 0.004366812227074236
3672 0.004366812227074236
985 0.004347826086956522
1034 0.004347826086956522
1476 0.004347826086956522
1598 0.004347826086956522
388 0.004347826086956522
728 0.004347826086956522
2832 0.004347826086956522
2880 0.004347826086956522
3840 0.004347826086956522
101 0.004329004329004329
1412 0.004329004329004329
2289 0.004329004329004329
2529 0.004329004329004329
440 0.004329004329004329
2976 0.004329004329004329
2820 0.004329004329004329
3017 0.004329004329004329
3154 0.004329004329004329
3167 0.004329004329004329
2118 0.004329004329004329
4010 0.004329004329004329
40 0.004310344827586207
318 0.004310344827586207
1841 0.004310344827586207
362 0.004310344827586207
880 0.004310344827586207
2797 0.004310344827586207
2914 0.004310344827586207
2946 0.004310344827586207
3059 0.004310344827586207
3207 0.004310344827586207
3318 0.004310344827586207
1960 0.004310344827586207
2270 0.004310344827586207
3524 0.004310344827586207
3552 0.004310344827586207
3740 0.004310344827586207
196 0.004291845493562232
1292 0.004291845493562232
1305 0.004291845493562232
2027 0.004291845493562232
390 0.004291845493562232
460 0.004291845493562232
798 0.004291845493562232
3088 0.004291845493562232
3149 0.004291845493562232
3291 0.004291845493562232
2034 0.004291845493562232
2202 0.004291845493562232
3786 0.004291845493562232
284 0.004273504273504274
3830 0.004273504273504274
2808 0.004273504273504274
3092 0.004273504273504274
3185 0.004273504273504274
3350 0.004273504273504274
1987 0.004273504273504274
2523 0.004273504273504274
2562 0.004273504273504274
3703 0.004273504273504274
3828 0.004273504273504274
3838 0.004273504273504274
258 0.00425531914893617
916 0.00425531914893617
1232 0.00425531914893617
1497 0.00425531914893617
1869 0.00425531914893617
2384 0.00425531914893617
618 0.00425531914893617
655 0.00425531914893617
837 0.00425531914893617
3041 0.00425531914893617
2013 0.00425531914893617
2181 0.00425531914893617
2197 0.00425531914893617
2361 0.00425531914893617
2376 0.00425531914893617
2581 0.00425531914893617
3730 0.00425531914893617
225 0.00423728813559322
1086 0.00423728813559322
1185 0.00423728813559322
1228 0.00423728813559322
1443 0.00423728813559322
1654 0.00423728813559322
1705 0.00423728813559322
1754 0.00423728813559322
1762 0.00423728813559322
504 0.00423728813559322
688 0.00423728813559322
754 0.00423728813559322
2690 0.00423728813559322
2729 0.00423728813559322
2833 0.00423728813559322
3000 0.00423728813559322
3051 0.00423728813559322
3261 0.00423728813559322
2321 0.00423728813559322
2371 0.00423728813559322
2563 0.00423728813559322
2580 0.00423728813559322
3772 0.00423728813559322
903 0.004219409282700422
933 0.004219409282700422
1319 0.004219409282700422
1448 0.004219409282700422
1675 0.004219409282700422
1748 0.004219409282700422
1855 0.004219409282700422
574 0.004219409282700422
636 0.004219409282700422
3111 0.004219409282700422
2894 0.004219409282700422
2956 0.004219409282700422
3137 0.004219409282700422
2401 0.004219409282700422
2552 0.004219409282700422
3671 0.004219409282700422
3879 0.004219409282700422
16 0.004201680672268907
141 0.004201680672268907
1144 0.004201680672268907
1315 0.004201680672268907
1445 0.004201680672268907
2643 0.004201680672268907
2862 0.004201680672268907
2907 0.004201680672268907
2973 0.004201680672268907
3095 0.004201680672268907
3129 0.004201680672268907
3421 0.004201680672268907
2330 0.004201680672268907
1919 0.004201680672268907
2493 0.004201680672268907
3460 0.004201680672268907
3471 0.004201680672268907
3475 0.004201680672268907
3588 0.004201680672268907
3817 0.004201680672268907
3873 0.004201680672268907
4015 0.004201680672268907
55 0.0041841004184100415
321 0.0041841004184100415
1453 0.0041841004184100415
1652 0.0041841004184100415
2004 0.0041841004184100415
395 0.0041841004184100415
617 0.0041841004184100415
1941 0.0041841004184100415
2681 0.0041841004184100415
2910 0.0041841004184100415
3280 0.0041841004184100415
3405 0.0041841004184100415
2098 0.0041841004184100415
3492 0.0041841004184100415
3705 0.0041841004184100415
3842 0.0041841004184100415
22 0.004166666666666667
1170 0.004166666666666667
1283 0.004166666666666667
1514 0.004166666666666667
1576 0.004166666666666667
1680 0.004166666666666667
1688 0.004166666666666667
509 0.004166666666666667
2921 0.004166666666666667
2928 0.004166666666666667
3240 0.004166666666666667
3299 0.004166666666666667
1980 0.004166666666666667
2192 0.004166666666666667
2387 0.004166666666666667
2400 0.004166666666666667
2480 0.004166666666666667
2568 0.004166666666666667
1102 0.004149377593360996
1314 0.004149377593360996
1366 0.004149377593360996
1405 0.004149377593360996
1501 0.004149377593360996
470 0.004149377593360996
593 0.004149377593360996
3355 0.004149377593360996
2702 0.004149377593360996
2864 0.004149377593360996
2932 0.004149377593360996
2987 0.004149377593360996
3156 0.004149377593360996
1974 0.004149377593360996
2096 0.004149377593360996
2104 0.004149377593360996
2541 0.004149377593360996
3451 0.004149377593360996
3461 0.004149377593360996
3520 0.004149377593360996
3545 0.004149377593360996
3766 0.004149377593360996
3956 0.004149377593360996
3983 0.004149377593360996
932 0.004132231404958678
1042 0.004132231404958678
1106 0.004132231404958678
1656 0.004132231404958678
1696 0.004132231404958678
1821 0.004132231404958678
850 0.004132231404958678
3164 0.004132231404958678
2132 0.004132231404958678
2419 0.004132231404958678
3378 0.004132231404958678
2242 0.004132231404958678
3479 0.004132231404958678
3593 0.004132231404958678
3837 0.004132231404958678
3881 0.004132231404958678
1084 0.00411522633744856
1587 0.00411522633744856
1846 0.00411522633744856
2417 0.00411522633744856
673 0.00411522633744856
795 0.00411522633744856
3263 0.00411522633744856
1954 0.00411522633744856
2779 0.00411522633744856
2944 0.00411522633744856
3213 0.00411522633744856
3277 0.00411522633744856
3623 0.00411522633744856
170 0.004098360655737705
1149 0.004098360655737705
1175 0.004098360655737705
2494 0.004098360655737705
382 0.004098360655737705
413 0.004098360655737705
419 0.004098360655737705
609 0.004098360655737705
667 0.004098360655737705
815 0.004098360655737705
819 0.004098360655737705
875 0.004098360655737705
2960 0.004098360655737705
3009 0.004098360655737705
3061 0.004098360655737705
3132 0.004098360655737705
3398 0.004098360655737705
1978 0.004098360655737705
2227 0.004098360655737705
2416 0.004098360655737705
3719 0.004098360655737705
3970 0.004098360655737705
277 0.004081632653061225
978 0.004081632653061225
1190 0.004081632653061225
1464 0.004081632653061225
1465 0.004081632653061225
1673 0.004081632653061225
442 0.004081632653061225
485 0.004081632653061225
812 0.004081632653061225
2714 0.004081632653061225
3042 0.004081632653061225
3209 0.004081632653061225
3292 0.004081632653061225
3391 0.004081632653061225
1922 0.004081632653061225
1977 0.004081632653061225
2088 0.004081632653061225
2207 0.004081632653061225
2219 0.004081632653061225
2586 0.004081632653061225
2623 0.004081632653061225
2657 0.004081632653061225
3564 0.004081632653061225
3804 0.004081632653061225
158 0.0040650406504065045
162 0.0040650406504065045
312 0.0040650406504065045
938 0.0040650406504065045
1140 0.0040650406504065045
1266 0.0040650406504065045
1372 0.0040650406504065045
1649 0.0040650406504065045
1659 0.0040650406504065045
1862 0.0040650406504065045
720 0.0040650406504065045
738 0.0040650406504065045
845 0.0040650406504065045
894 0.0040650406504065045
2845 0.0040650406504065045
3035 0.0040650406504065045
3054 0.0040650406504065045
3145 0.0040650406504065045
3393 0.0040650406504065045
3422 0.0040650406504065045
3434 0.0040650406504065045
2049 0.0040650406504065045
3661 0.0040650406504065045
3663 0.0040650406504065045
3792 0.0040650406504065045
3919 0.0040650406504065045
1141 0.004048582995951417
1179 0.004048582995951417
1355 0.004048582995951417
473 0.004048582995951417
652 0.004048582995951417
851 0.004048582995951417
3179 0.004048582995951417
3161 0.004048582995951417
3356 0.004048582995951417
2299 0.004048582995951417
2440 0.004048582995951417
2537 0.004048582995951417
3778 0.004048582995951417
80 0.004032258064516129
905 0.004032258064516129
919 0.004032258064516129
1267 0.004032258064516129
1334 0.004032258064516129
1582 0.004032258064516129
1798 0.004032258064516129
2203 0.004032258064516129
2660 0.004032258064516129
2333 0.004032258064516129
2728 0.004032258064516129
2863 0.004032258064516129
2991 0.004032258064516129
3197 0.004032258064516129
3208 0.004032258064516129
3264 0.004032258064516129
2050 0.004032258064516129
2110 0.004032258064516129
2452 0.004032258064516129
2540 0.004032258064516129
2584 0.004032258064516129
3512 0.004032258064516129
3722 0.004032258064516129
3841 0.004032258064516129
3852 0.004032258064516129
3976 0.004032258064516129
28 0.004016064257028112
980 0.004016064257028112
1078 0.004016064257028112
1146 0.004016064257028112
1216 0.004016064257028112
1454 0.004016064257028112
1687 0.004016064257028112
403 0.004016064257028112
535 0.004016064257028112
2871 0.004016064257028112
3158 0.004016064257028112
3195 0.004016064257028112
1918 0.004016064257028112
2058 0.004016064257028112
3870 0.004016064257028112
139 0.004
366 0.004
907 0.004
951 0.004
963 0.004
1069 0.004
1098 0.004
1339 0.004
1367 0.004
1484 0.004
2042 0.004
2538 0.004
352 0.004
614 0.004
822 0.004
2676 0.004
2719 0.004
2919 0.004
3008 0.004
3075 0.004
2322 0.004
2354 0.004
2484 0.004
2652 0.004
3889 0.004
63 0.00398406374501992
111 0.00398406374501992
115 0.00398406374501992
977 0.00398406374501992
981 0.00398406374501992
1010 0.00398406374501992
1282 0.00398406374501992
1411 0.00398406374501992
1803 0.00398406374501992
1809 0.00398406374501992
2398 0.00398406374501992
374 0.00398406374501992
398 0.00398406374501992
876 0.00398406374501992
2239 0.00398406374501992
2394 0.00398406374501992
2716 0.00398406374501992
2783 0.00398406374501992
2909 0.00398406374501992
3342 0.00398406374501992
2370 0.00398406374501992
2645 0.00398406374501992
3901 0.00398406374501992
140 0.003968253968253968
1211 0.003968253968253968
1416 0.003968253968253968
1431 0.003968253968253968
1447 0.003968253968253968
1471 0.003968253968253968
1502 0.003968253968253968
1635 0.003968253968253968
1728 0.003968253968253968
367 0.003968253968253968
416 0.003968253968253968
534 0.003968253968253968
777 0.003968253968253968
3205 0.003968253968253968
2903 0.003968253968253968
2707 0.003968253968253968
2712 0.003968253968253968
3231 0.003968253968253968
2150 0.003968253968253968
3474 0.003968253968253968
3575 0.003968253968253968
3884 0.003968253968253968
4037 0.003968253968253968
185 0.003952569169960474
1182 0.003952569169960474
1347 0.003952569169960474
1380 0.003952569169960474
1612 0.003952569169960474
1833 0.003952569169960474
2491 0.003952569169960474
426 0.003952569169960474
761 0.003952569169960474
2053 0.003952569169960474
2542 0.003952569169960474
2706 0.003952569169960474
3191 0.003952569169960474
3309 0.003952569169960474
2019 0.003952569169960474
2136 0.003952569169960474
2367 0.003952569169960474
3700 0.003952569169960474
3724 0.003952569169960474
3818 0.003952569169960474
3845 0.003952569169960474
3947 0.003952569169960474
4008 0.003952569169960474
153 0.003937007874015748
180 0.003937007874015748
1912 0.003937007874015748
991 0.003937007874015748
1457 0.003937007874015748
1764 0.003937007874015748
2636 0.003937007874015748
372 0.003937007874015748
679 0.003937007874015748
3948 0.003937007874015748
3136 0.003937007874015748
3304 0.003937007874015748
3410 0.003937007874015748
2664 0.003937007874015748
2795 0.003937007874015748
2949 0.003937007874015748
2966 0.003937007874015748
3026 0.003937007874015748
3256 0.003937007874015748
3259 0.003937007874015748
3332 0.003937007874015748
1992 0.003937007874015748
2257 0.003937007874015748
3601 0.003937007874015748
3752 0.003937007874015748
4035 0.003937007874015748
483 0.00392156862745098
1076 0.00392156862745098
1099 0.00392156862745098
1262 0.00392156862745098
1391 0.00392156862745098
1482 0.00392156862745098
1521 0.00392156862745098
1599 0.00392156862745098
1663 0.00392156862745098
1784 0.00392156862745098
2254 0.00392156862745098
457 0.00392156862745098
523 0.00392156862745098
568 0.00392156862745098
624 0.00392156862745098
715 0.00392156862745098
785 0.00392156862745098
3233 0.00392156862745098
2827 0.00392156862745098
3217 0.00392156862745098
1925 0.00392156862745098
2179 0.00392156862745098
3743 0.00392156862745098
34 0.00390625
118 0.00390625
309 0.00390625
1022 0.00390625
1109 0.00390625
1142 0.00390625
1207 0.00390625
1553 0.00390625
1643 0.00390625
405 0.00390625
1940 0.00390625
2848 0.00390625
2961 0.00390625
2998 0.00390625
3184 0.00390625
3206 0.00390625
3298 0.00390625
3303 0.00390625
1962 0.00390625
2112 0.00390625
2240 0.00390625
3688 0.00390625
1210 0.0038910505836575876
1302 0.0038910505836575876
1577 0.0038910505836575876
1605 0.0038910505836575876
1674 0.0038910505836575876
2068 0.0038910505836575876
450 0.0038910505836575876
562 0.0038910505836575876
3943 0.0038910505836575876
2964 0.0038910505836575876
2927 0.0038910505836575876
3036 0.0038910505836575876
3202 0.0038910505836575876
3343 0.0038910505836575876
2044 0.0038910505836575876
2304 0.0038910505836575876
2331 0.0038910505836575876
2570 0.0038910505836575876
245 0.003875968992248062
988 0.003875968992248062
1517 0.003875968992248062
1593 0.003875968992248062
1678 0.003875968992248062
1757 0.003875968992248062
1828 0.003875968992248062
2319 0.003875968992248062
633 0.003875968992248062
687 0.003875968992248062
838 0.003875968992248062
3385 0.003875968992248062
2616 0.003875968992248062
2881 0.003875968992248062
2906 0.003875968992248062
2957 0.003875968992248062
3223 0.003875968992248062
3394 0.003875968992248062
3414 0.003875968992248062
2070 0.003875968992248062
2078 0.003875968992248062
2107 0.003875968992248062
2403 0.003875968992248062
2515 0.003875968992248062
3581 0.003875968992248062
3770 0.003875968992248062
3897 0.003875968992248062
274 0.003861003861003861
302 0.003861003861003861
925 0.003861003861003861
1026 0.003861003861003861
1095 0.003861003861003861
1108 0.003861003861003861
1167 0.003861003861003861
1275 0.003861003861003861
1384 0.003861003861003861
1541 0.003861003861003861
1619 0.003861003861003861
1645 0.003861003861003861
1720 0.003861003861003861
1826 0.003861003861003861
669 0.003861003861003861
588 0.003861003861003861
644 0.003861003861003861
650 0.003861003861003861
677 0.003861003861003861
755 0.003861003861003861
892 0.003861003861003861
2825 0.003861003861003861
2884 0.003861003861003861
2898 0.003861003861003861
3056 0.003861003861003861
3118 0.003861003861003861
3345 0.003861003861003861
2557 0.003861003861003861
3469 0.003861003861003861
3642 0.003861003861003861
3753 0.003861003861003861
3860 0.003861003861003861
3958 0.003861003861003861
103 0.0038461538461538464
152 0.0038461538461538464
183 0.0038461538461538464
1172 0.0038461538461538464
1388 0.0038461538461538464
1483 0.0038461538461538464
1877 0.0038461538461538464
2471 0.0038461538461538464
2475 0.0038461538461538464
497 0.0038461538461538464
570 0.0038461538461538464
578 0.0038461538461538464
2087 0.0038461538461538464
2385 0.0038461538461538464
2920 0.0038461538461538464
2923 0.0038461538461538464
2992 0.0038461538461538464
3018 0.0038461538461538464
2624 0.0038461538461538464
3784 0.0038461538461538464
1955 0.0038314176245210726
524 0.0038314176245210726
525 0.0038314176245210726
540 0.0038314176245210726
3019 0.0038314176245210726
2694 0.0038314176245210726
2802 0.0038314176245210726
2804 0.0038314176245210726
2981 0.0038314176245210726
3015 0.0038314176245210726
3228 0.0038314176245210726
2059 0.0038314176245210726
2230 0.0038314176245210726
2271 0.0038314176245210726
2490 0.0038314176245210726
2611 0.0038314176245210726
3493 0.0038314176245210726
3618 0.0038314176245210726
3668 0.0038314176245210726
3815 0.0038314176245210726
341 0.003816793893129771
1070 0.003816793893129771
1169 0.003816793893129771
1327 0.003816793893129771
1409 0.003816793893129771
1475 0.003816793893129771
1850 0.003816793893129771
813 0.003816793893129771
2642 0.003816793893129771
2101 0.003816793893129771
2669 0.003816793893129771
2790 0.003816793893129771
3364 0.003816793893129771
2067 0.003816793893129771
2391 0.003816793893129771
3934 0.003816793893129771
4024 0.003816793893129771
135 0.0038022813688212928
1090 0.0038022813688212928
1473 0.0038022813688212928
1564 0.0038022813688212928
371 0.0038022813688212928
545 0.0038022813688212928
700 0.0038022813688212928
2662 0.0038022813688212928
2684 0.0038022813688212928
2733 0.0038022813688212928
2970 0.0038022813688212928
3068 0.0038022813688212928
3142 0.0038022813688212928
1993 0.0038022813688212928
2022 0.0038022813688212928
2492 0.0038022813688212928
3615 0.0038022813688212928
3634 0.0038022813688212928
3767 0.0038022813688212928
194 0.003787878787878788
949 0.003787878787878788
964 0.003787878787878788
1014 0.003787878787878788
1221 0.003787878787878788
1420 0.003787878787878788
1629 0.003787878787878788
1631 0.003787878787878788
1653 0.003787878787878788
1883 0.003787878787878788
1887 0.003787878787878788
2028 0.003787878787878788
3020 0.003787878787878788
2697 0.003787878787878788
2708 0.003787878787878788
2810 0.003787878787878788
2911 0.003787878787878788
3107 0.003787878787878788
3371 0.003787878787878788
2396 0.003787878787878788
3702 0.003787878787878788
3742 0.003787878787878788
3832 0.003787878787878788
3921 0.003787878787878788
308 0.0037735849056603774
484 0.0037735849056603774
926 0.0037735849056603774
2459 0.0037735849056603774
555 0.0037735849056603774
707 0.0037735849056603774
781 0.0037735849056603774
831 0.0037735849056603774
2468 0.0037735849056603774
2794 0.0037735849056603774
2868 0.0037735849056603774
3317 0.0037735849056603774
2208 0.0037735849056603774
928 0.0037593984962406013
1007 0.0037593984962406013
1365 0.0037593984962406013
1767 0.0037593984962406013
402 0.0037593984962406013
439 0.0037593984962406013
692 0.0037593984962406013
694 0.0037593984962406013
2338 0.0037593984962406013
3175 0.0037593984962406013
2166 0.0037593984962406013
2233 0.0037593984962406013
2564 0.0037593984962406013
3819 0.0037593984962406013
75 0.003745318352059925
897 0.003745318352059925
1129 0.003745318352059925
1246 0.003745318352059925
1714 0.003745318352059925
1911 0.003745318352059925
2054 0.003745318352059925
482 0.003745318352059925
514 0.003745318352059925
556 0.003745318352059925
3756 0.003745318352059925
2869 0.003745318352059925
2818 0.003745318352059925
2986 0.003745318352059925
3400 0.003745318352059925
1938 0.003745318352059925
1942 0.003745318352059925
2162 0.003745318352059925
2593 0.003745318352059925
3542 0.003745318352059925
3681 0.003745318352059925
130 0.0037313432835820895
211 0.0037313432835820895
996 0.0037313432835820895
1093 0.0037313432835820895
1115 0.0037313432835820895
1209 0.0037313432835820895
1559 0.0037313432835820895
1572 0.0037313432835820895
1700 0.0037313432835820895
1765 0.0037313432835820895
435 0.0037313432835820895
666 0.0037313432835820895
612 0.0037313432835820895
2760 0.0037313432835820895
2273 0.0037313432835820895
3078 0.0037313432835820895
3138 0.0037313432835820895
2145 0.0037313432835820895
3527 0.0037313432835820895
3973 0.0037313432835820895
1390 0.0037174721189591076
1520 0.0037174721189591076
1533 0.0037174721189591076
1596 0.0037174721189591076
1761 0.0037174721189591076
2704 0.0037174721189591076
767 0.0037174721189591076
3406 0.0037174721189591076
2683 0.0037174721189591076
2751 0.0037174721189591076
2786 0.0037174721189591076
2974 0.0037174721189591076
2980 0.0037174721189591076
3306 0.0037174721189591076
1931 0.0037174721189591076
2165 0.0037174721189591076
2489 0.0037174721189591076
1904 0.003703703703703704
741 0.003703703703703704
800 0.003703703703703704
3220 0.003703703703703704
3276 0.003703703703703704
3327 0.003703703703703704
2435 0.003703703703703704
1082 0.0036900369003690036
1187 0.0036900369003690036
1244 0.0036900369003690036
1263 0.0036900369003690036
1794 0.0036900369003690036
1844 0.0036900369003690036
2121 0.0036900369003690036
2386 0.0036900369003690036
2453 0.0036900369003690036
169 0.003676470588235294
1145 0.003676470588235294
1805 0.003676470588235294
827 0.003676470588235294
2798 0.003676470588235294
2648 0.003676470588235294
1861 0.003663003663003663
630 0.003663003663003663
2755 0.003663003663003663
3049 0.003663003663003663
3104 0.003663003663003663
3249 0.003663003663003663
3349 0.003663003663003663
2036 0.003663003663003663
2205 0.003663003663003663
1077 0.0036496350364963502
1385 0.0036496350364963502
350 0.0036496350364963502
512 0.0036496350364963502
567 0.0036496350364963502
2314 0.0036496350364963502
3834 0.0036496350364963502
251 0.0036363636363636364
280 0.0036363636363636364
1153 0.0036363636363636364
1407 0.0036363636363636364
1423 0.0036363636363636364
1516 0.0036363636363636364
1835 0.0036363636363636364
3265 0.0036363636363636364
3201 0.0036363636363636364
3193 0.0036363636363636364
3334 0.0036363636363636364
3541 0.0036363636363636364
3643 0.0036363636363636364
3928 0.0036363636363636364
1898 0.0036231884057971015
708 0.0036231884057971015
3047 0.0036231884057971015
2097 0.0036231884057971015
2415 0.0036231884057971015
1040 0.0036101083032490976
1121 0.0036101083032490976
1223 0.0036101083032490976
1523 0.0036101083032490976
1755 0.0036101083032490976
1785 0.0036101083032490976
3021 0.0036101083032490976
1927 0.0036101083032490976
2318 0.0036101083032490976
3448 0.0036101083032490976
3915 0.0036101083032490976
706 0.0035971223021582736
2890 0.0035971223021582736
1964 0.0035971223021582736
2131 0.0035971223021582736
3758 0.0035971223021582736
1616 0.0035842293906810036
2133 0.0035842293906810036
605 0.0035842293906810036
3013 0.0035842293906810036
2379 0.0035842293906810036
2549 0.0035842293906810036
3563 0.0035842293906810036
1888 0.0035714285714285713
603 0.0035714285714285713
3362 0.0035714285714285713
3721 0.0035460992907801418
3361 0.0035460992907801418
2971 0.0035460992907801418
2519 0.0035460992907801418
751 0.0035335689045936395
3085 0.0035335689045936395
2066 0.0035335689045936395
2177 0.0035335689045936395
1225 0.0035211267605633804
1668 0.0035211267605633804
3106 0.0035211267605633804
3514 0.0035211267605633804
1839 0.0035087719298245615
3639 0.0034965034965034965
1300 0.003484320557491289
2250 0.003484320557491289
829 0.003484320557491289
1113 0.003472222222222222
1525 0.003472222222222222
418 0.003472222222222222
2530 0.003472222222222222
3103 0.003472222222222222
3135 0.003472222222222222
336 0.0034602076124567475
1060 0.0034602076124567475
1756 0.0034602076124567475
408 0.0034602076124567475
2130 0.0034602076124567475
966 0.0034482758620689655
999 0.0034482758620689655
261 0.003436426116838488
475 0.003436426116838488
1301 0.003436426116838488
536 0.003436426116838488
2935 0.003436426116838488
3033 0.003424657534246575
1241 0.0034129692832764505
1503 0.0034129692832764505
3237 0.0034129692832764505
3704 0.003401360544217687
913 0.003389830508474576
762 0.003389830508474576
1722 0.003355704697986577
1504 0.0033112582781456954
250 0.0032679738562091504
1804 0.003194888178913738
10 0
11 0
12 0
15 0
18 0
35 0
37 0
43 0
50 0
60 0
62 0
65 0
66 0
69 0
74 0
79 0
87 0
104 0
109 0
113 0
114 0
125 0
127 0
138 0
142 0
146 0
149 0
156 0
176 0
207 0
208 0
209 0
210 0
213 0
215 0
221 0
234 0
235 0
238 0
246 0
248 0
267 0
270 0
272 0
276 0
287 0
289 0
292 0
294 0
295 0
303 0
305 0
332 0
335 0
338 0
340 0
2814 0
363 0
376 0
517 0
526 0
538 0
563 0
566 0
580 0
596 0
601 0
629 0
637 0
641 0
649 0
651 0
896 0
900 0
901 0
902 0
906 0
911 0
914 0
917 0
918 0
920 0
921 0
923 0
927 0
934 0
935 0
936 0
937 0
939 0
940 0
941 0
943 0
944 0
945 0
947 0
952 0
953 0
959 0
960 0
967 0
970 0
971 0
972 0
974 0
975 0
976 0
982 0
983 0
984 0
987 0
989 0
992 0
993 0
994 0
997 0
998 0
1003 0
1004 0
1009 0
1011 0
1015 0
1017 0
1018 0
1021 0
1025 0
1028 0
1031 0
1032 0
1038 0
1039 0
1047 0
1048 0
1049 0
1052 0
1054 0
1056 0
1059 0
1062 0
1063 0
1065 0
1066 0
1068 0
1073 0
1074 0
1075 0
1080 0
1083 0
1092 0
1096 0
1097 0
1100 0
1103 0
1104 0
1107 0
1112 0
1114 0
1116 0
1117 0
1119 0
1120 0
1122 0
1123 0
1124 0
1125 0
1126 0
1128 0
1130 0
1132 0
1135 0
1136 0
1139 0
1148 0
1152 0
1156 0
1158 0
1159 0
1160 0
1163 0
1164 0
1173 0
1176 0
1180 0
1181 0
1184 0
1191 0
1192 0
1198 0
1199 0
1201 0
1204 0
1205 0
1206 0
1214 0
1215 0
1217 0
1219 0
1222 0
1226 0
1230 0
1231 0
1233 0
1235 0
1237 0
1238 0
1239 0
1242 0
1243 0
1247 0
1250 0
1255 0
1256 0
1257 0
1259 0
1265 0
1269 0
1272 0
1276 0
1279 0
1280 0
1281 0
1284 0
1285 0
1286 0
1287 0
1288 0
1289 0
1290 0
1291 0
1293 0
1294 0
1296 0
1299 0
1303 0
1306 0
1309 0
1310 0
1312 0
1313 0
1318 0
1320 0
1322 0
1323 0
1324 0
1326 0
1329 0
1331 0
1333 0
1335 0
1336 0
1338 0
1340 0
1341 0
1343 0
1344 0
1346 0
1349 0
1350 0
1351 0
1352 0
1354 0
1357 0
1359 0
1361 0
1362 0
1363 0
1364 0
1369 0
1370 0
1373 0
1374 0
1375 0
1376 0
1379 0
1381 0
1382 0
1386 0
1387 0
1392 0
1393 0
1394 0
1395 0
1396 0
1397 0
1398 0
1399 0
1400 0
1401 0
1402 0
1404 0
1413 0
1415 0
1417 0
1419 0
1422 0
1426 0
1427 0
1430 0
1432 0
1435 0
1438 0
1439 0
1449 0
1451 0
1452 0
1456 0
1458 0
1459 0
1460 0
1461 0
1463 0
1466 0
1467 0
1469 0
1470 0
1472 0
1480 0
1485 0
1487 0
1488 0
1490 0
1491 0
1493 0
1495 0
1496 0
1508 0
1509 0
1510 0
1512 0
1513 0
1515 0
1522 0
1524 0
1526 0
1528 0
1530 0
1532 0
1535 0
1539 0
1540 0
1542 0
1546 0
1547 0
1548 0
1549 0
1551 0
1554 0
1556 0
1557 0
1558 0
1560 0
1561 0
1563 0
1565 0
1569 0
1570 0
1571 0
1573 0
1580 0
1581 0
1583 0
1588 0
1589 0
1590 0
1592 0
1597 0
1602 0
1603 0
1604 0
1608 0
1609 0
1610 0
1611 0
1613 0
1614 0
1615 0
1617 0
1620 0
1621 0
1622 0
1623 0
1625 0
1626 0
1628 0
1632 0
1637 0
1638 0
1639 0
1642 0
1644 0
1646 0
1647 0
1651 0
1655 0
1658 0
1661 0
1662 0
1665 0
1667 0
1669 0
1677 0
1682 0
1683 0
1685 0
1689 0
1690 0
1691 0
1692 0
1694 0
1695 0
1699 0
1709 0
1710 0
1712 0
1713 0
1715 0
1716 0
1717 0
1719 0
1721 0
1723 0
1724 0
1725 0
1730 0
1732 0
1735 0
1736 0
1737 0
1738 0
1741 0
1742 0
1743 0
1744 0
1745 0
1746 0
1749 0
1750 0
1751 0
1753 0
1766 0
1768 0
1769 0
1771 0
1772 0
1773 0
1774 0
1775 0
1777 0
1778 0
1779 0
1782 0
1783 0
1789 0
1791 0
1793 0
1795 0
1796 0
1799 0
1810 0
1811 0
1812 0
1813 0
1816 0
1818 0
1819 0
1820 0
1823 0
1824 0
1825 0
1827 0
1831 0
1832 0
1834 0
1836 0
1840 0
1842 0
1849 0
1851 0
1853 0
1856 0
1857 0
1859 0
1863 0
1864 0
1865 0
1866 0
1868 0
1870 0
1872 0
1873 0
1874 0
1875 0
1876 0
1878 0
1879 0
1881 0
1882 0
1885 0
1886 0
1891 0
1893 0
1894 0
1900 0
1902 0
1903 0
1906 0
1926 0
1945 0
1951 0
1973 0
1976 0
2001 0
2007 0
2018 0
2024 0
2032 0
2038 0
2039 0
2071 0
2102 0
2111 0
2116 0
2127 0
2128 0
2135 0
2138 0
2153 0
2157 0
2171 0
2174 0
2183 0
2187 0
2189 0
2223 0
2224 0
2247 0
2264 0
2267 0
2268 0
2279 0
2283 0
2292 0
2302 0
2327 0
2336 0
2378 0
2436 0
2445 0
2451 0
2458 0
2461 0
2472 0
2498 0
2502 0
2508 0
2510 0
2511 0
2533 0
2543 0
2547 0
2583 0
2589 0
2598 0
2617 0
2629 0
2647 0
2649 0
2653 0
2740 0
355 0
358 0
360 0
365 0
368 0
373 0
375 0
384 0
385 0
387 0
391 0
394 0
400 0
404 0
409 0
410 0
421 0
423 0
424 0
430 0
432 0
434 0
444 0
445 0
446 0
447 0
449 0
452 0
462 0
471 0
479 0
487 0
490 0
492 0
493 0
503 0
505 0
506 0
511 0
515 0
521 0
527 0
537 0
541 0
542 0
543 0
544 0
546 0
548 0
550 0
557 0
558 0
565 0
569 0
571 0
591 0
656 0
604 0
645 0
646 0
590 0
634 0
610 0
676 0
575 0
585 0
602 0
607 0
608 0
613 0
628 0
638 0
640 0
648 0
668 0
671 0
672 0
674 0
1967 0
699 0
709 0
710 0
711 0
713 0
731 0
735 0
737 0
744 0
748 0
752 0
756 0
759 0
760 0
765 0
772 0
778 0
787 0
794 0
801 0
804 0
807 0
808 0
810 0
814 0
823 0
824 0
826 0
834 0
835 0
836 0
844 0
849 0
853 0
854 0
860 0
883 0
3456 0
3550 0
3577 0
3677 0
2941 0
3328 0
3525 0
3741 0
3877 0
3886 0
3404 0
3034 0
3420 0
3011 0
3289 0
1920 0
1948 0
1959 0
2047 0
2065 0
2125 0
2134 0
2148 0
2149 0
2169 0
2191 0
2194 0
2198 0
2266 0
2282 0
2285 0
2293 0
2315 0
2328 0
2332 0
2347 0
2351 0
2399 0
2420 0
2496 0
2501 0
2509 0
2512 0
2516 0
2555 0
2567 0
2592 0
2597 0
2608 0
3079 0
3258 0
3386 0
2979 0
3101 0
1916 0
1947 0
1994 0
2010 0
2026 0
2052 0
2144 0
2151 0
2163 0
2176 0
2215 0
2241 0
2246 0
2294 0
2295 0
2298 0
2343 0
2344 0
2355 0
2377 0
2413 0
2465 0
2544 0
2582 0
2588 0
2594 0
2605 0
2609 0
2938 0
3097 0
2663 0
2665 0
2666 0
2672 0
2673 0
2674 0
2679 0
2680 0
2682 0
2687 0
2689 0
2692 0
2695 0
2696 0
2698 0
2705 0
2709 0
2715 0
2722 0
2727 0
2730 0
2731 0
2735 0
2737 0
2738 0
2741 0
2742 0
2745 0
2747 0
2748 0
2749 0
2750 0
2754 0
2757 0
2758 0
2761 0
2769 0
2770 0
2772 0
2773 0
2777 0
2782 0
2787 0
2789 0
2793 0
2800 0
2801 0
2803 0
2807 0
2811 0
2819 0
2823 0
2824 0
2828 0
2835 0
2842 0
2843 0
2846 0
2850 0
2852 0
2853 0
2855 0
2860 0
2872 0
2874 0
2875 0
2877 0
2887 0
2896 0
2897 0
2900 0
2901 0
2904 0
2905 0
2908 0
2912 0
2913 0
2915 0
2917 0
2918 0
2929 0
2934 0
2937 0
2942 0
2945 0
2953 0
2954 0
2967 0
2969 0
2984 0
2985 0
2989 0
2993 0
2996 0
3004 0
3006 0
3010 0
3022 0
3024 0
3027 0
3029 0
3030 0
3031 0
3038 0
3039 0
3040 0
3043 0
3050 0
3052 0
3060 0
3064 0
3065 0
3066 0
3071 0
3076 0
3082 0
3089 0
3094 0
3096 0
3105 0
3108 0
3112 0
3113 0
3115 0
3116 0
3117 0
3119 0
3120 0
3123 0
3125 0
3133 0
3134 0
3146 0
3151 0
3160 0
3163 0
3169 0
3172 0
3174 0
3182 0
3183 0
3190 0
3192 0
3198 0
3199 0
3204 0
3210 0
3219 0
3226 0
3230 0
3235 0
3236 0
3238 0
3241 0
3243 0
3244 0
3247 0
3250 0
3252 0
3253 0
3254 0
3262 0
3269 0
3270 0
3272 0
3281 0
3282 0
3284 0
3285 0
3286 0
3287 0
3288 0
3293 0
3294 0
3296 0
3297 0
3301 0
3302 0
3312 0
3315 0
3321 0
3323 0
3324 0
3330 0
3335 0
3339 0
3340 0
3341 0
3344 0
3347 0
3348 0
3351 0
3359 0
3360 0
3363 0
3367 0
3370 0
3373 0
3375 0
3380 0
3381 0
3384 0
3396 0
3397 0
3399 0
3403 0
3408 0
3411 0
3415 0
3416 0
3417 0
3419 0
3430 0
3433 0
2003 0
2031 0
2155 0
2185 0
1917 0
1923 0
1924 0
1928 0
1929 0
1930 0
1943 0
1946 0
1950 0
1953 0
1963 0
1966 0
1968 0
1969 0
1971 0
1979 0
1981 0
1982 0
1983 0
1984 0
1985 0
1986 0
1989 0
1990 0
1997 0
1999 0
2005 0
2006 0
2008 0
2011 0
2012 0
2014 0
2016 0
2020 0
2021 0
2030 0
2033 0
2037 0
2040 0
2043 0
2045 0
2046 0
2048 0
2055 0
2056 0
2057 0
2061 0
2063 0
2064 0
2069 0
2075 0
2077 0
2079 0
2083 0
2084 0
2085 0
2086 0
2089 0
2090 0
2092 0
2093 0
2095 0
2099 0
2103 0
2105 0
2108 0
2109 0
2115 0
2119 0
2122 0
2123 0
2124 0
2139 0
2140 0
2142 0
2147 0
2152 0
2154 0
2158 0
2161 0
2164 0
2172 0
2175 0
2184 0
2186 0
2188 0
2190 0
2195 0
2200 0
2206 0
2209 0
2210 0
2212 0
2213 0
2216 0
2218 0
2220 0
2221 0
2222 0
2229 0
2232 0
2234 0
2235 0
2237 0
2244 0
2249 0
2251 0
2252 0
2253 0
2258 0
2259 0
2261 0
2269 0
2272 0
2275 0
2276 0
2278 0
2280 0
2287 0
2290 0
2296 0
2297 0
2300 0
2303 0
2305 0
2306 0
2307 0
2309 0
2310 0
2311 0
2323 0
2324 0
2326 0
2329 0
2334 0
2339 0
2340 0
2348 0
2350 0
2352 0
2353 0
2356 0
2359 0
2362 0
2363 0
2366 0
2369 0
2374 0
2380 0
2381 0
2383 0
2388 0
2390 0
2392 0
2393 0
2395 0
2402 0
2404 0
2405 0
2406 0
2407 0
2408 0
2409 0
2410 0
2414 0
2418 0
2423 0
2425 0
2427 0
2429 0
2430 0
2432 0
2433 0
2434 0
2438 0
2442 0
2443 0
2444 0
2449 0
2454 0
2457 0
2460 0
2462 0
2464 0
2467 0
2469 0
2470 0
2473 0
2474 0
2476 0
2477 0
2478 0
2482 0
2485 0
2495 0
2499 0
2500 0
2504 0
2506 0
2507 0
2514 0
2518 0
2520 0
2521 0
2522 0
2524 0
2525 0
2526 0
2532 0
2536 0
2539 0
2545 0
2546 0
2551 0
2553 0
2554 0
2556 0
2559 0
2560 0
2561 0
2566 0
2569 0
2572 0
2573 0
2574 0
2575 0
2576 0
2579 0
2585 0
2587 0
2590 0
2591 0
2596 0
2599 0
2600 0
2601 0
2602 0
2603 0
2604 0
2606 0
2607 0
2612 0
2613 0
2619 0
2625 0
2628 0
2630 0
2631 0
2633 0
2637 0
2638 0
2639 0
2644 0
2654 0
2655 0
2658 0
2659 0
3450 0
3452 0
3453 0
3462 0
3463 0
3480 0
3484 0
3488 0
3494 0
3534 0
3535 0
3569 0
3570 0
3573 0
3574 0
3578 0
3579 0
3591 0
3597 0
3617 0
3620 0
3631 0
3641 0
3646 0
3650 0
3658 0
3666 0
3670 0
3680 0
3686 0
3687 0
3706 0
3709 0
3712 0
3713 0
3728 0
3729 0
3731 0
3732 0
3735 0
3737 0
3748 0
3760 0
3761 0
3765 0
3769 0
3794 0
3795 0
3796 0
3798 0
3800 0
3810 0
3820 0
3821 0
3824 0
3831 0
3833 0
3853 0
3855 0
3856 0
3857 0
3876 0
3896 0
3922 0
3929 0
3935 0
3944 0
3951 0
3955 0
3974 0
3975 0
3978 0
4022 0
4026 0
4034 0
