3980 0.134168
0 0.0612272
3437 0.0517812
4030 0.0465422
686 0.0450969
4023 0.0441959
3998 0.0379075
698 0.0370277
3982 0.0359329
885 0.0339987
4007 0.0336754
4025 0.0336754
3990 0.0336754
4016 0.0336754
4014 0.0305898
3994 0.0305485
867 0.0304529
4031 0.030391
3997 0.0298758
4017 0.0295861
4021 0.029364
4000 0.0292171
881 0.0288182
870 0.0287217
3055 0.0280827
3127 0.0280827
3074 0.0280827
2774 0.0280827
776 0.0280775
275 0.0278709
4 0.0278708
181 0.0278708
4027 0.0278704
1684 0.0278331
4009 0.0277519
91 0.0276757
259 0.0276757
8 0.0276757
4004 0.0273519
3986 0.0269847
872 0.0265376
874 0.0265376
2732 0.0261494
3131 0.0261494
3180 0.0261494
2930 0.0261494
3181 0.0261494
195 0.0259648
218 0.0259648
306 0.0259647
78 0.0259647
328 0.0259647
273 0.0259647
3995 0.02589
4038 0.025296
4026 0.0251102
3251 0.0249846
879 0.0247622
564 0.0245463
895 0.0245266
364 0.0244052
312 0.0242689
3743 0.0239104
3725 0.0239104
3538 0.0237321
3981 0.0235972
89 0.0235313
319 0.0235313
179 0.0234139
4020 0.0233687
871 0.0232721
583 0.0232319
3999 0.0229789
414 0.0229371
175 0.022929
3200 0.0228136
2861 0.022733
3868 0.0226922
2817 0.0225787
3147 0.0225787
4019 0.0225652
198 0.0224915
348 0.0224909
3372 0.0224639
2902 0.0224639
227 0.0223972
643 0.0223923
661 0.0223923
600 0.0223923
615 0.0223175
143 0.0223149
662 0.0223069
659 0.0223039
578 0.0223039
658 0.0223038
627 0.0223038
873 0.0221655
887 0.0221655
3037 0.0220916
2792 0.0220915
2691 0.0220915
3141 0.0220033
399 0.0220016
441 0.0220016
501 0.0220016
532 0.0217009
3616 0.0216034
2670 0.0215999
49 0.0215425
3473 0.021428
681 0.0213987
640 0.0213907
599 0.021385
675 0.0213797
670 0.0213672
41 0.0212076
3628 0.0211877
866 0.0211282
99 0.0211117
219 0.0210291
3988 0.0210258
95 0.0209555
3989 0.0209389
3318 0.0208817
4002 0.0206751
828 0.0205658
3053 0.0205362
4029 0.0205185
4001 0.0205185
3987 0.0205185
4012 0.0205185
632 0.0204721
650 0.0204663
2703 0.0204631
577 0.0204446
6 0.0204399
147 0.0204399
1890 0.0203878
858 0.0202807
177 0.0201153
2421 0.0199812
107 0.0199739
3546 0.0199281
3325 0.0198101
3799 0.0197696
3985 0.0197209
115 0.0196471
4018 0.0196458
582 0.0196036
2959 0.0195137
3382 0.0194985
3993 0.019429
3638 0.0193611
2972 0.0192919
1002 0.0191054
1105 0.0191054
3662 0.0190353
3439 0.0189873
713 0.0189642
635 0.018903
3679 0.0188883
3354 0.0188814
3122 0.0188813
3218 0.0188813
3912 0.0188753
3917 0.0188731
3739 0.0188531
3996 0.0188347
393 0.0187807
3309 0.0186519
2281 0.0186362
2487 0.0186362
192 0.018566
705 0.0184811
326 0.0184802
278 0.0184657
3283 0.0184606
3314 0.018341
3490 0.0183115
3008 0.0183076
2879 0.0182776
3423 0.0181143
453 0.0181002
225 0.0180678
732 0.0180586
855 0.018034
852 0.018034
717 0.018034
230 0.0179783
3105 0.01796
4013 0.0178339
595 0.0177674
343 0.0177091
3774 0.0176175
110 0.017613
264 0.017613
3595 0.0176071
137 0.0175993
3874 0.0175877
3567 0.0175812
3918 0.0175374
3789 0.0175072
889 0.017494
805 0.017364
437 0.0173376
757 0.0173251
2535 0.0172554
2982 0.0171422
3549 0.0171253
1586 0.0171159
1046 0.0171159
2595 0.0170416
2483 0.0170416
3624 0.0170143
3830 0.0169681
3898 0.0169322
806 0.0169305
3613 0.0169195
3695 0.0169195
3479 0.0169195
3883 0.0169195
3649 0.0169195
3562 0.0169195
19 0.016911
665 0.0168837
894 0.0168665
3720 0.0168538
2799 0.0168503
863 0.0167279
876 0.0167279
3571 0.016723
2889 0.0167189
592 0.0166985
719 0.0166803
3836 0.0165574
1194 0.016555
839 0.0165087
1912 0.016486
3757 0.0164581
647 0.0163989
714 0.0163717
3932 0.0163486
856 0.0163466
3657 0.0163168
3819 0.0163021
3892 0.0162643
642 0.0161131
581 0.0161131
729 0.0161059
310 0.0160973
23 0.0160405
476 0.0160363
116 0.0159771
579 0.0159398
2527 0.0159036
42 0.0158722
282 0.0158722
256 0.0158722
244 0.0158721
233 0.0158721
33 0.0158721
68 0.0158092
20 0.0157933
3957 0.0157831
3759 0.0157655
2094 0.0157512
745 0.015739
3516 0.0157061
3701 0.015691
3523 0.0156906
3481 0.0156906
824 0.0156522
3746 0.0156475
3846 0.0156475
3949 0.015573
3933 0.015511
3407 0.0155013
3268 0.0155013
193 0.0154358
747 0.015399
214 0.0153546
3536 0.0153531
182 0.0153245
3579 0.0153188
3465 0.0153188
1208 0.0152696
149 0.0152677
111 0.0152303
2699 0.0151115
2437 0.0150874
3837 0.0150532
3581 0.0150483
694 0.0150201
3541 0.0149977
878 0.0149972
3751 0.0149663
3500 0.0149296
14 0.0148546
884 0.0148512
823 0.0148247
3442 0.0147979
3519 0.0147966
822 0.0147747
833 0.0147637
56 0.0147131
798 0.014687
830 0.0146538
226 0.0146469
2106 0.0146305
3587 0.0146045
3923 0.0145782
771 0.0145237
573 0.014516
804 0.0144875
2245 0.0144711
1499 0.0144662
2301 0.0144511
2558 0.0144335
3446 0.0143806
25 0.0143641
171 0.0143312
3675 0.014307
3708 0.0142979
3791 0.0142968
864 0.0142798
3975 0.0142439
781 0.0142025
144 0.0141822
3478 0.0141112
3776 0.0141026
1837 0.0140589
351 0.0140117
3863 0.0140082
271 0.0139973
3894 0.0139805
1733 0.0139724
3716 0.0139694
2949 0.0139579
67 0.0139568
1097 0.0139558
818 0.013949
81 0.0139462
3271 0.013943
3455 0.0139426
697 0.0139394
1030 0.0138676
3476 0.0138163
1027 0.0138132
1627 0.0138132
337 0.013812
3747 0.0137431
4003 0.0137223
3857 0.0137105
3920 0.0136907
322 0.0136891
3521 0.0136852
3700 0.0136773
3864 0.0136773
3669 0.0136773
3911 0.0136773
3813 0.0136773
1118 0.013651
1202 0.013611
1548 0.0136021
886 0.0135855
174 0.0135814
3647 0.0135766
877 0.0135684
1895 0.0135619
4005 0.0135549
789 0.0135192
1368 0.0134461
955 0.0134461
263 0.013434
296 0.013434
861 0.0133606
28 0.0133227
3960 0.0133176
3502 0.013309
901 0.0133077
1240 0.0132792
3594 0.013257
1138 0.0132514
576 0.0131881
1216 0.0131694
1798 0.0131456
1956 0.0130925
724 0.0130916
3639 0.0130823
3919 0.0130823
26 0.0130808
888 0.0130679
346 0.0130536
3629 0.0130482
3655 0.0130358
3580 0.0130231
1889 0.0130121
712 0.0130101
654 0.0129835
386 0.0129709
3696 0.0129549
630 0.0129247
119 0.0129216
3742 0.0129195
1333 0.0128377
2650 0.0128334
201 0.0128283
131 0.0127629
979 0.0127539
327 0.0127483
4011 0.0127399
3861 0.0126784
1452 0.0126772
167 0.0126652
3599 0.0126545
3513 0.0126398
903 0.0126138
2886 0.0126107
252 0.0126083
3596 0.012593
703 0.0125439
827 0.0125375
1378 0.0125002
853 0.0124913
688 0.0124626
277 0.0124483
21 0.0124308
3311 0.0124194
1533 0.0124045
784 0.012387
243 0.0123853
92 0.0123736
1880 0.0123609
157 0.0123588
1788 0.0123001
53 0.0122908
93 0.0122862
1601 0.0122852
320 0.0122588
1468 0.0122358
2776 0.0122333
4036 0.0122044
963 0.0121848
3921 0.012151
1111 0.0120765
3216 0.0120706
1043 0.0120578
1218 0.0120578
1016 0.0120181
1403 0.0120181
3487 0.0120009
3066 0.0119881
3545 0.011955
239 0.0119405
3506 0.0119393
127 0.0119357
834 0.0119328
695 0.0119315
249 0.0119307
17 0.0119307
184 0.0119051
197 0.0119014
3126 0.0119005
3322 0.0119004
4037 0.0118955
122 0.0118722
145 0.0118481
90 0.0118481
2349 0.01184
3584 0.0118288
3128 0.011827
3938 0.0117835
3749 0.0117641
3553 0.0117634
3967 0.011755
882 0.0117465
281 0.0117405
284 0.0117399
2486 0.0116874
4028 0.011675
3963 0.0116621
2170 0.0116474
3849 0.0116375
3444 0.0116375
1787 0.0116295
101 0.0115916
245 0.0115835
1137 0.0115751
94 0.0115258
3682 0.0115214
3809 0.0114959
909 0.0114838
768 0.0114772
3530 0.0114718
180 0.0114693
3551 0.0114692
728 0.0114636
893 0.0114483
594 0.0114476
3787 0.011428
617 0.0114259
910 0.0114238
1657 0.0114238
1776 0.0114238
2320 0.0114052
9 0.0113874
203 0.0113866
2444 0.0113853
194 0.0113806
628 0.0113741
956 0.0113407
1568 0.0113262
102 0.0113255
251 0.0113243
266 0.0113203
3793 0.011316
3783 0.0113129
299 0.0112825
619 0.0112784
3740 0.01126
2313 0.0112517
3992 0.0112508
736 0.0112464
2167 0.0112453
992 0.0112421
242 0.0112321
200 0.011211
702 0.0111873
356 0.0111649
302 0.0111593
680 0.0111143
4033 0.0111128
2034 0.0111115
3954 0.0111072
3991 0.0110713
2 0.0110644
842 0.0110235
815 0.0110054
2076 0.0109977
3531 0.0109935
3728 0.0109773
32 0.0109771
58 0.0109709
36 0.0109495
3593 0.0108727
572 0.0108609
467 0.0108609
1992 0.0108523
97 0.0108522
253 0.0108522
820 0.0108491
2204 0.0108393
782 0.0108245
1177 0.0108227
707 0.0108089
464 0.0108078
1232 0.0108034
3727 0.0107903
254 0.0107778
653 0.0107761
3924 0.0107719
140 0.0107693
411 0.0107528
800 0.0107526
301 0.0107434
1319 0.0107032
1071 0.010699
1253 0.010699
938 0.0106982
80 0.0106821
1988 0.0106765
904 0.0106676
3905 0.0106571
3887 0.0106484
3722 0.0106029
752 0.0105989
3710 0.010583
2983 0.0105828
86 0.010559
636 0.0105572
3336 0.0105489
3745 0.0105373
819 0.0105357
689 0.0105281
726 0.0105174
3801 0.0105034
3489 0.0104995
3676 0.0104995
829 0.0104664
3585 0.0104544
1493 0.0104462
498 0.0104369
3829 0.0104169
3867 0.0104153
2017 0.0104064
304 0.0104037
725 0.0104018
286 0.0103829
383 0.0103651
773 0.0103478
3680 0.0103428
774 0.0103389
315 0.0103357
2622 0.0103072
2168 0.0103065
3906 0.0103051
3652 0.0102816
204 0.0102605
3806 0.0102546
401 0.0102488
770 0.0102339
3636 0.0102295
616 0.0102207
3814 0.0102106
2207 0.0102066
3713 0.0101914
3825 0.0101859
3665 0.0101597
309 0.0101213
135 0.0101213
3945 0.0100651
3529 0.0100647
677 0.0100644
3838 0.010063
1648 0.010051
3835 0.0100303
3723 0.0100257
187 0.0100208
625 0.0100138
618 0.0100009
787 0.00999309
766 0.00999256
188 0.00998248
3758 0.00998042
2439 0.0099497
3505 0.00990886
24 0.0098954
47 0.00989117
333 0.00988468
1371 0.00987759
384 0.0098222
552 0.0098222
3508 0.00981989
3604 0.00981586
377 0.0098121
780 0.00979116
170 0.00978725
3684 0.00976156
597 0.00974944
199 0.00974186
3951 0.00972433
3885 0.00970803
3907 0.0097021
3633 0.00968903
825 0.00968263
3871 0.0096822
684 0.00968025
98 0.0096632
2513 0.00965822
3964 0.00964555
3590 0.00964328
609 0.00963771
1687 0.00960479
589 0.00960334
1224 0.00959194
3083 0.00958697
3753 0.00958575
958 0.00956053
767 0.00955977
3961 0.00955494
3756 0.00954344
2926 0.00954285
3844 0.00952587
3848 0.00951379
678 0.00951307
173 0.00950201
2401 0.00949009
1693 0.00948835
3738 0.00948797
272 0.00947799
3610 0.00947241
285 0.00946409
1045 0.0094435
644 0.00942778
3504 0.00942688
516 0.00942359
3690 0.00941254
330 0.0094037
1197 0.00939227
3558 0.00938573
3464 0.00937366
457 0.00936364
40 0.00934439
2456 0.00934162
3925 0.00933935
739 0.00933873
1254 0.00933066
3847 0.00932424
3376 0.00930984
3401 0.0093098
280 0.00929928
718 0.00929398
3606 0.00928579
797 0.0092822
849 0.00926949
3028 0.00925989
2450 0.00922088
424 0.0092076
2426 0.00919662
2217 0.00919199
2839 0.00918265
2671 0.00916816
2824 0.00916812
3091 0.00916811
2721 0.00916811
3794 0.00916519
708 0.00916503
162 0.0091473
100 0.009142
3611 0.00913908
3469 0.00912448
551 0.0091179
746 0.00910486
810 0.00907426
186 0.00906601
764 0.009056
454 0.00904484
71 0.00902643
172 0.00901688
754 0.00901352
791 0.0089964
554 0.00898857
912 0.00896992
3833 0.00896013
486 0.00894707
603 0.00893838
376 0.00893174
3948 0.00893144
3544 0.00892011
1314 0.00889352
3447 0.00888226
3495 0.00888173
46 0.00887294
3466 0.00886911
332 0.00885903
108 0.0088486
152 0.00884661
3897 0.00883472
307 0.00881707
3427 0.00881676
3338 0.00881675
261 0.00880461
3810 0.00879799
727 0.00878736
3826 0.00878433
2364 0.00876474
241 0.00876469
255 0.00876468
1136 0.00876045
3568 0.0087569
696 0.00875094
2528 0.00874544
142 0.00874531
3900 0.00873607
687 0.00871424
155 0.00871276
4006 0.00870005
4032 0.00870005
3851 0.00869771
2171 0.00869665
518 0.00865313
3363 0.00864182
3804 0.00863763
3460 0.00862248
3617 0.00861059
3711 0.00860657
2263 0.00858915
3822 0.00857868
734 0.00856854
2113 0.00856814
2805 0.00856112
2515 0.00853651
509 0.0085346
749 0.00853027
775 0.00853027
720 0.00852636
2834 0.00851534
3486 0.00851393
1951 0.00850863
816 0.00850111
3862 0.00849338
848 0.00849207
760 0.00848585
3850 0.00847204
3445 0.00841725
118 0.00841226
3634 0.00840447
323 0.00839857
339 0.00838704
3698 0.00838641
1607 0.0083836
3766 0.0083805
3672 0.00836214
3425 0.00835566
738 0.00835284
1995 0.00834014
742 0.00832771
1363 0.00832359
3812 0.00831939
325 0.00831317
3705 0.00831066
313 0.00830853
847 0.00829556
3908 0.00828183
3930 0.00827588
899 0.008258
2126 0.00825262
82 0.00824885
605 0.00824698
3488 0.00823964
1307 0.00823756
150 0.00823409
3641 0.00823027
793 0.0082183
664 0.00821029
623 0.00820876
3790 0.00820383
113 0.00819521
3877 0.00817644
769 0.00816927
1629 0.00815962
3443 0.00815623
3824 0.00815405
139 0.0081529
369 0.00814669
3526 0.00814317
213 0.00813555
357 0.00813074
329 0.00812926
1747 0.00812772
3677 0.00809075
3947 0.00808401
3782 0.00807427
291 0.00807051
260 0.00805817
3956 0.00805512
3752 0.00804663
1360 0.00803724
483 0.00803011
1980 0.0080294
236 0.00802832
3661 0.00802403
1494 0.00801741
2754 0.00800948
1705 0.0079899
2321 0.00798621
814 0.00797846
611 0.00797637
796 0.00796828
817 0.00794019
293 0.00792205
112 0.00792205
1555 0.00791334
2490 0.00791234
2565 0.00790116
1996 0.00790113
3577 0.00790085
1972 0.00789518
169 0.00788909
2001 0.00788577
3761 0.00786308
3904 0.00785537
3640 0.00785193
3952 0.00784995
840 0.00781023
2548 0.00780841
3664 0.0077975
3800 0.00778361
1825 0.00778311
189 0.00777845
64 0.00777844
584 0.00777632
2284 0.00775576
109 0.00774894
3592 0.00773963
3608 0.00772833
3966 0.0077275
803 0.00772139
3548 0.00770006
3426 0.00768612
3637 0.00767725
88 0.00767562
3775 0.0076675
3734 0.00766621
3626 0.00766313
563 0.00766294
217 0.00766204
731 0.00766019
3456 0.00764073
3468 0.00763881
1961 0.00763563
3090 0.00763137
3968 0.00762689
3501 0.00761851
1927 0.00760787
3927 0.00760427
896 0.0076024
3718 0.00759595
792 0.00759572
3971 0.00758776
2933 0.00758155
1277 0.00758065
3950 0.00757774
3869 0.00757625
758 0.00756475
3983 0.00755834
3121 0.00752961
3586 0.00752631
3472 0.00752035
422 0.00751987
1838 0.00751838
2997 0.00751731
3648 0.00751504
342 0.00751164
2645 0.00750462
159 0.0075015
151 0.00748952
3685 0.00748239
685 0.00747879
3731 0.00747588
2657 0.00747275
3969 0.00747259
2620 0.00747171
1822 0.0074666
598 0.00745913
3554 0.00745098
2006 0.00744583
3915 0.00743694
475 0.00743107
1973 0.00742589
1144 0.00741399
2365 0.00741399
7 0.00740715
1511 0.00740384
3063 0.00739752
3979 0.00737106
412 0.0073694
505 0.00736462
2412 0.00736089
1567 0.00735881
2041 0.00735219
622 0.00735154
755 0.00734676
3576 0.00734632
3733 0.0073433
3899 0.007338
3498 0.00733472
1998 0.00732651
1919 0.0073263
3821 0.00732288
2129 0.00732048
3764 0.00730491
3402 0.00729634
3644 0.00729265
3870 0.00728898
3449 0.0072885
3926 0.00728303
1442 0.00728119
2966 0.00727975
795 0.00727519
31 0.00726481
48 0.00725778
2255 0.00725591
166 0.00725125
3012 0.00724971
3569 0.00724913
1000 0.00724148
3902 0.00724079
3256 0.00724074
857 0.00722738
3537 0.00722541
865 0.00721879
868 0.00721879
1808 0.00721763
3643 0.00721211
3510 0.00720749
3615 0.00720701
1174 0.00720504
809 0.00720307
3714 0.0072006
2944 0.00718629
633 0.00718306
3514 0.00718188
3939 0.00717782
3232 0.00716167
3477 0.00715371
531 0.0071518
2538 0.00715095
2049 0.0071482
3045 0.00714537
1960 0.00712951
2640 0.00712455
3706 0.00712363
2962 0.00711888
838 0.00711745
3448 0.00711423
2361 0.00711336
682 0.00711217
211 0.00710435
3972 0.00709625
2488 0.00709308
3077 0.00709218
2877 0.00709133
124 0.00707128
2466 0.00706347
104 0.00705719
1472 0.00704762
3511 0.0070406
2156 0.00702046
1186 0.00701466
1433 0.0070084
2018 0.00700338
3528 0.00699665
3539 0.00698403
908 0.00697939
3823 0.0069778
786 0.00697543
2786 0.00697321
2838 0.00696581
3003 0.00696581
835 0.00695753
1050 0.00695383
740 0.00695265
612 0.00695124
1935 0.00694146
373 0.00693615
3842 0.00693526
2061 0.00693484
2024 0.00690398
1806 0.00690201
3565 0.00689988
3155 0.00689765
3737 0.00688395
845 0.00688202
1991 0.00687682
5 0.00687598
1676 0.00687236
711 0.00687026
1840 0.00686755
504 0.00685224
3605 0.0068441
324 0.00684055
1615 0.00683947
3482 0.00683769
626 0.00683658
2986 0.00683036
807 0.00682953
262 0.00682104
220 0.00682103
783 0.00681868
3735 0.00681179
380 0.00681052
52 0.00680762
205 0.0068076
196 0.00680724
3771 0.00679869
748 0.00678757
2648 0.00678255
753 0.00677946
701 0.00677928
1055 0.00677424
3797 0.00676251
1914 0.00675708
443 0.00674785
468 0.00674785
2647 0.00674496
1133 0.00673653
1104 0.00672908
1905 0.00671781
3901 0.00671646
13 0.00671105
2022 0.00670191
2999 0.00669962
588 0.00668668
2767 0.00668367
2782 0.00668295
1235 0.00667671
3566 0.00667504
269 0.00667485
2159 0.00667326
3768 0.00666423
2335 0.0066577
2742 0.00665471
631 0.00665407
2621 0.00665111
666 0.00665078
2202 0.00664866
428 0.00664599
3387 0.00664284
2236 0.00663956
1328 0.00663673
1345 0.00663439
2397 0.00663325
3026 0.00663161
3499 0.00662946
3078 0.00662903
1459 0.00662676
2724 0.0066173
3612 0.00661369
3663 0.00661348
1583 0.0065934
3598 0.00659116
1564 0.00658283
334 0.00657937
2669 0.00657778
1760 0.00657766
2378 0.00657532
389 0.00657005
2956 0.00656022
472 0.00655685
1410 0.00655645
3702 0.00654837
1266 0.00654643
3674 0.00654054
1441 0.00653872
3625 0.00653792
779 0.00653393
3803 0.00653058
2004 0.00652048
1896 0.00651692
57 0.00651664
3300 0.00651333
2317 0.00651277
691 0.00651129
469 0.00651087
3691 0.00651079
3560 0.00651079
3744 0.00651078
3717 0.00651078
2863 0.00650796
3815 0.0065064
2047 0.00650588
2173 0.00650245
3719 0.00649885
265 0.00649494
1975 0.00649442
3101 0.00649361
3320 0.00648938
1866 0.0064748
83 0.00647138
51 0.00647136
237 0.00647132
802 0.00647078
1085 0.00646709
3896 0.00643192
513 0.0064309
2447 0.00642868
3659 0.00642361
1703 0.00641836
3324 0.00641655
3715 0.00641287
1204 0.00640721
3470 0.00640653
3602 0.00640356
3280 0.00640189
3509 0.00639367
1421 0.00639107
3860 0.00637799
77 0.00637551
2951 0.00637336
3397 0.00636574
890 0.00636497
3291 0.00636223
3082 0.00635417
3931 0.00635041
1322 0.00633071
2915 0.00632929
553 0.00632836
2960 0.00632702
2679 0.00632421
1783 0.00632165
381 0.00631855
777 0.00630592
3535 0.00630362
1585 0.00630318
3463 0.00629992
3778 0.0062967
2927 0.00629529
3692 0.00628949
500 0.00628645
141 0.00628632
3525 0.00628632
3000 0.00628216
247 0.00627568
2659 0.00626829
3518 0.00626009
224 0.00625313
3873 0.00625153
44 0.00624409
2906 0.00623972
2694 0.00623437
3916 0.0062338
3891 0.00623243
2448 0.0062293
832 0.00622881
1784 0.00621133
3542 0.00620513
3417 0.00620469
2738 0.00620126
3368 0.00619775
2890 0.00619459
3564 0.00618946
3888 0.00618611
1 0.006186
3781 0.00618527
3946 0.00618527
202 0.00618211
1057 0.00617535
3458 0.00617489
2583 0.00615844
3903 0.00615593
3792 0.00615577
3474 0.00615323
3 0.00615014
1462 0.00614998
2755 0.00614928
2371 0.00614548
3290 0.00614212
1505 0.00614143
575 0.00613883
2978 0.00613385
158 0.00613365
1252 0.00613227
2916 0.00613015
1562 0.00612827
130 0.00612459
2788 0.00612088
2935 0.00611427
1936 0.00611139
497 0.00611039
455 0.00610858
850 0.00610728
62 0.00610614
862 0.00609887
1192 0.00609152
460 0.00608891
3033 0.00608639
2411 0.00608525
917 0.00607991
2730 0.00607285
3493 0.0060658
2497 0.00606271
3534 0.00605952
29 0.00605942
3601 0.00605512
1424 0.00605121
3802 0.00605112
61 0.00605033
1064 0.00604103
869 0.00602984
3434 0.00602948
3233 0.00602713
3632 0.00601988
811 0.00601634
185 0.00600706
2160 0.00600421
2885 0.00600216
133 0.00600083
231 0.00599939
1831 0.00599429
3840 0.00599345
3104 0.00598664
1711 0.00598187
499 0.00598052
1014 0.00597794
2633 0.00597124
3441 0.00596907
3084 0.005968
3909 0.00596794
1786 0.00596536
465 0.00596158
2107 0.00596027
2027 0.00595989
2928 0.0059582
2231 0.00595699
397 0.00595654
3555 0.00595432
3653 0.00595336
763 0.00594728
517 0.005935
3557 0.00593261
3019 0.00593062
3116 0.00592764
1469 0.00592076
2116 0.00591607
741 0.0059147
154 0.00591262
3875 0.00591143
2225 0.0059104
2719 0.00590837
238 0.00590823
2943 0.00590371
730 0.00590213
1888 0.00590087
2771 0.00589514
2750 0.00589228
1591 0.00588938
2777 0.00588451
3779 0.00588202
361 0.00587277
1803 0.00586956
84 0.00586442
1588 0.00586343
3623 0.00585931
128 0.00585921
1573 0.00585742
2676 0.00585497
1212 0.00585363
3540 0.00585279
3348 0.00584742
3730 0.00584291
1593 0.00584224
3699 0.00584104
3054 0.00583737
3231 0.00583438
3962 0.00582905
2757 0.00582212
3866 0.00582168
559 0.00582147
799 0.00581968
2683 0.00581765
709 0.00581644
3769 0.00581425
1628 0.0058141
2664 0.00581374
168 0.005802
283 0.00580162
561 0.00579894
359 0.0057983
1957 0.00579464
3687 0.00578999
223 0.00578415
778 0.00577931
2091 0.00577852
859 0.00577631
3786 0.00577404
3154 0.00577138
2808 0.00576981
395 0.00576943
2587 0.00576839
1304 0.00576821
4034 0.00576324
2286 0.00575985
1356 0.00575713
2494 0.0057543
3694 0.00574967
3808 0.00574734
574 0.00574277
2585 0.00574219
2192 0.00574102
2800 0.00573719
3591 0.00573215
1797 0.00572516
2342 0.00571948
2627 0.00571604
790 0.00571456
3139 0.00571341
1964 0.00571041
3559 0.00570503
2097 0.0056982
2341 0.00569409
3773 0.00569323
3858 0.00568907
1479 0.00568585
1387 0.00568247
232 0.00567519
355 0.00567249
1910 0.00566933
1127 0.00566819
2011 0.00566602
3226 0.00566184
2661 0.00566131
2431 0.00565751
2614 0.0056545
3162 0.00563776
1544 0.0056326
2375 0.00563187
1325 0.00562842
3635 0.00562745
2910 0.00562704
3263 0.00562511
1899 0.00562352
2867 0.00562207
3645 0.0056175
2925 0.00561501
1317 0.00561315
72 0.00560581
3841 0.00559976
1227 0.00559862
3051 0.00559541
3524 0.00559147
3366 0.00559134
1070 0.00559127
620 0.00558656
1041 0.00558484
3022 0.0055788
3483 0.00557804
2152 0.00557521
2570 0.00557405
3872 0.00557389
1800 0.00557369
2789 0.00557246
733 0.00556956
547 0.00556896
3056 0.00556717
2866 0.00556664
846 0.00556445
2120 0.00556362
2909 0.00556034
308 0.00555138
2778 0.00555057
303 0.00554976
3880 0.00554886
3475 0.00554378
3646 0.00554152
706 0.00553809
2716 0.00553619
370 0.00552521
270 0.00552326
1259 0.00551969
2297 0.00551952
3532 0.00551447
2634 0.00550941
3061 0.00550902
1274 0.00550567
3881 0.0055033
2793 0.00549439
431 0.00549344
3726 0.00548953
3884 0.00548385
228 0.00548239
2734 0.00548111
1709 0.00547952
506 0.00547381
1596 0.00546981
3327 0.00546742
772 0.00545781
3721 0.00545669
813 0.00545123
1264 0.00545122
1486 0.00544957
3392 0.00544934
3096 0.00544798
3561 0.00544479
148 0.00544424
1701 0.00544358
929 0.00544264
831 0.00543459
1664 0.00543429
2015 0.00543247
2228 0.00543127
2111 0.00542362
2384 0.00541925
3362 0.00541712
1642 0.00541608
419 0.00541209
2440 0.00540958
3405 0.00540641
347 0.0054059
1663 0.00540573
3072 0.00540271
3630 0.00539302
161 0.00538745
2872 0.00538589
2827 0.00538464
3533 0.00538368
794 0.00538352
765 0.00538351
621 0.00538001
2636 0.00537952
350 0.00537229
939 0.00536871
1636 0.0053675
3035 0.00536652
1931 0.0053639
525 0.00535627
1871 0.00535438
1725 0.00535012
1033 0.00534938
1270 0.00534937
3308 0.00534631
539 0.00534527
1730 0.00534414
2357 0.00534161
1352 0.0053416
1098 0.00533958
2626 0.00533958
59 0.00533636
2035 0.00533137
555 0.00532629
1854 0.00532479
1990 0.00532057
2481 0.00531317
2873 0.00531009
2644 0.00530785
2422 0.00530558
3076 0.00529694
1431 0.00529636
3020 0.00529552
3651 0.00529548
2663 0.00529314
459 0.00529048
2009 0.00528828
522 0.00528469
1742 0.00527496
3201 0.00527441
1067 0.0052742
438 0.00527356
1297 0.00527354
2920 0.0052666
2639 0.00526459
1087 0.00526397
3693 0.00526369
363 0.00526328
836 0.00525783
1857 0.00525685
2864 0.00525584
1729 0.00525393
2346 0.00524876
3119 0.00524838
507 0.00524726
737 0.00524439
3671 0.00524359
3195 0.0052425
2314 0.00524067
353 0.00523853
2051 0.00523792
3412 0.00523671
2505 0.00523436
837 0.00522818
190 0.00522655
1298 0.00522548
1236 0.00522241
76 0.00522185
1338 0.00521666
374 0.00521528
366 0.00521168
3330 0.00521126
1779 0.00520662
2146 0.0052058
2836 0.00520503
3459 0.00520075
2157 0.00520017
400 0.00519955
2658 0.00519939
3886 0.00519478
396 0.00519432
1504 0.00518822
3619 0.00518341
297 0.00516863
716 0.00516734
1171 0.00516667
331 0.00516119
663 0.00515932
3707 0.00515823
2905 0.00515476
2248 0.00514913
3248 0.00514807
2706 0.00514499
2534 0.00514004
1958 0.00513839
3174 0.00513679
3583 0.00513673
178 0.00513584
2660 0.00513533
544 0.00513125
478 0.005128
1231 0.00512795
120 0.0051226
3339 0.00512202
1032 0.00512193
3295 0.0051204
429 0.00510437
456 0.0051018
2455 0.00509801
1347 0.00509479
2913 0.00509114
3496 0.00509094
1921 0.00508882
3010 0.00508865
481 0.00508527
1199 0.00508214
477 0.00507617
1061 0.0050739
2337 0.00507365
2865 0.00507261
1536 0.00507032
3750 0.00506469
3831 0.00506278
2474 0.0050567
3398 0.00505667
3497 0.00505648
2199 0.00505445
2628 0.00505243
3620 0.00505221
22 0.00505188
1814 0.00504772
1576 0.00504643
538 0.0050459
2911 0.00503974
928 0.00503722
3038 0.00503697
1134 0.00503622
3252 0.00503498
1611 0.00503427
2266 0.00503417
3168 0.00503409
2133 0.0050333
1892 0.00503291
2503 0.00503145
3855 0.0050272
1661 0.00502696
3187 0.00502619
1275 0.00502534
2851 0.00502235
2862 0.00502224
3284 0.00501364
349 0.00501353
3266 0.00501344
3828 0.00501264
2809 0.00501049
129 0.00500924
937 0.0050072
1802 0.00500524
3396 0.00500429
3132 0.00500211
1731 0.00500193
257 0.00500177
2763 0.00500034
1053 0.00500007
248 0.00499891
3207 0.00499885
3152 0.0049962
3351 0.00499328
3150 0.00499269
73 0.00499017
2100 0.00498998
406 0.00498338
3440 0.00498287
567 0.00497948
2893 0.00497923
3670 0.00497878
693 0.00497836
3002 0.0049777
2459 0.00497769
1666 0.00497653
354 0.00497575
1366 0.00497534
3827 0.00497417
1893 0.0049691
432 0.00496551
3080 0.00496325
1974 0.00495828
2969 0.00495763
2081 0.00495362
3622 0.00495125
1768 0.00494457
596 0.00494297
121 0.00494285
1478 0.00493622
3350 0.00493199
1978 0.00492976
788 0.0049252
2000 0.00491377
3136 0.00491367
3607 0.00490924
436 0.00490719
132 0.0049063
1358 0.00489733
1162 0.00489678
1820 0.00489593
2919 0.00489332
2289 0.00489197
3214 0.00488633
466 0.00488524
2651 0.0048832
808 0.00488082
1976 0.0048808
1937 0.0048775
1482 0.00487638
722 0.00487157
2543 0.00487152
843 0.00487095
3198 0.00486887
2054 0.00486768
2729 0.00486611
3365 0.00485937
1434 0.00485839
580 0.00485768
484 0.00485587
3137 0.00485558
2328 0.00485369
514 0.00485352
3454 0.00485289
534 0.00485241
493 0.00484794
1599 0.00484761
1719 0.00484617
3556 0.00484513
3667 0.00484484
3369 0.00484365
1698 0.00484086
2849 0.00483619
3433 0.00483054
1295 0.00482746
2689 0.00482027
1827 0.00481932
96 0.0048185
1157 0.00481526
1100 0.00481278
3360 0.00481253
1589 0.00481008
2698 0.00480817
212 0.00480379
3976 0.00480235
2347 0.00480155
3185 0.0048014
417 0.00479991
3060 0.00479938
423 0.00479622
1876 0.00479438
556 0.00479169
3184 0.00479098
3267 0.0047903
408 0.00478736
3081 0.00478536
3471 0.00478391
3970 0.00478266
2181 0.00478009
942 0.00477848
463 0.00477818
2693 0.00477681
2089 0.00477329
258 0.00477286
844 0.00477156
566 0.00476904
1261 0.0047675
1860 0.00476741
2841 0.00476508
402 0.00476505
2668 0.00476461
3057 0.00476158
2598 0.00475762
3149 0.00475754
2994 0.00475406
3087 0.0047502
3001 0.0047384
1187 0.00473598
503 0.00473143
2142 0.00473064
2283 0.0047287
542 0.00472867
2333 0.00472461
1634 0.00472174
391 0.00472042
3937 0.0047183
2880 0.00471805
990 0.00471701
2206 0.00471593
3816 0.00471565
3503 0.0047133
3642 0.00470666
2728 0.00470225
524 0.00469838
2833 0.00469672
3621 0.00469636
3064 0.0046933
1282 0.00469175
785 0.0046915
2988 0.0046899
3098 0.00468774
1922 0.00468771
2025 0.00468366
470 0.00468214
1715 0.00468025
657 0.0046775
1746 0.00467726
2405 0.0046747
1566 0.0046738
2828 0.00467163
39 0.00466985
2618 0.00466747
1770 0.00466521
957 0.00466296
2577 0.00466097
2837 0.00465932
2922 0.00465422
2904 0.00465355
3108 0.00465151
85 0.00465067
2233 0.00464958
3073 0.00464748
2087 0.00464663
1999 0.00464262
2410 0.00464087
492 0.00464085
2807 0.00463334
3172 0.00463192
1126 0.0046307
3438 0.00463038
2611 0.00462946
2403 0.00462519
2282 0.00462068
2316 0.00461836
1804 0.00461702
3153 0.00461448
2726 0.00461172
1129 0.00461165
222 0.00461014
2940 0.00461011
489 0.00460908
1749 0.00460695
2178 0.00460669
3953 0.00460457
126 0.00460267
961 0.0046015
2218 0.00459792
2453 0.00459443
3025 0.00459186
3609 0.00458494
452 0.00458436
3668 0.0045839
274 0.0045834
1630 0.00458163
1426 0.00458117
3049 0.00458017
407 0.00457958
1495 0.00457513
2229 0.0045742
2123 0.00457346
156 0.00456644
404 0.00456641
2078 0.0045619
1993 0.00456129
321 0.00455906
970 0.00455886
2901 0.00455702
1640 0.00455492
2748 0.00455394
1584 0.0045524
3086 0.00455021
2464 0.00454863
3344 0.00454463
3394 0.00454376
3293 0.00454086
1390 0.00453771
1475 0.00453748
1577 0.00453702
1624 0.00453693
639 0.00453332
533 0.00453029
2507 0.00452953
2023 0.00452371
1052 0.00452101
1348 0.00451851
1833 0.00451686
3302 0.00451487
529 0.0045146
1612 0.00451456
924 0.00451341
3229 0.00451154
557 0.00450387
378 0.0045035
2244 0.00450226
2240 0.00450189
1159 0.0044955
1066 0.00449347
2666 0.00449287
1691 0.00448834
3374 0.00448262
134 0.00448229
1983 0.00447823
3385 0.004478
1148 0.00447504
1502 0.0044731
723 0.00447091
2340 0.00446654
206 0.00446424
637 0.00446358
510 0.00446155
3269 0.0044605
2677 0.00445776
1985 0.00445759
2088 0.00445541
1844 0.00445323
2309 0.00445186
762 0.0044504
2590 0.00444846
3017 0.00444605
2869 0.00443967
1714 0.00443955
2602 0.00443819
2238 0.00443782
2131 0.00443743
1968 0.00443579
2810 0.00443363
1373 0.00443108
2912 0.00443057
3895 0.00442864
1707 0.00442231
1654 0.0044196
2369 0.00441954
1413 0.00441871
1383 0.00441426
515 0.00441393
3347 0.00441392
2220 0.00441268
1672 0.00440976
3140 0.00440764
2073 0.00440742
123 0.00440582
3965 0.00440454
3491 0.00440453
2764 0.0044031
30 0.00440182
1621 0.00439572
276 0.0043946
2674 0.00439459
1377 0.00439147
3656 0.00439078
679 0.00439069
1082 0.00438631
826 0.0043863
1716 0.00438471
3627 0.00438229
372 0.00438218
2604 0.00438011
2939 0.00437927
2188 0.00437914
3485 0.00437727
1036 0.00437709
2741 0.00437676
2607 0.0043763
1099 0.00437623
1667 0.00437531
3182 0.00437486
3760 0.00437409
2172 0.00437369
1835 0.00437286
2632 0.00437195
1559 0.00437145
1507 0.00436936
2992 0.0043692
2985 0.00436827
1655 0.0043681
3578 0.00436748
2187 0.00436744
3274 0.00436642
3264 0.00436618
519 0.00436325
474 0.00436205
3480 0.0043614
1158 0.00435697
3027 0.00435695
1943 0.00435147
546 0.00435075
3277 0.00435028
2059 0.00434721
163 0.00434699
2973 0.00434655
1537 0.00434526
2560 0.00434429
1251 0.004341
1915 0.00433609
117 0.00433401
3345 0.00433265
1894 0.00433223
1078 0.00433182
2032 0.00432955
1610 0.00432832
1131 0.00432831
2758 0.00432742
2260 0.00432608
1019 0.00432026
3145 0.00431531
1394 0.00431488
2993 0.00431353
3573 0.00431217
1165 0.00431185
2336 0.00430931
2773 0.00430896
1496 0.00430863
360 0.004307
1917 0.00430684
1946 0.00430642
1613 0.00430529
2760 0.0043048
1515 0.00430476
568 0.00430472
2428 0.00430405
3527 0.00430385
2201 0.00429796
2815 0.00429445
2780 0.00429419
3550 0.00429209
2150 0.0042917
3130 0.00428989
136 0.00428845
2324 0.00428655
1376 0.00428604
1010 0.0042853
2331 0.00428386
2974 0.00428346
930 0.004279
289 0.00427864
2117 0.00427814
1474 0.00427637
2542 0.00427586
1574 0.00427278
3878 0.00427235
1945 0.00427223
3052 0.00427054
427 0.00427023
1283 0.00426933
2564 0.00426666
1680 0.00426628
3114 0.00426352
1396 0.00425765
2435 0.00425663
2601 0.00425644
1399 0.00425605
1088 0.00425593
3222 0.00425592
3227 0.00425585
2090 0.00425503
1938 0.00425397
3772 0.00425329
367 0.00425277
2526 0.00425248
977 0.0042504
2118 0.00425017
3547 0.00424892
520 0.00424831
1423 0.00424678
3120 0.00424671
3158 0.00424637
3660 0.00424483
1089 0.0042412
1962 0.00423966
1355 0.00423864
2934 0.00423821
1086 0.00423781
229 0.00423721
3515 0.00423689
2441 0.00423672
2955 0.00423661
1909 0.00423613
944 0.00423094
2820 0.00423051
300 0.0042284
2030 0.00422549
1021 0.00422543
2624 0.00422212
461 0.00421816
1415 0.00421635
1257 0.00421518
2806 0.00421299
1273 0.00421156
3179 0.00421107
3247 0.00421103
2586 0.00421071
3303 0.00420986
1284 0.00420913
2064 0.00420667
3285 0.00420198
2625 0.00420044
1292 0.00419948
314 0.00419585
3321 0.00419549
1471 0.00419055
1020 0.00419038
2937 0.00418889
1862 0.00418856
3910 0.00418729
2593 0.00418623
345 0.00418489
2275 0.00418483
480 0.00418417
1320 0.00418223
2184 0.00418181
1824 0.00417974
2290 0.00417955
3929 0.00417759
3839 0.00417727
2615 0.00417708
2103 0.00417494
1193 0.00417488
2642 0.0041715
3462 0.00417139
1391 0.004171
2511 0.00417089
3818 0.00417065
444 0.00416888
2068 0.00416738
1221 0.00416372
1622 0.00416369
508 0.00416057
3807 0.00416026
2945 0.00415931
2339 0.00415368
2509 0.0041526
3142 0.00415211
433 0.00415205
1453 0.00415181
3342 0.00415059
3852 0.00414817
1384 0.00414611
2697 0.00414423
2323 0.00413796
543 0.00413777
1211 0.00413531
751 0.00413279
1011 0.00413187
3196 0.00413005
1696 0.00412877
2500 0.00412852
1785 0.00412786
3220 0.00412529
3507 0.00412523
1432 0.00412303
54 0.00412229
246 0.00412007
3876 0.00412006
3785 0.00411938
3406 0.00411795
2214 0.00411597
1337 0.00411328
3522 0.00410941
1926 0.00410775
2104 0.00410646
2326 0.00410612
2822 0.00410429
1551 0.00410392
87 0.00410275
2414 0.00410133
3176 0.00410075
3614 0.0040968
3188 0.00409567
2894 0.00409238
2600 0.00409171
1525 0.00408839
2931 0.00408834
3299 0.00408458
2829 0.00408115
1739 0.00408004
3703 0.00407678
2743 0.00407548
3059 0.0040717
925 0.00406939
2540 0.004067
545 0.00406636
2271 0.00406529
1234 0.00406471
2037 0.00406409
3107 0.0040634
2936 0.0040619
2376 0.00405878
3113 0.00405851
523 0.004058
2843 0.00405716
2138 0.00405517
2781 0.00405493
1260 0.00405206
3297 0.00405124
1009 0.00405099
2717 0.00404784
450 0.00404576
548 0.00404558
403 0.00404554
1645 0.00404518
1984 0.00404451
2139 0.00404382
1109 0.00404165
975 0.00404082
3095 0.00403766
2153 0.00403635
1541 0.00403554
2884 0.00403237
3378 0.00403236
2510 0.00403184
1839 0.00402795
2007 0.00402756
2680 0.00402724
3239 0.00402567
2409 0.0040249
1367 0.00402468
1829 0.00402455
3770 0.00402333
1545 0.00402326
2492 0.00401961
387 0.00401907
2292 0.00401783
3241 0.00401329
3811 0.00401226
216 0.00401182
2932 0.00400398
3332 0.004003
2093 0.00400061
2354 0.00399985
1979 0.00399941
3029 0.00399868
3666 0.00399641
946 0.00399511
3221 0.00399463
38 0.0039945
2045 0.00399441
1154 0.00399301
1743 0.00399105
1971 0.00398908
3011 0.00398886
2360 0.00398637
3065 0.00398577
743 0.00398071
2853 0.00398045
2395 0.00397967
105 0.0039784
3419 0.00397473
3420 0.00397412
2656 0.00397345
3240 0.00397132
1904 0.00396974
2555 0.00396803
3146 0.00396749
1751 0.00396438
1059 0.00396334
2381 0.00396241
45 0.00395967
2072 0.00395871
1189 0.00395838
2897 0.00395779
2038 0.0039571
2200 0.00395664
3169 0.00395397
756 0.00395261
2553 0.00395218
3255 0.00394794
2043 0.00394547
941 0.00394405
2791 0.00394258
2183 0.00394257
3085 0.00393627
2749 0.00393462
2176 0.00393318
1379 0.00392964
651 0.00392884
2813 0.00392811
2033 0.00392697
1102 0.00392575
2630 0.00392533
1072 0.00392513
3958 0.00392211
2102 0.00391901
1428 0.0039189
3178 0.00391707
1966 0.00391522
2356 0.00391049
606 0.00390961
1647 0.00390764
2404 0.00390713
1113 0.00390558
3767 0.00390294
2268 0.00390227
590 0.0039017
3697 0.00390075
70 0.00389931
3411 0.00389891
2896 0.00389877
3943 0.00389861
3177 0.00389615
2193 0.00389547
3762 0.00389539
2140 0.00389122
439 0.0038899
75 0.0038898
3070 0.00388952
3004 0.00388945
1656 0.00388844
841 0.00388635
3914 0.00388318
1051 0.00387674
1941 0.0038766
2874 0.00387589
3845 0.00387551
3435 0.00387397
3353 0.00387234
1225 0.00387174
55 0.00387142
1023 0.00387007
964 0.00386931
2294 0.00386848
1587 0.00386805
1213 0.00386696
1308 0.00386696
2471 0.00386564
3780 0.00385936
3106 0.0038548
2352 0.0038535
2224 0.00385198
1554 0.00384887
2124 0.0038463
1106 0.00384465
2655 0.00384111
2149 0.00384106
3673 0.00384053
2991 0.00383908
2460 0.00383904
1080 0.00383807
1184 0.00383605
2082 0.00383422
2190 0.00383345
1565 0.0038318
2344 0.00383162
2197 0.00383022
3040 0.00382839
3275 0.00382785
3784 0.00382582
570 0.0038256
1736 0.0038254
434 0.00382285
2796 0.00382202
1841 0.00382105
2374 0.00382071
3138 0.0038203
1516 0.00381878
2278 0.00381452
3384 0.00381265
3331 0.00381188
1268 0.00381164
1660 0.00381041
2402 0.00380804
1766 0.00380661
2327 0.00380621
1947 0.00380321
1427 0.00380264
1546 0.00380024
3335 0.00379714
2363 0.00379585
974 0.00379472
1188 0.00379405
1977 0.00379361
3631 0.00379332
672 0.00378959
2638 0.00378912
1616 0.00378911
1882 0.00378851
3450 0.00378844
821 0.00378739
2929 0.00378544
2050 0.00378288
3452 0.00378198
2678 0.00378063
3763 0.00377931
2114 0.00377487
3310 0.00377301
2069 0.00377299
2690 0.00377104
3754 0.00376691
2520 0.00376406
2463 0.00376326
1454 0.00376234
1185 0.00376197
3278 0.00376113
1238 0.0037599
2629 0.00375985
1549 0.00375883
435 0.00375783
368 0.00375738
2279 0.00375673
2710 0.00375354
2423 0.00375173
1120 0.00374833
2277 0.00374713
1758 0.00374523
2265 0.00374234
1299 0.00374165
2559 0.00374092
1708 0.00374047
1332 0.00373975
1178 0.00373796
3047 0.00373311
160 0.00373293
2373 0.00373014
2108 0.00372993
2247 0.00372783
1799 0.00372745
1872 0.00372673
3253 0.00372665
645 0.00372238
3261 0.00372099
50 0.00371952
2619 0.00371802
2578 0.00371714
2700 0.00371669
2461 0.00371537
2756 0.00371433
2074 0.00371266
3416 0.00371262
985 0.00370751
1732 0.00370696
954 0.0037045
3364 0.00370444
479 0.00370138
1404 0.00369926
3383 0.00369922
981 0.00369919
2549 0.00369853
1557 0.00369637
1534 0.00369582
591 0.0036955
3272 0.00369458
379 0.00369094
3036 0.00368918
362 0.00368872
2711 0.0036885
2688 0.00368847
1522 0.0036878
1847 0.003687
2592 0.00368678
3244 0.00368568
176 0.003684
3683 0.00367931
1813 0.00367928
3543 0.00367752
2446 0.00367597
3346 0.00367454
2649 0.003673
294 0.00367111
3115 0.00367085
1017 0.0036691
948 0.00366883
2821 0.00366635
1920 0.00366516
2174 0.00366482
2112 0.00365834
1090 0.00365799
993 0.00365782
2125 0.00365741
2785 0.00365716
1006 0.00365711
3913 0.00365697
398 0.00365691
2154 0.00365366
3089 0.00365295
2870 0.00365217
2989 0.00364974
1447 0.00364848
1918 0.00364846
1959 0.00364718
3517 0.00364648
1073 0.00364555
2419 0.00364268
902 0.00364265
2795 0.00364235
3563 0.00364209
2482 0.00364078
527 0.00363986
1229 0.00363782
3329 0.00363082
2550 0.00363072
759 0.00363043
2946 0.00362993
1879 0.00362894
1671 0.00362816
1331 0.0036268
2319 0.00362614
1228 0.00362318
3265 0.00362275
1037 0.00362241
2718 0.00362234
2322 0.00362072
3618 0.00361754
1315 0.00361654
2031 0.00361383
2682 0.00361173
3658 0.00360927
413 0.00360872
3099 0.00360833
2957 0.00359691
2020 0.00359682
2667 0.00359681
2523 0.00359621
2071 0.00359603
704 0.00359532
2370 0.00359411
2302 0.00359185
2211 0.00359023
690 0.00358944
916 0.00358747
2241 0.00358274
2541 0.00358147
2382 0.00358146
2881 0.00358136
295 0.00357805
2121 0.00357777
2253 0.00357648
1604 0.00357619
1531 0.00357515
1258 0.00356973
3257 0.00356831
66 0.00356814
2846 0.00356623
2899 0.00356573
2308 0.00356195
2979 0.00356106
2491 0.00356104
2888 0.00356006
1641 0.00355996
1448 0.00355848
3062 0.00355337
2766 0.00355281
1279 0.00355147
1759 0.00355118
2617 0.00355063
2856 0.00354982
2257 0.00354684
1986 0.00354444
1132 0.00354407
1248 0.00354404
3246 0.00354346
1828 0.00354323
715 0.00354267
146 0.00354261
2696 0.00354124
2299 0.00354101
3893 0.00354066
165 0.00354006
2903 0.00354006
409 0.00353849
1662 0.00353625
2551 0.00353619
2005 0.00353147
3805 0.00353
2665 0.00352854
1146 0.00352845
2276 0.00352801
3298 0.00352783
3013 0.00352666
1018 0.00352453
65 0.00352261
3428 0.00352115
1603 0.00351838
1122 0.00351615
2739 0.00351556
1420 0.00351294
1166 0.00351181
2745 0.00351005
317 0.00350984
3219 0.00350939
1793 0.00350932
3287 0.00350847
3941 0.00350817
445 0.00350804
344 0.00350576
2561 0.0035055
2053 0.00350344
2504 0.00350289
3588 0.00350259
3777 0.00349898
3361 0.00349784
2769 0.00349681
2772 0.00349438
1353 0.00349325
1107 0.00348995
1153 0.00348889
3977 0.00348807
1200 0.00348676
812 0.00348653
496 0.00348645
1933 0.0034862
2408 0.00348576
2818 0.0034857
3111 0.00348535
2095 0.00348524
2223 0.00348463
2681 0.00348317
2875 0.00348132
382 0.00347557
1929 0.00347522
2715 0.00347504
473 0.00347393
2654 0.00347258
3381 0.00347051
415 0.0034696
1318 0.00346905
1650 0.00346788
1256 0.00346538
2765 0.0034651
2562 0.00346174
2250 0.00346122
2784 0.00346109
1923 0.00346058
2325 0.00345978
3432 0.00345791
1076 0.00345745
1859 0.00345708
462 0.00345569
1794 0.00345237
3371 0.00345219
2105 0.00344994
3224 0.00344876
3103 0.00344228
1598 0.00344105
1488 0.00344078
2406 0.00343937
3273 0.00343825
1529 0.00343693
1686 0.00343607
2573 0.00343378
537 0.00343144
700 0.00343092
290 0.00343007
3234 0.00342867
3258 0.00342816
2713 0.0034191
3279 0.00341888
1250 0.003417
2127 0.00341552
1702 0.00341385
2348 0.00341369
1934 0.00341068
2610 0.00340776
3046 0.00340595
3724 0.00340521
3301 0.00340483
1237 0.00340318
1456 0.00340228
2180 0.00340199
2887 0.00340142
2854 0.00340141
1911 0.00340072
2359 0.0033993
3023 0.00339818
3600 0.00339805
103 0.00339736
69 0.00339597
410 0.00339537
1306 0.0033951
3940 0.00339441
3403 0.00339288
2975 0.00339198
3021 0.00339165
3410 0.00339075
1720 0.00339008
2039 0.00338954
3391 0.00338822
2040 0.00338698
2083 0.00338524
1326 0.00338507
1150 0.00338388
1858 0.00338158
2675 0.00338128
1694 0.00338121
3014 0.00338058
2871 0.00338036
710 0.00337929
2119 0.003379
3117 0.00337824
2122 0.00337806
2567 0.00337657
1695 0.00337636
3164 0.00337461
3574 0.00337255
3166 0.00337046
2424 0.00337009
1222 0.00336976
1108 0.00336637
2581 0.00336595
1717 0.00336353
2858 0.00336113
3424 0.00336014
1329 0.00335971
1476 0.00335912
641 0.00335875
1349 0.00335822
1450 0.00335776
3032 0.00335643
991 0.00335385
430 0.00335344
458 0.00335178
1060 0.00335123
3389 0.00334921
2430 0.00334687
1756 0.0033464
2451 0.00334604
2495 0.00334555
1928 0.00334551
2433 0.00334441
1582 0.00334186
931 0.00334166
2169 0.00334042
1669 0.00333934
3206 0.00333747
1500 0.00333715
3400 0.00333646
1791 0.00333635
2546 0.00333555
1726 0.00333351
1807 0.00332854
3355 0.00332292
2468 0.00332245
1569 0.00332231
2291 0.00332022
1203 0.00331934
1815 0.00331758
2954 0.00331604
980 0.00331499
2196 0.00331178
3934 0.00330784
3005 0.00330771
2028 0.0033072
898 0.00330649
268 0.00330538
3741 0.00330455
388 0.0033026
1310 0.00330012
3484 0.00330008
2338 0.00329847
1249 0.00329589
1167 0.00329574
2194 0.00329532
2084 0.00329479
2924 0.00329457
1139 0.00328851
2775 0.00328794
3102 0.0032843
2787 0.00328382
3238 0.00328312
2372 0.00328296
1382 0.00328197
311 0.00328102
1361 0.00328043
1226 0.00327881
2351 0.00327716
298 0.00327704
1124 0.003277
2307 0.00327662
1948 0.00327617
1343 0.00327513
1215 0.00327081
2868 0.00326885
2434 0.00326583
1175 0.00326375
1169 0.00326328
2803 0.00326223
2203 0.00326125
2950 0.00326073
2958 0.0032605
3213 0.0032602
392 0.00325769
2835 0.00325583
16 0.00325462
1757 0.00325196
1303 0.00325
2832 0.00324924
2227 0.00324888
1792 0.00324649
1761 0.00324532
549 0.00324459
586 0.0032429
950 0.00324279
2256 0.00324022
240 0.00323917
1477 0.00323754
1626 0.00323687
1816 0.00323238
2725 0.00322999
2539 0.00322926
1425 0.00322768
3123 0.0032253
2918 0.00322518
2575 0.00322369
1692 0.00322365
2132 0.00322292
1665 0.00322233
1142 0.00322224
1473 0.00322057
106 0.0032179
761 0.00321636
2753 0.00321584
1706 0.0032152
2537 0.00321396
1868 0.00321236
2521 0.00321231
3386 0.00321204
2212 0.00321186
394 0.00321107
2332 0.0032109
3223 0.00320959
2052 0.00320612
3395 0.00320577
1179 0.00320533
1210 0.00320485
2063 0.00320338
2616 0.00320213
3135 0.00320211
2386 0.003202
2857 0.00320163
1594 0.00320107
3191 0.00319861
1013 0.00319712
3193 0.00319212
3512 0.00319106
1309 0.00318916
587 0.00318689
2761 0.00318622
634 0.0031818
1681 0.00318173
3288 0.00318049
1748 0.00317933
2358 0.00317883
2334 0.00317567
318 0.00317358
1101 0.00317316
3817 0.00317302
341 0.00317298
3129 0.00317026
3034 0.0031686
3157 0.00316806
1443 0.00316792
1509 0.0031674
2485 0.00316636
1902 0.00316577
35 0.00316571
2921 0.00315826
3212 0.00315788
3343 0.00315728
3118 0.00315517
2398 0.00315399
1718 0.00315294
3048 0.00315248
1335 0.00315232
1518 0.00315182
3204 0.00315179
1903 0.00315051
2582 0.00315016
3242 0.00314796
2251 0.00314678
2812 0.00314649
3079 0.00314561
2115 0.00314505
1245 0.00314495
3882 0.00314442
2720 0.00314226
1570 0.00314183
943 0.00314039
3936 0.00313545
1550 0.00313532
1269 0.00313518
2823 0.00313451
2394 0.00313171
1330 0.00313164
3859 0.0031303
1873 0.00313029
1673 0.00313016
988 0.00312743
1553 0.00312679
646 0.00312519
490 0.00312501
1954 0.00312463
528 0.00312448
1750 0.00312442
3944 0.00312248
2109 0.00312178
1491 0.00312173
2898 0.00312113
1668 0.00311916
951 0.00311641
1997 0.00311576
1141 0.00311538
2597 0.0031144
1114 0.00311384
1168 0.00311338
1823 0.00311204
1155 0.00311049
421 0.00310932
1467 0.00310889
2143 0.00310729
3211 0.00310524
1812 0.00310362
2970 0.00310279
3341 0.00310265
2848 0.00310227
2086 0.00310116
2318 0.00310076
2608 0.00309902
3259 0.00309682
2779 0.00309665
3245 0.00309623
2469 0.00309529
996 0.00309362
2709 0.00309274
27 0.00309192
1878 0.00309023
2458 0.0030891
1689 0.00308891
2646 0.00308812
1117 0.00308786
2643 0.00308704
3356 0.00308522
2216 0.00308489
1867 0.00308382
1230 0.00308134
2377 0.00307901
2731 0.00307846
1547 0.00307636
2686 0.00307589
655 0.00307457
3312 0.00307403
1079 0.00307399
418 0.00307102
560 0.00306959
1809 0.00306765
2070 0.00306518
1620 0.0030631
3237 0.00305912
949 0.00305819
1683 0.00305673
1255 0.00305659
2145 0.00305361
1670 0.0030535
984 0.00305237
1406 0.00305042
2831 0.00304745
2826 0.0030472
1944 0.00304678
3572 0.00304408
1321 0.00304361
3236 0.00304235
2662 0.00304232
1497 0.00304147
2840 0.00303895
2416 0.00303849
3654 0.00303763
1341 0.00303704
2892 0.00303673
1004 0.0030362
2498 0.00303443
1763 0.00303424
3307 0.00303326
3333 0.00303264
1682 0.00303248
3678 0.00303212
2556 0.00303175
1445 0.00303145
1552 0.00303065
604 0.00302743
512 0.00302451
2036 0.00302439
340 0.00302343
923 0.0030224
669 0.00302167
1908 0.00302094
2727 0.00301918
2672 0.00301912
1161 0.00301795
1125 0.00301725
3042 0.00301707
3316 0.00301603
3349 0.00301473
352 0.00301405
1625 0.00301182
1619 0.00301113
3317 0.00300974
1173 0.00300944
3124 0.00300917
3377 0.00300866
2467 0.00300805
2702 0.00300723
987 0.00300466
1924 0.00300232
1281 0.00300212
3834 0.00300204
3190 0.00300025
2996 0.00300022
2948 0.00299961
3422 0.00299857
971 0.00299806
2300 0.00299715
1121 0.00299709
1704 0.00299639
1015 0.00299573
3890 0.00299398
1842 0.00299243
1214 0.0029924
1115 0.00299233
487 0.00299179
3922 0.00298974
3413 0.00298734
1370 0.00298613
3041 0.00298599
2914 0.00298289
2261 0.00298257
2230 0.00298139
2907 0.002981
1699 0.00297892
1419 0.00297881
3973 0.00297751
3167 0.00297636
2708 0.00297566
2246 0.00297406
3843 0.00297202
1190 0.00297029
2042 0.00297007
2977 0.00297007
1520 0.00296881
2162 0.00296876
966 0.00296794
2475 0.00296755
1267 0.00296582
2165 0.00296518
1446 0.00296502
1357 0.00296486
2085 0.00295818
2484 0.00295812
936 0.00295516
2673 0.00295426
2508 0.00295414
1217 0.00295169
1970 0.00294871
1752 0.00294831
3832 0.00294807
1849 0.00294806
1675 0.00294716
1005 0.00294411
3097 0.0029391
880 0.0029363
2077 0.0029362
2623 0.00293573
1035 0.00293465
2533 0.00293458
2425 0.00293205
1608 0.00292907
1850 0.0029287
2161 0.00292781
1744 0.00292703
1487 0.00292644
1600 0.0029264
660 0.00292627
2056 0.00292378
3399 0.00292107
1721 0.0029207
425 0.00291763
1374 0.00291729
683 0.00291584
536 0.00291309
2735 0.00291197
1617 0.0029113
3209 0.00291114
915 0.00290908
2016 0.00290646
1932 0.00290612
1438 0.00290485
471 0.00290267
511 0.00290027
3431 0.00290017
1372 0.00289959
3143 0.00289885
3144 0.00289862
1940 0.00289537
1848 0.00289465
2273 0.00289084
2237 0.00289029
2566 0.00288956
3173 0.00288949
2976 0.0028861
482 0.00288606
2506 0.00288472
2514 0.00288411
2712 0.00288365
3208 0.00287967
960 0.00287829
235 0.00287829
3681 0.00287683
2770 0.00287583
2436 0.00287562
1324 0.00287544
947 0.00287293
1465 0.00287219
1939 0.00287093
2603 0.00287001
1416 0.00286988
900 0.00286691
667 0.00286597
2588 0.00286482
3205 0.0028645
3018 0.00286342
3430 0.00285892
3225 0.00285769
2329 0.00285757
1953 0.00285751
2148 0.00285749
4024 0.00285742
4022 0.00285742
4010 0.00285741
4008 0.00285741
3984 0.00285741
4015 0.00285741
4035 0.00285741
1925 0.00285306
3294 0.00285282
1778 0.00285282
2594 0.0028523
2964 0.00285176
3328 0.00285141
2438 0.00285136
1172 0.00284664
1543 0.00284656
2254 0.00284628
495 0.00284586
1955 0.00284471
721 0.00284409
1677 0.00284156
1083 0.00284044
3415 0.00283749
1773 0.00283453
1311 0.00283368
1845 0.00283329
1563 0.0028328
1949 0.00282975
1597 0.00282812
1740 0.00282716
1464 0.00282675
2516 0.00282636
2046 0.00282613
2961 0.00282518
3304 0.00282515
1633 0.00282462
3030 0.00282335
2232 0.00282021
2968 0.0028199
3171 0.00281938
1246 0.0028193
1649 0.0028191
2158 0.0028185
3228 0.00281831
1291 0.00281827
1062 0.0028179
1578 0.00281624
1965 0.00281464
2235 0.00281136
1094 0.0028106
3520 0.00280965
405 0.00280919
1514 0.0028087
491 0.00280737
2751 0.00280433
1728 0.00280156
79 0.00279938
3068 0.00279428
735 0.00279215
967 0.00279161
494 0.00279041
1409 0.00279035
2128 0.00279009
1735 0.00278769
953 0.00278731
1781 0.00278437
2685 0.00278397
3050 0.00278285
1305 0.00277728
969 0.00277659
2797 0.00277629
1191 0.00277201
2953 0.00277107
1342 0.00277035
2512 0.00277002
3186 0.00276836
2135 0.00276823
1243 0.0027671
3075 0.00276678
1861 0.00276215
2941 0.00276214
1512 0.00276046
1048 0.00276034
1712 0.00275672
962 0.00275481
1906 0.0027527
2418 0.00275182
2101 0.00275154
1898 0.00274959
1635 0.00274613
3156 0.00274428
2844 0.00274316
989 0.00274222
2296 0.00274094
1864 0.00273997
2631 0.00273974
3100 0.00273875
3194 0.00273748
2191 0.00273722
558 0.00273704
2517 0.00273495
526 0.0027349
1527 0.00273267
3388 0.00273206
1301 0.0027316
221 0.00273132
1205 0.00273099
2759 0.0027287
2209 0.00272843
1884 0.00272729
2923 0.00272576
2098 0.00272529
449 0.00271857
3889 0.00271836
2783 0.00271743
3069 0.00271649
1801 0.00271576
1392 0.00271453
2684 0.00271294
1741 0.00271016
1789 0.0027091
1886 0.00270908
1029 0.00270424
2242 0.00270323
2189 0.00270057
1170 0.00270054
1183 0.00269979
1483 0.0026996
2579 0.00269941
1001 0.00269781
2967 0.00269767
614 0.00269668
2134 0.00269576
3296 0.00269481
1762 0.00269445
2002 0.00269334
1302 0.00269289
3250 0.00268987
973 0.00268608
3270 0.00268505
2477 0.00268372
3203 0.00268235
338 0.00268226
3390 0.00267358
2151 0.00267243
1508 0.00267191
1810 0.00267075
1916 0.00267067
488 0.00266848
978 0.00266764
921 0.00266728
3016 0.00266625
1058 0.00266585
1901 0.00266537
2701 0.00266348
3313 0.00266311
2825 0.00265886
3260 0.00265835
1767 0.002656
1503 0.00265539
2952 0.00265475
1408 0.00265413
1950 0.00265334
1881 0.00265281
2222 0.00265167
1163 0.00265086
2396 0.00265007
3262 0.00264956
3148 0.00264948
2267 0.00264936
2552 0.00264774
3755 0.00264586
2850 0.00264583
2010 0.00264285
1327 0.0026416
1149 0.0026384
1369 0.00263729
2399 0.00263698
2226 0.00263496
2306 0.0026343
1606 0.00263116
1530 0.00263024
3461 0.00262984
2130 0.00262807
1271 0.00262755
1826 0.00262711
1316 0.00262692
2819 0.00262314
1674 0.00262241
1288 0.00262126
1623 0.00262053
3286 0.00261831
2368 0.00261784
2480 0.00261764
1339 0.00261415
997 0.00261351
1077 0.00261221
1024 0.00260718
3736 0.00260218
649 0.00260152
2345 0.00259905
3494 0.00259585
451 0.00259514
1156 0.00259486
1480 0.0025946
1637 0.00259298
2062 0.00259157
2080 0.00259058
3796 0.00258897
426 0.00258788
2637 0.00258663
2744 0.00258594
3337 0.0025837
2563 0.00258351
699 0.00257988
913 0.00257793
1294 0.00257738
420 0.00257651
10 0.00257634
1688 0.00257325
2066 0.00256871
2762 0.00256391
2895 0.00256329
2768 0.00256016
1429 0.00255801
1590 0.00255639
502 0.00255552
968 0.00255482
1003 0.00255351
2443 0.0025533
1344 0.00255237
933 0.00255025
2501 0.00255024
2388 0.0025498
1449 0.00254811
2304 0.00253874
2589 0.00253299
2478 0.00253195
1296 0.00253178
1643 0.00253055
2499 0.00253041
3067 0.00252907
1595 0.00252595
2938 0.00252585
1444 0.00252564
986 0.00252447
2794 0.0025235
279 0.00252145
965 0.00252012
3978 0.00251999
1685 0.00251915
2472 0.00251857
485 0.0025138
2532 0.00251341
2987 0.00251319
3689 0.00250893
2525 0.0025083
2489 0.002506
3159 0.0025054
3276 0.00250509
1242 0.00249961
2144 0.00249931
1638 0.0024985
1350 0.00249835
2012 0.00249751
3492 0.00249701
1440 0.0024962
3373 0.00249085
2747 0.00248856
1044 0.00248837
3404 0.00248655
2830 0.00248379
919 0.00248272
2029 0.00248218
2008 0.00248061
2847 0.00247766
3165 0.00247765
2366 0.00247626
2420 0.00247598
2984 0.00247212
2574 0.00247143
2099 0.00246853
2814 0.00246771
1008 0.00245764
1605 0.00245734
2343 0.00245624
1081 0.0024554
2213 0.00245445
2981 0.00245157
1540 0.00245072
3788 0.00244797
3043 0.00244653
1561 0.00244534
2026 0.00244474
1609 0.00244453
535 0.0024423
1359 0.00244163
3007 0.00244043
3189 0.00244025
2060 0.00243956
982 0.00243763
1930 0.00243738
3795 0.00243442
1412 0.00243383
562 0.00243107
1869 0.002431
2264 0.00242926
940 0.00242799
1492 0.00242079
3393 0.00241969
3340 0.00241105
1334 0.00241014
2141 0.00240684
1713 0.00240431
995 0.00240355
1038 0.00240351
1093 0.00240334
2705 0.00240297
3379 0.00240149
3457 0.00239895
2243 0.00239676
2980 0.0023953
1160 0.00239156
1300 0.00239136
2014 0.00238835
2272 0.00238614
3160 0.00238602
1313 0.00238233
1181 0.0023814
3110 0.00238044
1897 0.00237925
3058 0.00237051
1819 0.00236991
1451 0.00236383
375 0.00236058
2417 0.00235902
2315 0.00235826
416 0.00235752
3215 0.0023574
316 0.00235668
2687 0.00235515
1818 0.0023535
2790 0.00235038
1795 0.0023485
1128 0.00234772
1290 0.00234217
2362 0.00234168
3243 0.00234115
446 0.00234001
3292 0.00233615
3254 0.00233463
1981 0.00233096
2653 0.00233032
3414 0.00232673
2557 0.00232647
2221 0.0023263
2845 0.00232335
1526 0.00232315
3315 0.00232293
1727 0.00232069
2947 0.00231781
1388 0.00231669
920 0.00231665
1592 0.00231354
2259 0.00231337
530 0.0023092
138 0.00230684
1679 0.00230402
2591 0.00230227
1678 0.00230062
1380 0.00229828
3409 0.00228912
1244 0.00228522
540 0.00228258
2367 0.00228094
1247 0.00228027
1272 0.00227898
1418 0.00227889
2445 0.00227674
905 0.00227673
2270 0.00227645
2990 0.00227645
2390 0.00227537
2179 0.00227406
2389 0.00227248
1049 0.00226995
3603 0.00226976
1422 0.00226695
3589 0.00226621
1346 0.00226516
1580 0.00226345
541 0.00226276
976 0.00225853
3359 0.00225821
2882 0.00225809
1870 0.002257
1455 0.00225566
2003 0.00225547
1026 0.00225466
2908 0.00225239
2385 0.00225114
2652 0.00225113
3161 0.00224957
2280 0.00224886
191 0.00224566
2641 0.00224522
1280 0.0022452
3582 0.00224259
60 0.0022409
1863 0.00224061
1639 0.0022405
2164 0.00223881
3109 0.00223862
897 0.00223556
2737 0.0022347
2612 0.00222785
1790 0.00222489
3352 0.00222436
1123 0.00222164
1659 0.00222118
593 0.0022206
3319 0.00222027
1042 0.00221846
1738 0.00221715
2733 0.00221663
2155 0.00221227
2707 0.0022076
2554 0.00220721
998 0.00220711
1865 0.0022071
3039 0.0022047
1470 0.00220355
1025 0.00220344
1312 0.00220187
2736 0.002201
2891 0.00220082
2075 0.00220035
1875 0.00219896
1198 0.00219714
1075 0.00219618
3552 0.00219324
2462 0.00219273
3093 0.002191
2391 0.00219008
1753 0.00218919
3326 0.00218898
1209 0.00218863
906 0.00218862
2859 0.00218785
2210 0.00217985
1040 0.00217751
1852 0.00217675
3249 0.00217484
440 0.00217428
1652 0.0021738
952 0.00217328
1375 0.00217274
2801 0.00217236
1817 0.00216962
1523 0.00216848
1381 0.002168
1737 0.00216511
1289 0.00216461
3024 0.00216429
267 0.00216278
1489 0.00215882
3358 0.00215879
3306 0.00215873
2479 0.00215775
3688 0.00215757
1110 0.00215703
3959 0.00215424
1764 0.00215415
569 0.00215356
2965 0.00215032
1907 0.00215024
601 0.00214805
2407 0.00214784
2392 0.00213655
3133 0.00213549
1632 0.00213466
914 0.00213171
3289 0.00213084
1435 0.0021272
2995 0.00212498
1323 0.00212344
1722 0.00212019
1644 0.00212011
1405 0.00211381
2110 0.00211338
2182 0.00211279
1461 0.00211168
3044 0.00210768
3421 0.00210204
1095 0.0021005
3163 0.00209935
3170 0.00209722
2415 0.00209655
1538 0.00209613
2473 0.00209502
1575 0.00209485
1963 0.00209446
2353 0.00209391
1765 0.00208908
2312 0.00208604
565 0.00208346
2166 0.00208318
999 0.00208136
1207 0.0020804
2531 0.00207827
3357 0.00207745
1653 0.00207721
2465 0.00207297
1528 0.00207258
1989 0.00207002
1913 0.00206787
1400 0.00206533
3334 0.00206347
1571 0.00205814
3380 0.00205523
1402 0.00205443
1994 0.00205131
1539 0.00204989
3009 0.00204978
1745 0.00204932
3151 0.00204929
934 0.00204903
1354 0.00204744
1501 0.00204727
927 0.00204696
3732 0.00204486
2971 0.00204403
2883 0.0020438
2413 0.00204319
3942 0.00204257
2876 0.00204183
2429 0.00203829
3199 0.00203677
3217 0.00203578
1982 0.0020328
2452 0.00203144
2529 0.00203058
1481 0.00203
1241 0.0020297
1385 0.00202577
2900 0.00202131
3015 0.00201937
2215 0.0020175
932 0.00201424
1056 0.00201384
2355 0.00201361
983 0.00201024
2752 0.00200981
1436 0.00200951
1780 0.00200946
2545 0.00200809
2723 0.00200285
1223 0.0020019
1012 0.00200147
1891 0.00200049
1602 0.00199551
208 0.00198242
3429 0.00197662
3197 0.00197177
2400 0.00196984
1782 0.00196221
2387 0.00196205
1130 0.00195936
2092 0.00195899
3418 0.0019583
2878 0.00195483
2186 0.00195342
2058 0.00195303
1614 0.00195263
1796 0.00194331
1047 0.00194104
2013 0.00194103
2379 0.00194031
3712 0.00193971
3088 0.00193701
2198 0.00193295
3575 0.00192691
1140 0.0019249
3305 0.00192389
676 0.00192197
63 0.00192059
1286 0.00191942
3281 0.00191895
1535 0.00191805
2502 0.00191793
1285 0.00191717
1498 0.00191384
3210 0.00191075
3175 0.00190912
1513 0.00190361
2285 0.00189547
3865 0.00189498
1437 0.00189303
1340 0.00189276
1135 0.00188897
2274 0.00188822
1065 0.00188249
1220 0.00188025
1182 0.00187412
521 0.00187342
2816 0.0018725
1885 0.00187231
854 0.00186214
1724 0.00186202
994 0.0018477
1877 0.00184348
1028 0.00184329
2136 0.00183561
1457 0.00183534
2917 0.00182971
1811 0.00182224
1351 0.00182005
250 0.00181918
3192 0.00181584
1074 0.00181361
2606 0.00181269
744 0.00180489
2067 0.00180467
1772 0.0018046
1007 0.00179739
922 0.00178565
1112 0.00178149
2019 0.00178054
1846 0.00178027
959 0.00177876
2055 0.00176719
1631 0.00176597
1287 0.00176495
2942 0.00175975
1646 0.00175289
2547 0.00175238
183 0.00175179
1393 0.00175172
2293 0.00175008
1579 0.001748
2262 0.001744
1942 0.00174365
2518 0.00174359
1851 0.00173957
1754 0.00172989
3367 0.00172496
1774 0.00172379
2057 0.00172252
1201 0.0017143
2147 0.00171382
935 0.00170142
2449 0.0016999
2609 0.00169914
2330 0.00169614
1830 0.00169445
2584 0.00168937
164 0.0016798
2234 0.00167856
3686 0.00167782
1490 0.00167205
2432 0.00167043
2287 0.00166828
305 0.00166476
2695 0.00166352
1054 0.00166228
1458 0.00165557
1336 0.00164978
1883 0.00164921
1542 0.00163998
1460 0.00163481
442 0.00163279
1519 0.00163054
851 0.00162861
1031 0.00162535
3436 0.00162232
1734 0.00161916
3467 0.00161712
1195 0.00161555
1364 0.00161081
2804 0.00161059
2393 0.00161048
1832 0.00160859
336 0.00160338
1485 0.00160215
2714 0.0015992
1853 0.00159863
3092 0.0015904
2310 0.00158771
1219 0.0015862
629 0.00158302
2536 0.00158102
2580 0.00157634
2096 0.00157622
1558 0.00157424
2476 0.00156842
1805 0.00156619
1034 0.00156477
371 0.00155409
2298 0.00155327
1092 0.00155145
448 0.0015479
1658 0.00154635
1572 0.0015432
1855 0.00154256
2239 0.00154052
750 0.00154003
1521 0.00153765
648 0.00152832
1152 0.00152124
3375 0.00151971
1068 0.00151561
2998 0.0015113
1103 0.00150704
1618 0.00150439
1987 0.0015018
1151 0.00149311
2576 0.00148672
1398 0.00148537
3955 0.00147613
2519 0.00147388
390 0.00145553
2137 0.00144565
2746 0.00144555
2704 0.00144007
2740 0.00144006
2205 0.00143981
1900 0.00143694
2811 0.00142989
1196 0.00142919
1389 0.00142884
3112 0.00141313
2350 0.00141274
1697 0.00141219
1723 0.0014061
1278 0.0014053
2311 0.00140358
34 0.00139349
1293 0.00139136
2303 0.0013795
2571 0.00137916
2692 0.00136488
2288 0.00136321
1532 0.00135941
1397 0.001359
1510 0.00135452
945 0.00134868
1836 0.00134567
1180 0.00133532
671 0.00132995
1843 0.00132635
1407 0.00132408
2258 0.00132404
1091 0.00132001
1524 0.00131548
1143 0.00131289
3323 0.00130936
2454 0.00130897
2963 0.00130795
1365 0.00129684
1777 0.00129647
1069 0.00129567
2048 0.00129481
2044 0.00129446
2568 0.0012802
288 0.00127599
1506 0.001272
1265 0.00126879
3704 0.00126686
2530 0.00126161
1484 0.00125796
926 0.00125754
2163 0.00125529
3202 0.00124746
2544 0.00124725
1769 0.00124544
3370 0.00124133
1952 0.00123934
1887 0.00122229
3879 0.0012073
3854 0.00120729
1517 0.0012067
365 0.00120344
2219 0.00120322
2802 0.00119526
1063 0.00119445
972 0.00119063
875 0.00118997
892 0.00118997
891 0.00118996
883 0.00118996
2852 0.00118092
3235 0.00117647
1856 0.0011456
2635 0.0011449
2493 0.00114249
2295 0.00112548
3597 0.00112182
2605 0.00111965
2177 0.00111265
1430 0.00111029
1411 0.00110438
1116 0.00110207
1771 0.0011012
2305 0.00109842
2427 0.00108224
1700 0.00107608
1039 0.00107512
3765 0.00107171
1263 0.00106642
385 0.00106546
1147 0.00105468
2252 0.00104457
2572 0.00104389
1022 0.00104096
1401 0.00104085
2065 0.00103958
1084 0.00103532
1556 0.0010265
2185 0.00102302
1710 0.00101775
907 0.00101234
125 0.0010084
3094 0.00100178
1414 0.000997553
571 0.000992604
2249 0.000985405
2383 0.000981316
1164 0.000973665
2496 0.000957805
1821 0.000953016
2208 0.000941622
2613 0.000925421
153 0.000924473
2175 0.000915441
2380 0.000912238
207 0.00090804
3928 0.000900827
2522 0.000897198
2021 0.000888379
652 0.000877701
673 0.000877691
3408 0.000844218
3134 0.000840159
610 0.000819059
1362 0.000799122
2798 0.000792709
1874 0.000788434
2599 0.000787557
234 0.000765603
2855 0.000751383
2860 0.000742646
1439 0.000730366
1775 0.000679351
1395 0.00067277
860 0.000641873
2722 0.000632051
1239 0.000619156
1233 0.000609488
656 0.000607514
3125 0.000568807
2524 0.000521505
801 0.000518831
692 0.000518823
1463 0.000500367
3282 0.000495694
1969 0.000493306
1417 0.00047404
613 0.000428936
668 0.000428936
608 0.000428934
607 0.000428933
674 0.000428933
624 0.000428933
602 0.000428933
585 0.000428929
638 0.000428926
1755 0.000399585
1651 0.000376058
1690 0.000366777
1967 0.000341931
2442 0.000333822
3006 0.000331165
1176 0.000325779
335 0.000296144
15 0.000296138
12 0.000296136
215 0.000296136
18 0.000296135
11 0.000296135
43 0.000296135
287 0.000296133
209 0.000296132
292 0.00029613
74 0.000296129
210 0.000296127
37 0.000296127
114 0.000296127
358 0.000296074
447 0.000296059
550 0.000296057
1276 0.000235572
1262 0.000184
3798 0.00017229
3709 0.000172279
3451 0.000172278
3974 0.000172276
3650 0.000172273
3820 0.00017227
3729 0.00017227
3570 0.00017227
3853 0.000172268
3453 0.000172268
3856 0.000172267
3748 0.000172265
3935 0.000172263
3230 9.16888e-05
3031 9.16888e-05
2842 9.16888e-05
3183 9.16872e-05
3071 9.16857e-05
2470 8.26285e-05
2596 8.2627e-05
2457 8.26238e-05
2569 8.26206e-05
2269 8.26206e-05
2195 8.2619e-05
2079 8.2619e-05
1386 6.27137e-05
1096 6.27137e-05
918 6.27121e-05
1119 6.27089e-05
1145 6.27057e-05
1581 6.27057e-05
1206 6.27041e-05
1466 6.27025e-05
1834 6.2701e-05
1560 6.26994e-05
911 6.26931e-05
