3980 0.141931
0 0.0705577
885 0.0619915
4025 0.0618083
4007 0.0618083
3990 0.0618083
4016 0.0618083
698 0.0571651
179 0.0570006
3127 0.0552372
2774 0.0552372
3074 0.0552372
3055 0.0552372
3437 0.0549268
867 0.0546645
8 0.0544016
259 0.0544016
91 0.0544016
870 0.0538392
881 0.0538175
49 0.0518274
3037 0.0512852
2792 0.0512852
2691 0.0512852
4030 0.0504245
776 0.0500552
4023 0.0498561
532 0.0489428
2732 0.0479377
3181 0.0479376
3180 0.0479376
2930 0.0479376
3131 0.0479376
181 0.0477288
275 0.0477288
4 0.0477287
686 0.0476771
874 0.0476665
872 0.0476665
564 0.0472783
879 0.0472274
1890 0.0467099
4027 0.0466482
319 0.0465909
89 0.0465909
895 0.0463987
364 0.0460504
3998 0.046
3251 0.0457834
2421 0.0451685
3147 0.0448015
2817 0.0448015
4029 0.0447981
3987 0.0447981
4012 0.0447981
4001 0.0447981
218 0.0443238
78 0.0443238
306 0.0443237
273 0.0443237
195 0.0443237
328 0.0443236
192 0.0442704
219 0.0441011
3999 0.0440407
871 0.0439655
1002 0.0438946
1105 0.0438945
453 0.0437213
3200 0.0434751
4031 0.043223
198 0.0429428
2861 0.0424542
4017 0.0424529
95 0.0424123
3616 0.0424096
143 0.0422262
757 0.0421126
399 0.0416786
441 0.0416786
501 0.0416786
2902 0.0415092
3372 0.0415092
4000 0.0412426
3982 0.041197
3141 0.0410989
866 0.0410586
147 0.0409123
6 0.0409123
1046 0.0408998
1586 0.0408998
2595 0.0407805
2483 0.0407805
175 0.0407069
230 0.0406776
642 0.0403534
581 0.0403534
852 0.0403434
855 0.0403434
717 0.0403434
873 0.0400067
887 0.0400067
33 0.0396795
233 0.0396795
244 0.0396794
42 0.0396794
256 0.0396794
282 0.0396794
227 0.039524
1194 0.0394883
3846 0.0393638
3746 0.0393638
3268 0.039188
3407 0.039188
312 0.0388858
858 0.0388621
3789 0.0386306
437 0.038559
3799 0.0384901
2487 0.0383533
2281 0.0383533
3053 0.0380719
3439 0.0380539
3638 0.038038
2527 0.0379546
3994 0.037756
99 0.0376422
182 0.0371934
3725 0.0367501
3743 0.03675
3538 0.0367028
3989 0.0367001
177 0.0365643
3546 0.0363935
3720 0.0358922
3997 0.0358895
2535 0.0358058
3679 0.035804
3986 0.0357126
393 0.0357043
1208 0.0356961
4014 0.035488
110 0.0352048
264 0.0352048
3122 0.0351538
3354 0.0351537
3218 0.0351537
4004 0.0351328
3868 0.0349338
81 0.0347958
414 0.0347947
4021 0.0347685
3662 0.0345742
2437 0.0344965
3105 0.0343594
3996 0.0343141
4009 0.0342468
2106 0.0341404
4038 0.033971
278 0.0339701
2670 0.0339359
23 0.0339269
884 0.0337821
348 0.0337216
3995 0.0337048
894 0.0335269
1240 0.0334354
171 0.0334084
1202 0.0333688
19 0.0333193
3473 0.0330853
1627 0.0330221
1027 0.0330221
41 0.0329955
732 0.0328956
2094 0.0328215
3318 0.0328165
225 0.032769
3490 0.0327142
3628 0.0325386
3751 0.0325161
174 0.0323887
3932 0.0323567
193 0.0322569
386 0.0321073
4020 0.0320504
2703 0.0320435
889 0.0318992
864 0.0318768
115 0.0318415
2799 0.0317749
798 0.0315935
3271 0.0315846
3918 0.0315773
3536 0.0313118
3923 0.0312489
4026 0.0311444
1684 0.0311058
3325 0.0311006
476 0.0310674
2558 0.0310332
3549 0.0308614
863 0.0308117
876 0.0308116
2959 0.0307969
3949 0.0307811
3981 0.0307743
1499 0.0306115
157 0.0305812
137 0.0305764
3382 0.0305313
806 0.0304826
2972 0.0303721
3624 0.0303105
3742 0.0299991
3774 0.0299859
2245 0.0299749
1030 0.0297008
2301 0.0296884
583 0.0296696
3813 0.0295475
3864 0.0295474
3911 0.0295474
3700 0.0295474
3669 0.0295474
351 0.0295062
3898 0.0294717
3917 0.0294589
3613 0.0293856
3562 0.0293856
3479 0.0293855
3649 0.0293855
3883 0.0293855
3695 0.0293855
3739 0.0293719
3912 0.0292576
3309 0.0292127
3283 0.029171
310 0.0291055
3314 0.0291048
729 0.0290709
326 0.028978
839 0.0289617
714 0.0288746
68 0.0288172
90 0.0287261
145 0.0287261
3008 0.0287255
3985 0.0287239
2879 0.0287211
643 0.0286829
661 0.0286827
600 0.0286827
833 0.0286672
3571 0.028657
1956 0.0286483
4002 0.028634
615 0.0286147
3423 0.028583
662 0.0285446
343 0.0285413
627 0.0284983
578 0.0284982
659 0.0284982
658 0.0284981
3502 0.0284692
3988 0.0283712
4019 0.0283559
1368 0.0281872
955 0.0281872
2949 0.0281837
3836 0.0281543
3861 0.0281501
356 0.027991
3993 0.0279795
1138 0.0278529
3716 0.0277354
878 0.0277077
3757 0.0277073
3701 0.0277001
681 0.0275277
3595 0.0275148
599 0.0274624
640 0.0274248
3874 0.0274243
675 0.0274186
3567 0.0274139
3516 0.0274018
3523 0.0274013
3481 0.0274013
670 0.0273434
3894 0.027276
904 0.0272729
1889 0.0271663
2982 0.0270651
111 0.0270221
301 0.0269871
1776 0.0269412
910 0.0269412
1657 0.0269411
3849 0.0269383
3444 0.0269383
2886 0.0268729
2889 0.0268622
3933 0.0268424
337 0.0267429
3647 0.026696
411 0.0266886
3954 0.0266883
3759 0.0266755
58 0.0265889
3487 0.0265553
3801 0.0265429
3581 0.0265393
327 0.0264942
1071 0.0264887
1253 0.0264886
979 0.0264834
3957 0.0264712
383 0.026419
632 0.0264123
650 0.0263762
3446 0.0263009
3887 0.0262941
464 0.0262615
577 0.0262457
3513 0.0261998
20 0.0261956
822 0.0260558
3530 0.0260155
263 0.0260136
296 0.0260136
286 0.0259893
401 0.0258443
771 0.0258075
253 0.0258062
97 0.0258062
3819 0.0258045
1788 0.0257957
592 0.0257952
201 0.0257933
3500 0.0257822
3657 0.0257715
893 0.0257412
886 0.0257237
3465 0.0257162
3579 0.0257161
167 0.0256896
116 0.0255793
3587 0.0255666
4013 0.0255447
3787 0.025521
3892 0.0254954
149 0.0254749
3551 0.0254258
877 0.0254253
2034 0.0254111
804 0.0253978
3126 0.0253653
3322 0.0253652
243 0.0253526
1111 0.0253315
3863 0.0253245
1043 0.025294
3749 0.0252547
582 0.0252523
3837 0.0252331
3791 0.0251135
377 0.0250917
2776 0.0250735
214 0.0250455
47 0.0250264
1218 0.0250219
1016 0.0250179
1403 0.0250179
2204 0.0249992
2017 0.0249746
3580 0.0249002
467 0.0248514
572 0.0248514
579 0.0248508
3963 0.0248063
3128 0.0248018
3478 0.0247698
3885 0.0247603
3519 0.0247549
4018 0.0247223
1224 0.0246733
3675 0.0246013
861 0.0245986
3066 0.0245936
107 0.0245525
3776 0.0244044
2168 0.0243894
3489 0.024389
3676 0.024389
635 0.0243548
2699 0.024279
888 0.024215
3216 0.0242041
1693 0.0241515
2650 0.0241453
3708 0.0241341
818 0.0241183
498 0.0240729
909 0.0240361
3975 0.0240198
4036 0.0240122
3920 0.0240103
226 0.023986
2167 0.0239487
93 0.0239332
552 0.0239025
384 0.0239025
14 0.0238802
856 0.0238567
3727 0.0237549
3747 0.0237342
3541 0.0237201
4005 0.0237197
131 0.0236898
789 0.0236616
3830 0.0236089
956 0.0235342
3476 0.0235111
3652 0.0234714
2456 0.0234114
712 0.0233932
3594 0.0233812
3665 0.0233667
3442 0.0233532
3960 0.023304
245 0.0231321
595 0.0231182
144 0.0231124
3919 0.0230286
3639 0.0230286
4028 0.0230256
3655 0.023012
3696 0.0229492
173 0.0229045
3745 0.0228922
573 0.0227921
1177 0.0227818
3336 0.0226549
4011 0.0224684
32 0.022459
3723 0.022414
2349 0.0223332
3682 0.0222742
665 0.0222718
594 0.0222259
3544 0.0222121
102 0.0222074
2439 0.0221227
127 0.0220996
197 0.0220682
28 0.0220564
2486 0.0220552
882 0.0220423
2170 0.0219792
3455 0.0219589
320 0.021927
3857 0.0218872
2983 0.0217917
647 0.0217849
284 0.0217565
281 0.0217332
3961 0.0216837
184 0.0216798
1254 0.0216404
71 0.0216221
2721 0.0216052
3091 0.0216052
2671 0.0216052
2824 0.0216052
2320 0.0216035
2926 0.0215529
2444 0.0215024
3504 0.0214376
251 0.0213057
3925 0.0213017
3897 0.0212799
3610 0.0212513
346 0.0212461
828 0.021237
255 0.0211961
241 0.021196
155 0.021141
36 0.0211408
3806 0.0211265
702 0.0210835
782 0.0210152
3967 0.0210022
912 0.0209809
736 0.0209452
307 0.0209434
3401 0.0209431
3376 0.020943
3847 0.0209155
2076 0.0208875
899 0.0208572
630 0.0208533
3809 0.0208306
1607 0.0208198
92 0.0207712
749 0.0207206
775 0.0207205
1992 0.0207059
3531 0.020677
3521 0.0206515
768 0.0206404
825 0.0205777
707 0.0205768
3028 0.0205341
100 0.0204899
2313 0.0204629
654 0.020457
3606 0.0204094
713 0.0203892
2805 0.0203679
2528 0.0203336
3629 0.0203257
3311 0.0203218
454 0.0202966
2450 0.0202845
2217 0.0202661
2263 0.0202531
3905 0.0202409
1988 0.0201689
53 0.0201205
1837 0.0200782
3083 0.0200705
3783 0.0200364
3844 0.0200053
1097 0.0199735
1045 0.0199512
86 0.0199335
1733 0.0199074
1912 0.0198774
3599 0.0198733
1197 0.0198504
3921 0.0197913
101 0.0197893
3848 0.019761
249 0.0197347
3427 0.0197311
3338 0.019731
135 0.0196673
309 0.0196673
3585 0.0196646
689 0.0196587
616 0.0196553
705 0.0195751
2565 0.0195724
1996 0.0195724
1548 0.0195608
2622 0.0195563
1118 0.0194942
2321 0.019469
617 0.0194489
3908 0.0194228
2207 0.0194202
1895 0.0193819
17 0.0193512
180 0.0193089
266 0.0193042
725 0.019274
3825 0.019251
194 0.0192503
3814 0.0192266
299 0.0192257
3553 0.019147
94 0.0191186
3121 0.0190929
901 0.0190466
2 0.01899
2113 0.0189724
3661 0.0189107
260 0.0189106
25 0.0188695
1798 0.0188526
3991 0.0188333
1216 0.0187981
1838 0.0186776
302 0.018654
112 0.018652
293 0.018652
3637 0.018648
3425 0.0186297
3740 0.0186199
516 0.0184823
254 0.0184701
2513 0.0184523
457 0.0184041
1333 0.0183648
424 0.0183223
242 0.0182689
1442 0.018264
805 0.0182396
767 0.0182162
1452 0.018212
551 0.0181851
333 0.0181607
3775 0.0181095
903 0.0180929
2401 0.0180668
1378 0.0179501
3904 0.0179415
3626 0.0179312
746 0.0179189
486 0.0178959
619 0.0178893
150 0.0178807
3992 0.0178678
3733 0.0178541
3447 0.0178387
1533 0.0178318
680 0.0178315
3690 0.0178265
119 0.0178091
80 0.0178067
1880 0.0178053
3548 0.0178032
140 0.017783
576 0.0177559
554 0.0177459
1468 0.017674
3505 0.0176395
1601 0.0176263
1687 0.0176176
4033 0.0175894
3592 0.0175687
166 0.0175431
2041 0.017526
64 0.0175184
189 0.0175183
963 0.0175144
745 0.0175062
2548 0.0174646
3045 0.0174507
3537 0.0174162
868 0.0174094
865 0.0174093
3728 0.0173981
3506 0.0173905
518 0.0173864
56 0.0173682
2426 0.0173634
187 0.017322
4003 0.0173048
719 0.0173004
3964 0.0172893
3584 0.0172861
791 0.0172691
3812 0.017238
653 0.0172318
46 0.0171965
3508 0.0171851
3477 0.0171297
2838 0.0171101
3003 0.0171101
509 0.0170651
217 0.0170485
3710 0.0170239
24 0.0169789
3867 0.0169579
322 0.0169277
3952 0.0169189
1137 0.0168986
1760 0.016897
204 0.0168927
747 0.016868
3565 0.0168675
618 0.016845
636 0.0168384
1133 0.0168308
124 0.0168262
1808 0.0167863
1787 0.0167685
2515 0.0167512
824 0.0167387
694 0.0167145
152 0.0166811
1822 0.0166645
4037 0.0166424
443 0.0165911
468 0.0165911
3636 0.0165771
678 0.0165731
3744 0.016545
3560 0.016545
3717 0.016545
3691 0.016545
1000 0.0165263
3829 0.0165219
3722 0.0164916
205 0.0164908
52 0.0164908
108 0.0164778
677 0.0163918
271 0.016344
1840 0.0163357
625 0.0163218
472 0.0163172
816 0.0163003
1568 0.0162939
3950 0.0162861
992 0.0162825
162 0.0162737
3713 0.0162631
3945 0.0162476
1961 0.016207
1136 0.0161359
857 0.0161241
2997 0.0161006
330 0.0160949
67 0.016089
3979 0.016054
3793 0.0160472
584 0.0160371
357 0.0160237
3539 0.0159985
2962 0.0159934
3871 0.015973
3529 0.0159489
3596 0.0159411
2933 0.0159337
3738 0.0159046
3063 0.0159024
3835 0.0158951
684 0.0158823
139 0.0158686
628 0.0158576
589 0.0158535
3402 0.0158477
3664 0.0158203
3924 0.015769
369 0.0157636
247 0.0157602
269 0.0157596
823 0.0157376
3464 0.0156965
597 0.0156771
830 0.0156711
1232 0.0156672
3680 0.0156567
1050 0.0156429
3012 0.015613
796 0.0155973
3907 0.0155657
3939 0.0155616
1711 0.0155525
938 0.0155475
1319 0.015527
3590 0.0155244
1307 0.0154954
784 0.0154862
3753 0.0154548
770 0.0154459
781 0.0154186
2621 0.0153985
3698 0.015392
3469 0.0153721
609 0.0153508
2490 0.0153375
3766 0.0153291
277 0.0153275
26 0.0153224
4006 0.0153123
4032 0.0153123
644 0.0152962
697 0.0152866
1896 0.0152693
1057 0.0152634
3593 0.0152319
3641 0.0152228
2788 0.0152173
3466 0.0152169
1493 0.015213
1494 0.0151992
1360 0.0151762
202 0.0151289
21 0.0150756
3290 0.0150734
77 0.0150655
1905 0.0150622
742 0.0150619
220 0.0150616
262 0.0150616
3781 0.0150581
3946 0.0150581
1055 0.0150518
252 0.0150216
339 0.0150166
1705 0.0149662
3752 0.0149605
3545 0.0149436
3875 0.0149348
1555 0.0149334
505 0.0149021
239 0.0149006
703 0.0148943
1797 0.014894
740 0.0148799
1252 0.0148441
603 0.0148232
3850 0.0148062
3566 0.0147918
3443 0.014787
769 0.014766
2255 0.0147541
2885 0.0147394
3906 0.0147356
1648 0.0147241
2808 0.014716
3155 0.0147099
1266 0.0146466
724 0.014641
3823 0.0146342
3808 0.014631
2834 0.0146254
3938 0.0146225
3951 0.0146131
1564 0.0146089
3916 0.0146015
1825 0.0145946
3634 0.0145941
1371 0.0145938
3862 0.0145545
2126 0.0145202
3771 0.0145133
5 0.0144911
832 0.0144906
88 0.0144901
3901 0.014484
1441 0.0144807
720 0.0143962
3659 0.0143888
3617 0.0143669
1144 0.0143514
2156 0.0143422
2412 0.0143313
1174 0.0143283
122 0.014321
51 0.0143201
237 0.0143201
83 0.0143201
1676 0.014276
3758 0.0142707
3460 0.0142116
3445 0.014209
3644 0.0141963
853 0.0141689
7 0.0141554
3300 0.0141362
682 0.0141284
958 0.0140934
9 0.014093
3472 0.0140922
2466 0.0140565
203 0.0140474
3956 0.0140409
827 0.014035
61 0.0140261
3694 0.014026
688 0.0140154
1585 0.0140117
3685 0.0140047
728 0.0139919
1270 0.0139863
1387 0.0139663
380 0.0139401
695 0.0139378
1854 0.0139369
3568 0.0139043
664 0.0138921
3927 0.0138693
3794 0.0138557
623 0.0138299
622 0.0138036
154 0.0137915
3838 0.0137728
283 0.0137664
3888 0.0137477
631 0.0137428
1264 0.0137417
3833 0.0137293
159 0.0137233
1511 0.0137143
2999 0.0137081
2771 0.0136935
3526 0.0136722
1567 0.0136646
3558 0.0136631
3761 0.0136503
499 0.0136482
3756 0.0136411
3711 0.0136351
3368 0.013617
848 0.0136115
3482 0.0135922
3899 0.0135765
200 0.0135664
787 0.0135533
3648 0.0135467
3826 0.013543
1806 0.013516
605 0.0135136
3077 0.0134919
2015 0.0134912
929 0.0134891
1664 0.0134803
786 0.0134721
228 0.0134689
1505 0.0134628
270 0.0134483
1486 0.0134462
3822 0.0134435
151 0.0134337
329 0.013433
1701 0.0134138
2431 0.0133597
908 0.0133314
1433 0.0133079
3486 0.0132996
3684 0.0132993
1314 0.013291
3632 0.01329
611 0.0132805
890 0.0132716
1615 0.0132688
2634 0.013246
842 0.013232
3598 0.0132257
1328 0.013214
3511 0.0132126
1087 0.013211
1562 0.0132048
834 0.0131822
2129 0.0131807
3653 0.0131761
790 0.0131752
3256 0.013156
1064 0.0131376
1317 0.0131252
531 0.0131175
3608 0.0131109
3633 0.0131057
3810 0.0130984
2049 0.0130898
3612 0.0130798
829 0.0130656
800 0.0130618
2505 0.0130534
3554 0.0130111
797 0.0130057
3705 0.0130031
691 0.0129968
1297 0.0129819
3900 0.01297
170 0.012954
3672 0.0129388
3495 0.0129288
76 0.0129214
2935 0.0129154
188 0.0128647
2422 0.0128523
3915 0.0128472
2375 0.0128219
120 0.0128077
381 0.0128065
3619 0.0127905
1356 0.0127696
1642 0.012766
3699 0.0127656
734 0.0127551
304 0.0127358
563 0.0127173
504 0.0127157
3782 0.01271
3061 0.0126818
1212 0.0126672
793 0.0126661
1410 0.0126508
315 0.0126467
280 0.0126382
469 0.0126354
3880 0.012613
802 0.0126089
285 0.0125959
3308 0.0125858
815 0.0125842
2978 0.0125829
3510 0.0125817
820 0.0125813
3405 0.0125809
31 0.0125747
2488 0.0125721
1544 0.0125634
3972 0.0125515
190 0.0125456
1171 0.0125274
3930 0.0125243
3604 0.012523
1363 0.0125219
1831 0.0125155
2361 0.012497
376 0.0124901
3821 0.01249
2335 0.0124856
1747 0.0124855
2734 0.0124808
1960 0.01248
40 0.0124766
685 0.0124476
819 0.0124473
1127 0.0124443
389 0.0124417
1936 0.0124261
199 0.0124257
1629 0.0124163
2364 0.0124142
2173 0.012406
272 0.0124005
869 0.0123948
726 0.0123873
3983 0.0123747
3948 0.0123583
2481 0.0123553
1866 0.0123527
937 0.0123269
2893 0.0123123
261 0.0123013
1157 0.0122966
29 0.0122936
478 0.0122927
633 0.0122854
3611 0.0122818
2171 0.0122679
2357 0.0122665
598 0.0122608
349 0.0122581
1974 0.0122481
3468 0.0122394
1295 0.0122329
1814 0.0122318
739 0.0122198
3804 0.0122192
1937 0.0122108
1053 0.0121911
1910 0.012186
1421 0.0121807
939 0.0121802
1731 0.0121532
2397 0.0121525
3498 0.0121428
48 0.0121409
2614 0.0121311
2152 0.0121245
2236 0.0121243
727 0.0121237
3947 0.0121183
172 0.0121128
708 0.0121025
3677 0.0120826
2651 0.012081
846 0.0120583
1975 0.0120547
3872 0.0120416
3139 0.0120349
3470 0.0120177
2767 0.0120167
82 0.012016
773 0.0120109
803 0.0120064
1951 0.0119854
2317 0.0119841
774 0.011984
3615 0.0119805
3398 0.0119714
2160 0.0119509
361 0.0119463
1162 0.0119427
3441 0.0119391
2789 0.0119383
347 0.0119279
859 0.0119118
1995 0.011904
626 0.0118951
3790 0.0118914
612 0.011889
168 0.0118606
862 0.0118586
118 0.0118501
3779 0.0118495
3266 0.011847
3778 0.0118453
422 0.0118448
196 0.0118446
574 0.0118425
3392 0.0118291
3764 0.011829
3816 0.0118285
1860 0.0118254
2497 0.011824
3564 0.0118137
752 0.0118066
2587 0.0118018
3499 0.0118011
1134 0.0117964
3969 0.0117779
2178 0.0117642
522 0.0117604
2051 0.0117586
3870 0.0117425
849 0.0117309
764 0.0117178
3663 0.0117023
3803 0.011702
3231 0.0116885
2448 0.0116814
1599 0.0116621
811 0.011655
1980 0.011638
3718 0.0116359
98 0.0116301
3643 0.0116292
3671 0.0116259
1472 0.0116222
3851 0.0116092
718 0.0116089
332 0.0115918
3792 0.0115827
3488 0.0115758
766 0.0115624
186 0.0115617
534 0.0115593
3535 0.0115577
3891 0.0115494
313 0.0115483
3640 0.0115449
2411 0.0115419
3602 0.0115376
359 0.0115298
3561 0.011521
1098 0.0115157
324 0.0115086
84 0.0114978
1803 0.011496
3586 0.0114922
3706 0.011491
2724 0.0114879
588 0.0114876
3869 0.0114867
2922 0.0114589
2341 0.0114577
429 0.0114501
1779 0.0114495
753 0.0114425
130 0.0114345
3714 0.0114182
455 0.0114098
780 0.0114051
291 0.011402
795 0.0113951
213 0.0113942
961 0.0113936
3970 0.0113929
621 0.0113845
1304 0.0113796
2286 0.011367
3840 0.011364
3735 0.011362
323 0.0113442
350 0.0113428
406 0.0113368
1325 0.0113163
3483 0.0113112
1588 0.0113102
3533 0.0113059
3768 0.0112971
3 0.0112901
2100 0.0112872
1383 0.011286
738 0.0112651
3569 0.0112576
1654 0.0112487
44 0.0112463
3583 0.0112115
2342 0.0112034
1703 0.0112019
2001 0.0112005
1972 0.0111817
1666 0.0111811
539 0.011164
57 0.0111495
2284 0.0111413
3968 0.0111351
459 0.0111092
3057 0.0111076
2371 0.0110957
3931 0.0110931
1033 0.0110905
758 0.0110814
687 0.0110805
2570 0.0110688
3731 0.0110612
3824 0.0110555
3815 0.0110454
3715 0.0110384
1593 0.0110359
466 0.0110301
785 0.011022
2316 0.0110214
2836 0.0110212
142 0.0110209
533 0.0110207
666 0.0110205
754 0.0110036
2693 0.0110015
3474 0.0109975
755 0.0109751
2453 0.0109712
1085 0.0109702
3953 0.0109679
1274 0.0109677
1478 0.0109671
2107 0.0109594
1394 0.010956
3877 0.0109431
1 0.0109391
129 0.0109246
236 0.0109238
2120 0.0109232
1749 0.0109162
1469 0.0109072
2455 0.0108999
3248 0.0108992
3971 0.0108953
1434 0.0108839
928 0.0108829
169 0.0108794
809 0.0108741
3577 0.0108705
3555 0.0108651
1927 0.0108604
133 0.0108449
1061 0.0108399
2809 0.010839
850 0.0108379
477 0.0108312
2677 0.0108286
3153 0.0107995
3966 0.0107992
2645 0.0107938
3227 0.0107932
663 0.0107828
1186 0.0107806
325 0.0107785
3263 0.0107726
2006 0.0107594
2657 0.0107575
3719 0.010746
575 0.0107229
1640 0.0107076
2620 0.0106889
3532 0.0106831
2365 0.0106621
2534 0.010662
2231 0.0106582
3556 0.0106562
3454 0.0106387
206 0.0106335
817 0.0106257
3903 0.0106195
1990 0.0106071
3269 0.0106031
2091 0.0106014
3576 0.010594
1998 0.0105901
3769 0.0105803
810 0.0105721
3734 0.0105654
2314 0.0105648
733 0.0105639
2663 0.0105609
990 0.0105598
3896 0.0105524
1919 0.0105497
3233 0.010545
1474 0.0105401
1537 0.0105292
3501 0.0105239
3800 0.0105234
3827 0.0105186
3528 0.0105057
3020 0.0104975
3621 0.0104926
3902 0.0104848
1973 0.0104824
483 0.0104649
3456 0.0104625
1566 0.0104512
2248 0.0104268
3601 0.0104194
3449 0.0104139
2441 0.0104046
3645 0.0103885
2837 0.0103862
3327 0.0103841
3842 0.0103809
2503 0.01037
1193 0.0103677
113 0.0103664
2760 0.0103577
3374 0.0103501
2839 0.0103479
412 0.0103332
847 0.0103328
3524 0.0103269
2018 0.0103207
480 0.0103161
1259 0.0102853
3081 0.0102849
1978 0.0102817
799 0.0102757
2061 0.0102756
3802 0.010272
3926 0.010265
2538 0.0102535
96 0.0102488
3514 0.0102423
657 0.0102313
792 0.0102283
397 0.0102244
3625 0.0102168
2146 0.0102069
2851 0.0102067
1725 0.0102048
2640 0.0101971
529 0.0101831
1041 0.0101826
547 0.0101757
109 0.0101659
22 0.0101628
1424 0.0101601
2884 0.0101451
342 0.0101379
3496 0.0101338
3509 0.010133
475 0.0101319
3674 0.0101317
427 0.0101232
3187 0.0101158
211 0.010106
3458 0.0100875
73 0.0100847
1935 0.0100619
3493 0.0100557
3534 0.010055
3737 0.0100501
3072 0.0100501
3866 0.0100483
814 0.0100461
2228 0.0100456
2668 0.0100383
1964 0.0100367
3773 0.0100341
3623 0.0100289
3019 0.0100243
1277 0.010021
3162 0.0100001
896 0.0099995
178 0.00999751
407 0.00999743
3807 0.00999595
788 0.00999371
783 0.00998947
2648 0.00998763
3459 0.00998652
2632 0.00998192
1991 0.00998106
231 0.00997173
696 0.00996516
1696 0.00995892
126 0.00995718
2841 0.00995662
1088 0.00995411
1165 0.00993952
3605 0.00992554
3010 0.00992389
2644 0.00992299
2024 0.00991424
355 0.00990608
2474 0.00990357
3797 0.00989637
3630 0.00989596
2181 0.0098915
3503 0.00989019
3726 0.00988917
2865 0.00988564
3660 0.00988534
3525 0.00988165
3463 0.00988065
3080 0.00986624
3839 0.00986462
3229 0.00986292
3222 0.00984155
2726 0.00983918
1283 0.00983731
163 0.00982712
1784 0.00982133
373 0.00981078
813 0.00980748
1914 0.00979797
1154 0.00979769
1089 0.00979748
3059 0.00979211
2647 0.00978714
3607 0.00978237
470 0.00978209
835 0.00977747
396 0.00977313
1236 0.00977038
3622 0.00974902
117 0.00974287
1922 0.00974096
2159 0.00973966
2022 0.00973531
2238 0.0097286
121 0.00972536
2764 0.00972365
2659 0.00971364
1739 0.00969661
748 0.00968893
2035 0.00968806
760 0.00966947
2202 0.00966852
3363 0.00966187
763 0.00964714
3881 0.00963667
481 0.00963177
596 0.00961878
2378 0.00961099
428 0.00960853
334 0.0095994
104 0.00959425
1909 0.00958697
2440 0.00957956
2820 0.0095772
3412 0.00957246
216 0.00956874
3448 0.00956654
229 0.00956642
3366 0.00956265
1915 0.00955629
3559 0.00955496
1698 0.00954781
679 0.00954767
1719 0.00954735
2791 0.00953162
460 0.00951901
568 0.00951604
2822 0.00951327
1070 0.00950681
2004 0.00950558
3909 0.00950377
1023 0.00949509
3542 0.00948568
2807 0.00948151
620 0.00947995
711 0.00947979
807 0.00944907
3646 0.00944176
2863 0.00944029
779 0.00943848
840 0.00942055
433 0.00941836
2447 0.00941139
3001 0.00940503
321 0.00940142
3130 0.00940129
3295 0.00940047
158 0.00939055
1709 0.00938983
841 0.00938941
2403 0.00937635
265 0.00937001
838 0.00936523
3786 0.00935922
354 0.00935441
372 0.00934932
3772 0.00934835
3591 0.00934728
1672 0.00934269
1268 0.00933697
3673 0.00932166
3702 0.00931802
3518 0.00931796
3090 0.00931085
555 0.00930693
1384 0.00930655
3168 0.00929721
2405 0.00927095
2214 0.00926317
1783 0.00926121
2730 0.00925146
639 0.00925
160 0.00924464
2697 0.00924353
1187 0.00923038
2934 0.0092204
3692 0.00921989
3730 0.00921172
970 0.0092067
70 0.00920646
3207 0.00918613
2382 0.00918412
2541 0.00918409
2618 0.00917465
1977 0.00917224
1667 0.00916776
508 0.00914742
731 0.00914269
2951 0.00914201
156 0.00914069
2577 0.00912497
3635 0.00912317
2754 0.0091069
1234 0.0090995
513 0.00908125
3855 0.00907533
1337 0.00906876
3873 0.00906501
222 0.00906396
1345 0.00905588
2628 0.00905479
3369 0.00905429
2678 0.00904986
1235 0.0090369
3365 0.00903432
777 0.00902989
3095 0.00902289
3860 0.00901515
1104 0.0090114
1583 0.00900851
1453 0.00900444
730 0.008996
701 0.0089849
1178 0.00898486
3540 0.00898395
3965 0.0089768
1634 0.00896992
2583 0.00896749
1459 0.00894927
2265 0.00894623
2089 0.00894187
1829 0.00893943
238 0.00891915
3522 0.00890578
3426 0.00890021
3547 0.00889783
148 0.00889498
3557 0.00888587
917 0.00887313
1546 0.00887212
3721 0.00887184
294 0.00887043
1322 0.00886472
1353 0.00886025
1504 0.00885843
2225 0.00885115
13 0.00884831
2688 0.0088415
553 0.0088355
2633 0.00883109
500 0.00882705
62 0.00881899
303 0.00881232
1536 0.0088034
1338 0.00879615
3914 0.00879453
985 0.00878326
2027 0.00877645
3831 0.00877226
1251 0.00876937
2728 0.00876671
3811 0.00876628
379 0.00876056
489 0.0087591
2116 0.0087419
1248 0.00873443
1200 0.00873275
224 0.0087305
2494 0.00872065
141 0.00871817
2700 0.00871759
1073 0.00871397
3310 0.00870333
185 0.00869922
808 0.0086989
1758 0.00869503
1957 0.00869312
836 0.00869124
3432 0.00868864
1656 0.00868122
289 0.00868093
419 0.00868007
1660 0.00867923
743 0.00867439
1785 0.00866869
2260 0.00866834
2360 0.00866203
974 0.00865309
1770 0.00865012
1275 0.00864773
2656 0.00864599
54 0.00863856
1462 0.0086356
3507 0.00862109
1366 0.00861574
132 0.0086147
2813 0.0086101
1624 0.00860915
3394 0.00860802
1482 0.00860304
3895 0.00860104
510 0.00859897
2047 0.00859692
308 0.00858858
1476 0.0085869
3878 0.00858205
2903 0.00858059
977 0.00857014
1876 0.00854979
3620 0.00854813
474 0.00854346
59 0.00854145
1326 0.00854041
1591 0.00853703
465 0.00853615
3280 0.00851894
2023 0.00851786
3264 0.0085138
3670 0.00851198
3515 0.00851005
2585 0.00849805
2097 0.00849591
2192 0.00849423
3668 0.00849132
845 0.00848475
3910 0.00848323
1759 0.00848039
3937 0.00847963
3278 0.00847405
497 0.0084734
716 0.00846379
1348 0.00846343
3099 0.00846267
1641 0.0084619
3086 0.00846089
2626 0.00845849
1204 0.0084542
2627 0.00845329
3440 0.00844258
778 0.00843577
2193 0.0084352
1743 0.00843371
3241 0.00843209
2297 0.00841872
2011 0.00841246
2899 0.00841002
3707 0.0083966
258 0.00838727
3136 0.00838671
3138 0.00838482
741 0.0083808
1358 0.0083779
3841 0.0083599
3178 0.00835964
2821 0.0083578
3475 0.00835438
3770 0.00835252
1010 0.00835143
3760 0.00835101
2742 0.00834987
1213 0.00834638
543 0.00834457
1131 0.00834418
3693 0.00833655
1786 0.00833604
3221 0.00833482
1415 0.00833407
3154 0.00833339
3805 0.00833336
1545 0.00833322
1531 0.00833005
3886 0.0083208
3320 0.00831556
3087 0.00831318
2966 0.00831044
837 0.00830813
2957 0.00830798
1014 0.00830567
1090 0.00830231
85 0.00830048
3285 0.00829333
3858 0.00829203
2975 0.00828732
3667 0.00828395
924 0.00828259
2979 0.0082801
1507 0.00827756
3687 0.00826592
3214 0.00826094
300 0.00825353
517 0.00825246
3497 0.00824989
3324 0.00824804
1106 0.00824525
257 0.00824314
1792 0.00823596
1192 0.00823403
2944 0.00823236
1628 0.00823011
2277 0.00822289
3244 0.00822185
3420 0.00820893
1308 0.00819515
1534 0.00819091
3428 0.0081907
2710 0.00819057
3962 0.00818968
765 0.00818742
395 0.00818452
3232 0.0081843
1802 0.00817971
3176 0.00817862
1708 0.00817847
2877 0.00816691
567 0.0081669
3383 0.00816326
1150 0.00816068
794 0.0081575
39 0.00814358
3976 0.00814118
3614 0.00814116
38 0.00813979
274 0.00813945
2738 0.00813638
2818 0.00813
3929 0.00812133
1892 0.00812036
709 0.00811027
3941 0.00810851
519 0.00810169
2373 0.00809724
3361 0.00809223
3164 0.00808968
1573 0.00808547
3750 0.0080843
1477 0.00808213
2766 0.0080758
2114 0.0080758
559 0.00807535
991 0.00807467
1931 0.00806765
431 0.00805847
2786 0.0080567
964 0.00805666
331 0.0080566
3958 0.00805384
72 0.00805185
1899 0.00804605
2682 0.00804111
3550 0.00803995
2540 0.00803888
2009 0.00803809
556 0.00803787
3588 0.0080342
3767 0.00802792
561 0.00802293
3084 0.00801316
3397 0.00801124
3893 0.00801057
1650 0.00800823
3329 0.00800315
831 0.0079969
3424 0.00799528
3389 0.00799526
1013 0.00798496
435 0.00797611
2636 0.00797451
2358 0.00797387
1729 0.00797099
370 0.00796328
463 0.00796269
2725 0.00795382
232 0.00795137
4034 0.00793993
3754 0.00793838
996 0.00793595
2256 0.0079354
2157 0.00792544
2843 0.00792158
3651 0.00791869
3543 0.00791552
2829 0.00791254
1052 0.00790981
2346 0.00790732
3246 0.00789832
2639 0.00789457
403 0.00788271
1479 0.00788216
2658 0.00787774
1871 0.00787575
3703 0.00787331
1844 0.00787096
3101 0.00787056
1011 0.00785566
944 0.00785487
2856 0.00785052
1450 0.00784951
1355 0.00784871
1630 0.00784382
930 0.00782764
436 0.00781738
450 0.00781512
2986 0.00781171
3642 0.00780625
1958 0.00780015
2337 0.00779679
3291 0.0077922
2667 0.00779145
432 0.00778762
1742 0.00777782
1159 0.0077747
506 0.00777151
1072 0.00776892
1168 0.00776797
1726 0.00776772
580 0.00776617
3026 0.00776576
3385 0.00776429
1032 0.0077614
128 0.00775217
525 0.00775175
2402 0.0077492
1921 0.00774848
363 0.00774532
3471 0.00774513
546 0.00774412
3876 0.00774263
3082 0.00773181
3275 0.00772866
1594 0.00772572
1904 0.0077194
2459 0.00771878
87 0.00771747
1428 0.00771615
586 0.00770223
2581 0.00769214
2795 0.00769092
3438 0.00768646
1227 0.00768549
1858 0.00768513
1541 0.00768451
413 0.00768437
1847 0.00768291
1596 0.00767541
1496 0.0076691
1976 0.00766771
3002 0.00766668
2719 0.00766398
3137 0.00765809
2870 0.00765691
507 0.00765342
2782 0.00765178
3600 0.0076484
2291 0.00764676
366 0.00764637
3387 0.00764568
3255 0.00764429
367 0.0076325
1670 0.00763059
353 0.00763039
1820 0.00762882
2758 0.00762689
2769 0.00762652
2696 0.00762603
2690 0.00762579
223 0.00762553
362 0.00762224
3303 0.00761944
3884 0.00761611
1203 0.00761602
2660 0.00761513
3413 0.00761031
557 0.0076063
456 0.00760611
240 0.00759831
1934 0.00759809
212 0.00759665
1552 0.00758806
2956 0.00758379
493 0.00758002
1518 0.00757563
3724 0.00757264
2000 0.00757001
3828 0.00756903
2955 0.00756566
2669 0.00755572
2915 0.0075538
3485 0.00755259
1225 0.00755246
2230 0.00755201
3116 0.00755154
1109 0.00754926
246 0.00754914
538 0.00754384
3196 0.00754104
423 0.00753661
1189 0.00753409
1574 0.00753146
2082 0.00752768
2227 0.00751805
408 0.00751294
549 0.00750515
923 0.00750278
3078 0.00750243
3331 0.00749449
2954 0.0074931
2826 0.00749287
1636 0.00748777
1298 0.00748422
248 0.00748359
438 0.00748116
3104 0.00747495
1228 0.00747488
2716 0.0074699
2197 0.00746868
3011 0.0074684
374 0.0074683
3434 0.00746441
942 0.00746165
452 0.00745643
314 0.00745151
1857 0.00743651
2683 0.00743565
1911 0.00743171
2890 0.00742758
2105 0.00742405
2888 0.00741197
987 0.00740603
3627 0.00740478
3371 0.00740366
161 0.00740103
1347 0.00740052
3882 0.00739833
1933 0.00739772
2857 0.00739106
1671 0.00739089
2858 0.00738984
1067 0.00738788
931 0.00738324
3343 0.00737731
3000 0.00737492
2898 0.00737385
3302 0.00737
1549 0.00736922
2679 0.00736748
544 0.00736439
704 0.00736333
2523 0.00735529
3157 0.00734816
2711 0.00734639
2927 0.00734505
2960 0.00734132
400 0.00733441
1261 0.00733125
587 0.00732698
3780 0.00732316
843 0.00732198
2916 0.00732023
3279 0.00731725
2694 0.00731485
1576 0.00731457
1702 0.00731444
3818 0.00731441
1443 0.007309
943 0.00730483
404 0.00730015
1908 0.00730001
3417 0.00729801
317 0.00729638
382 0.00729424
3076 0.00728573
1661 0.00728
3410 0.00727346
1231 0.00727074
2025 0.00726906
2562 0.0072679
1260 0.00726596
1766 0.00726051
1113 0.00724609
3573 0.00724082
3656 0.00724066
3245 0.00723795
2943 0.0072344
2424 0.00723005
3143 0.00722712
1332 0.00722687
1611 0.00721933
1565 0.00721345
548 0.00721016
2932 0.0072083
3396 0.00720712
645 0.0072014
2709 0.00719722
693 0.00719489
2778 0.00719437
484 0.00719139
1445 0.00719086
590 0.00718255
1320 0.00718186
3333 0.00718097
3013 0.00717647
542 0.00717279
950 0.00716287
3033 0.00716165
1249 0.00716161
948 0.00716044
1756 0.00715414
3666 0.00715091
1645 0.00715088
2406 0.00714687
1299 0.00714676
1282 0.00714354
503 0.00713807
3103 0.00713564
2661 0.00713348
3977 0.00712964
3491 0.00712832
2906 0.00712665
2755 0.00712647
146 0.00712264
1999 0.00711791
1419 0.00711603
3859 0.00711083
45 0.00710397
3784 0.00710163
737 0.00709833
2928 0.0070983
3922 0.00709435
1161 0.00709396
3242 0.00709384
3631 0.00708969
3051 0.00708131
2514 0.00707839
1525 0.00706799
3107 0.00706769
1188 0.007064
3609 0.00706138
3360 0.00705786
2846 0.00704991
3274 0.00704849
772 0.00704801
2777 0.00704648
3763 0.00704427
1099 0.00704055
35 0.00704026
3048 0.00703616
402 0.0070351
1893 0.00703204
1051 0.00702819
2251 0.00702767
1894 0.00702765
387 0.00702374
1626 0.00702128
3035 0.00702069
2676 0.00701341
3054 0.00700845
514 0.00699352
2784 0.00699234
434 0.00699148
360 0.00698984
30 0.00698931
391 0.00698907
1616 0.00698557
1748 0.00698349
2803 0.00698148
951 0.00697855
2868 0.0069775
1100 0.00697255
2904 0.00697059
672 0.00696564
3317 0.00695766
3678 0.00695154
667 0.00695007
410 0.00693809
3785 0.0069297
3177 0.0069254
706 0.00692367
646 0.00691545
722 0.0069132
462 0.00691221
3346 0.00690912
2031 0.00690906
2909 0.00690477
826 0.00690374
2727 0.00689878
1694 0.00688809
1321 0.00688763
2757 0.00688763
1396 0.00688737
1762 0.00688255
3267 0.00688234
3462 0.00688173
3062 0.00688089
3119 0.0068766
1495 0.00687381
2780 0.00687216
1080 0.00686651
2664 0.00686483
1343 0.00686197
3349 0.00686183
1301 0.00685711
417 0.00685373
2517 0.00685066
2925 0.00684659
2750 0.0068464
1882 0.00684566
50 0.00684535
27 0.00683802
1066 0.00683556
1169 0.0068276
2793 0.00682507
3226 0.00682344
3348 0.00681965
490 0.00681619
660 0.00680993
344 0.00680586
2729 0.00680152
3190 0.00679958
2706 0.00679548
2763 0.0067943
1968 0.00678897
1273 0.00678658
2800 0.006785
3027 0.00678413
311 0.00677645
2772 0.00676876
637 0.00676769
1058 0.00676754
3056 0.00676686
2866 0.00676371
2867 0.00676092
3940 0.00676051
3032 0.00675998
1129 0.00675944
1037 0.00675912
3890 0.00675829
634 0.00675708
524 0.00675612
2211 0.00675585
1527 0.00675571
2952 0.00675386
2739 0.00675064
3273 0.00674959
1695 0.00674685
1373 0.00674451
3934 0.0067325
1372 0.00673199
3188 0.00673038
3480 0.0067286
3762 0.00672858
655 0.00672834
1502 0.00672737
2133 0.00672361
1715 0.00672352
2119 0.00672144
2435 0.00672053
1306 0.00671816
297 0.0067107
2036 0.00671046
3201 0.00670834
3362 0.00670805
723 0.0067079
368 0.00670594
1258 0.00670556
2968 0.00669175
957 0.00668987
295 0.00668693
1529 0.00668643
1427 0.00668615
3312 0.00668476
3038 0.00668214
2715 0.0066808
2848 0.00667955
345 0.0066749
3452 0.00667077
492 0.00666906
2384 0.00666884
566 0.00666186
3350 0.00665786
3270 0.00665517
3777 0.00665402
3205 0.00665344
3852 0.00665176
844 0.00664876
105 0.00664353
2111 0.00664148
3330 0.00663687
2812 0.00662742
3152 0.00661771
1497 0.00661652
2718 0.00661578
1426 0.0066112
1020 0.00661099
649 0.0066056
3025 0.00660106
2831 0.00659954
1794 0.00658089
528 0.00657184
1094 0.00656873
2918 0.00656498
3060 0.00656013
1357 0.00655868
2873 0.00655562
3022 0.00655558
3578 0.00654808
2961 0.00654697
2910 0.00654606
3096 0.00654596
3185 0.00654535
3172 0.0065426
2920 0.00654123
3114 0.00654058
1924 0.00653944
3527 0.00653747
123 0.00653495
1686 0.00653471
1425 0.00653192
276 0.00652697
378 0.00652683
3144 0.00652145
3307 0.00651711
2827 0.00651602
134 0.00651293
1318 0.00651128
520 0.00651056
1691 0.00650787
3140 0.00650318
3173 0.00650316
2610 0.00650055
3345 0.00649829
3563 0.00649602
3195 0.00649509
3017 0.00649484
1824 0.00648362
1655 0.00647972
3351 0.00647375
1342 0.00646425
1500 0.00646414
3223 0.00646222
1751 0.00646179
3208 0.00646008
1167 0.00645902
3150 0.00645597
1141 0.00645594
3683 0.00645254
523 0.0064525
3198 0.00645042
2748 0.00645028
1139 0.0064479
3252 0.0064469
444 0.00644639
2713 0.00644572
1413 0.00643937
398 0.00643838
3184 0.00643788
3132 0.00643529
1148 0.00643482
1815 0.00643403
2775 0.00642948
1082 0.00642237
2872 0.00642158
1923 0.0064196
1888 0.00641619
2322 0.00641337
3211 0.00641289
2941 0.00641281
1944 0.00641107
1716 0.00640861
3030 0.00640849
3272 0.00640743
3936 0.00640644
340 0.00640092
2869 0.0063968
2964 0.00639669
1807 0.00639354
445 0.00639203
415 0.00638843
1005 0.00638772
1475 0.00638638
570 0.00638262
941 0.00638206
1062 0.00637834
3517 0.00637121
1036 0.00636105
1949 0.00635801
973 0.00635395
515 0.00634885
1569 0.00634734
1862 0.006346
1680 0.00634303
1122 0.00634288
1681 0.00634185
2289 0.00634159
106 0.00633972
1226 0.00633867
1349 0.00633394
75 0.00633012
1019 0.00632393
1515 0.00631929
1102 0.00631744
461 0.00631514
1221 0.00631275
2864 0.00631098
3328 0.00630953
3697 0.00630917
2735 0.00630826
3167 0.00630747
2832 0.00630684
651 0.00630349
1077 0.00629426
165 0.00629271
1142 0.00629172
1553 0.00628144
1114 0.00628058
235 0.00627889
2066 0.00627767
2901 0.00627613
2806 0.00627084
2685 0.00626987
2785 0.0062657
1310 0.00626402
2849 0.00626303
545 0.00626133
2814 0.00625228
762 0.00624346
2779 0.00624225
3658 0.00623913
3052 0.00623502
479 0.00623485
2318 0.00622133
3219 0.00621445
1257 0.00620725
2686 0.00620569
1901 0.00620274
2911 0.00620265
3299 0.00620197
756 0.00619708
3182 0.00619603
821 0.00619169
3817 0.00618976
3450 0.00618672
69 0.00618468
1674 0.00618391
1473 0.00618271
3236 0.00618032
1292 0.00617625
3845 0.00617517
2199 0.00617407
2566 0.00617052
491 0.00616972
2050 0.0061653
1713 0.0061639
1008 0.00615624
2085 0.00614948
3834 0.00614737
2895 0.00614708
3388 0.00614651
405 0.00614331
2905 0.00614113
3689 0.00613772
1625 0.00613498
1284 0.0061341
2923 0.00613102
2881 0.00613061
2702 0.00613018
1038 0.00612701
439 0.00612629
1423 0.0061258
3046 0.00612578
3356 0.0061242
3165 0.00612078
1021 0.00611987
2936 0.00611763
1158 0.00611605
409 0.00611467
2081 0.00610886
2913 0.00610802
1035 0.00610766
449 0.00610067
3512 0.00609649
2070 0.00609574
3433 0.00609551
3339 0.00609547
949 0.00609541
3049 0.00609441
3342 0.00609091
606 0.00608935
3484 0.00608577
3174 0.00608178
1210 0.00608024
1704 0.00607624
3494 0.00607421
3042 0.00607404
1730 0.00607398
458 0.0060737
3431 0.00607014
1432 0.00606692
3978 0.00606306
2328 0.00606224
16 0.00606221
2828 0.00606069
1431 0.00605978
2862 0.00605839
3050 0.00605809
2894 0.00605733
1800 0.0060556
3159 0.00604827
700 0.006043
2416 0.00603707
2162 0.00603402
3284 0.00602984
2388 0.00602959
2054 0.00602717
3171 0.00602706
3156 0.00602328
2937 0.00601269
3145 0.00600965
3253 0.00600766
1237 0.00600567
3344 0.00600456
2745 0.00600231
1732 0.00600225
65 0.00599931
900 0.00599687
2939 0.00599037
2810 0.00598992
1121 0.00598662
2080 0.00598159
473 0.00597321
2980 0.00596957
3179 0.00596745
2988 0.00596616
3073 0.00596547
3124 0.00596326
1155 0.00595908
2158 0.00595889
2283 0.00595842
136 0.00595582
2833 0.0059552
2333 0.00595515
2969 0.0059522
1673 0.00594952
2425 0.00594913
3944 0.00594856
3036 0.00594783
1009 0.00594111
2994 0.0059347
2674 0.00593379
3341 0.00592434
2919 0.0059232
2675 0.00591974
2689 0.00591955
1464 0.0059133
975 0.0059121
2992 0.00591038
3572 0.00590204
2087 0.00589629
1647 0.00589533
3158 0.00589413
591 0.00589206
1663 0.0058879
3321 0.00588188
1454 0.00588152
3378 0.0058776
1093 0.00587626
3068 0.0058742
3069 0.00587295
1878 0.00586931
1692 0.00586844
3843 0.0058672
3293 0.0058665
1217 0.00585673
1781 0.00585625
3913 0.00585308
3005 0.00584919
2145 0.00584642
3149 0.00584415
176 0.00584028
1773 0.00583862
1763 0.00583363
3064 0.00582342
1850 0.00582226
3259 0.00582209
812 0.00582013
3574 0.00581921
1352 0.00581902
3277 0.00581793
2880 0.00581525
485 0.00580839
1179 0.0058063
425 0.00580147
3067 0.00580058
3194 0.00579411
751 0.00579358
496 0.00579113
2948 0.00578937
3298 0.00578701
2741 0.00578555
2781 0.00578504
1379 0.00578109
915 0.00577474
2282 0.00577441
2598 0.00577236
2008 0.00577146
1346 0.00577075
3098 0.00576789
3108 0.00576746
954 0.00576493
2642 0.00576197
2744 0.00575366
2443 0.00575152
3041 0.00574543
1841 0.00574504
3347 0.00574424
3089 0.00574353
2759 0.0057431
2099 0.00573998
3973 0.00573676
3406 0.00573643
2698 0.00573348
2973 0.00572814
3654 0.00572788
1577 0.00572601
3247 0.00572345
3265 0.00572314
2665 0.00572081
2847 0.00571984
699 0.00571398
3618 0.00571255
2871 0.00570691
3234 0.00570428
1492 0.00570327
1455 0.00569725
316 0.00569276
1965 0.00568708
3353 0.00568162
279 0.00567969
3520 0.00567964
2940 0.00567931
3193 0.00567754
2892 0.00567648
1872 0.0056764
2946 0.00567453
1406 0.00566709
2993 0.005667
1311 0.00566686
3075 0.00566525
1828 0.00566522
1928 0.00566239
3411 0.00566036
962 0.00565502
352 0.00565384
920 0.0056499
690 0.00564682
898 0.00563909
2325 0.00563788
562 0.00563553
2825 0.0056335
3287 0.00563266
1768 0.00562952
641 0.00562925
3332 0.00562858
3589 0.00562708
1778 0.00562617
3209 0.00562575
1543 0.00562461
3943 0.0056244
2666 0.00561357
3258 0.00561024
986 0.0056081
1633 0.00560134
1120 0.00559876
3395 0.0055923
1215 0.00558872
3261 0.00558348
1801 0.00558156
1582 0.00558109
1587 0.00557656
3146 0.00557572
936 0.00557552
421 0.00557405
3161 0.00557291
1199 0.00557254
2743 0.00557192
3120 0.00556925
2958 0.0055692
3297 0.00556883
1229 0.00556536
1440 0.00555903
2773 0.00555889
1315 0.00555855
2130 0.00555795
2790 0.00555732
3239 0.00555452
2761 0.005549
710 0.00554875
1166 0.00554848
2296 0.00554717
502 0.00554657
1827 0.00554617
418 0.005542
1446 0.0055415
3795 0.00553747
3186 0.00553513
981 0.00553432
2117 0.00552919
268 0.00552871
298 0.00552537
1744 0.0055227
3212 0.00552263
2747 0.00551735
2480 0.00551541
530 0.00551079
1699 0.00550027
3419 0.00549858
2840 0.00549812
3755 0.00549555
3377 0.00549527
430 0.00549443
998 0.00549195
3240 0.00549133
2815 0.00549088
536 0.00548606
1706 0.00548595
3681 0.0054838
1108 0.00548069
2945 0.0054802
3741 0.00547754
2854 0.00546995
1018 0.00546842
2176 0.00546467
3113 0.00546419
2853 0.00546278
3461 0.00546255
1404 0.00546154
2921 0.00545302
1294 0.00545297
2912 0.00545199
1246 0.00545139
55 0.00544954
2931 0.00544657
1561 0.00544563
3169 0.00543668
2874 0.00543542
759 0.00543181
902 0.00543021
1906 0.00542957
1382 0.00542125
3688 0.00542052
537 0.00541649
3023 0.00541601
3416 0.00541412
3225 0.00541334
3832 0.00541104
3191 0.00540699
2187 0.00540667
968 0.00540536
3220 0.00540419
3959 0.00539873
1678 0.00539317
3034 0.00539151
971 0.00538994
593 0.0053897
1279 0.00538406
527 0.00537669
3237 0.00537618
3111 0.00537479
2242 0.00537026
1408 0.00536868
1865 0.00536207
1245 0.00536187
1677 0.00536134
721 0.00535961
1926 0.00535801
2985 0.00535675
2032 0.00535051
1487 0.00535043
318 0.00534703
1001 0.00534609
2509 0.00533762
2209 0.00533074
2336 0.00532967
3106 0.00532864
3254 0.00532672
3294 0.00532632
2796 0.00532571
2038 0.00532543
1512 0.00532179
1422 0.00532097
3430 0.00532078
2882 0.00531743
560 0.005317
3373 0.0053153
2896 0.00531069
3404 0.00530423
3340 0.00530085
3292 0.00529903
3070 0.00529242
1183 0.00529145
3457 0.00529126
2974 0.00528851
2266 0.00528838
905 0.00528593
1589 0.00528307
3400 0.00528119
1369 0.00528029
965 0.00527913
2938 0.00527107
394 0.00527064
1448 0.00527041
1327 0.00526954
494 0.00526617
913 0.00526557
540 0.00526507
735 0.0052629
66 0.00526018
3079 0.00526006
2736 0.00525816
3043 0.00525503
1514 0.00525406
2765 0.00524802
1945 0.00524408
3415 0.005243
2680 0.00524082
3029 0.00524057
1374 0.00523826
3142 0.00523598
2989 0.00523094
512 0.0052295
3335 0.00522766
3435 0.00522756
2996 0.00522148
2787 0.00521608
1461 0.0052159
3276 0.00521581
2756 0.00520791
2662 0.00520549
2511 0.00520168
2068 0.00520163
2971 0.00520058
2762 0.00519895
3403 0.00519729
2819 0.0051966
338 0.0051916
3018 0.00519143
1740 0.00519018
138 0.00518809
2991 0.00518249
1444 0.00517845
3582 0.00517544
290 0.00517284
535 0.00517185
3257 0.00517121
1835 0.00516896
558 0.00516657
1244 0.00516337
2823 0.00516087
1720 0.00515917
3085 0.00515914
1950 0.00515854
1126 0.00515711
2875 0.00515709
761 0.00515664
1746 0.00515498
2731 0.00515321
1859 0.00515232
1303 0.00514441
3123 0.00514348
2844 0.00514138
388 0.00514112
3065 0.00513461
2182 0.00513307
604 0.00513236
1412 0.00512598
1804 0.00512086
2717 0.00511393
2929 0.00511255
1817 0.00510797
715 0.00510223
2797 0.00510167
940 0.0050958
2270 0.00509551
495 0.005094
3213 0.0050928
3097 0.00509014
1818 0.00508955
1309 0.00508897
2072 0.00508505
1354 0.0050842
3118 0.00508204
1869 0.00508123
3942 0.00507874
1296 0.00507855
3044 0.00507772
2637 0.00507485
3384 0.00507377
3492 0.00507349
1503 0.00507025
2708 0.0050666
2751 0.00506632
1584 0.00506405
1612 0.00506324
669 0.00505967
103 0.005057
2950 0.00505699
2138 0.00505179
1390 0.00504683
3166 0.00504522
341 0.00504315
3224 0.0050423
2510 0.00503443
1767 0.00503312
1852 0.00502757
221 0.00502413
2749 0.00502342
2141 0.00502018
191 0.00502015
1833 0.00502006
2419 0.00501571
2294 0.00501533
1170 0.00501228
2029 0.00500829
2344 0.005008
3393 0.00500619
3732 0.00500154
2641 0.0050007
2292 0.00500065
3110 0.00500017
2153 0.00499507
2672 0.00499374
2897 0.00498812
3409 0.00498544
3115 0.00498318
1606 0.00498236
3217 0.00497659
392 0.00497637
2268 0.00497545
2914 0.00497222
933 0.00497094
3262 0.00496604
2102 0.00496509
2967 0.0049642
1471 0.00496249
1526 0.00496213
3301 0.00495778
2142 0.00495536
2555 0.00495357
2545 0.00495332
3189 0.00495317
1086 0.00495162
1947 0.00495069
3058 0.00494995
2543 0.00494968
1649 0.00494907
3004 0.00494664
1377 0.0049457
1621 0.00494532
1881 0.00493796
2887 0.00493633
1707 0.00493245
1930 0.00492607
267 0.00492299
1060 0.00492224
3337 0.00491973
1281 0.00491678
1247 0.00491503
1897 0.00491227
1714 0.00490931
1903 0.004908
2611 0.00490714
2183 0.00490309
1065 0.00490025
2222 0.00489879
3129 0.00489843
1610 0.00489658
3040 0.00489596
3135 0.00489113
3796 0.00488757
2673 0.00488643
2752 0.00488326
3016 0.00488316
1550 0.00487392
426 0.00487385
914 0.00487201
1559 0.00487084
2206 0.00486934
2007 0.0048689
3133 0.00486847
2684 0.00486838
541 0.00486787
2990 0.0048677
487 0.00486725
984 0.00486569
2327 0.00486391
2224 0.00485766
2525 0.00485453
3364 0.00485172
1418 0.00484991
1376 0.00484894
969 0.00484507
2452 0.00484475
1498 0.004842
3021 0.00484137
2410 0.00484071
2701 0.00484017
2149 0.00483829
2016 0.0048363
2272 0.00483372
3422 0.0048336
3358 0.00483321
2707 0.00482684
3203 0.00482568
511 0.00482229
1848 0.00482206
3100 0.00482109
2801 0.00482002
2247 0.00481512
1399 0.00481299
3260 0.00481024
1812 0.00480922
3381 0.00480664
1078 0.00480132
1613 0.00479944
2768 0.00479582
2233 0.00479556
2362 0.00479393
2345 0.00479211
2984 0.00479097
925 0.00478968
1501 0.00478879
1429 0.0047837
2629 0.00478016
2229 0.00477707
1324 0.00477227
2226 0.00477172
471 0.00477003
3148 0.0047693
2218 0.00476614
2347 0.00476368
2471 0.00476276
3204 0.0047583
2783 0.00475758
3316 0.00475639
2014 0.00475328
2366 0.00474601
1993 0.00474289
3352 0.0047386
3326 0.00473848
3288 0.00473809
2123 0.00473674
1983 0.00473666
2302 0.00473239
2794 0.00473102
3249 0.00472883
2830 0.00472824
3047 0.00472811
1959 0.00472725
3315 0.00472641
3313 0.00472555
1042 0.00472493
3024 0.00472394
1575 0.00471593
2078 0.00471382
2312 0.00471188
1682 0.00470712
2507 0.00470701
3206 0.00470515
1015 0.00470299
2464 0.0047026
3391 0.00469744
2924 0.00469694
988 0.00469602
2279 0.00469548
1391 0.0046948
2463 0.00469306
3305 0.00469192
3429 0.00469165
2592 0.00468467
3286 0.00468249
1873 0.0046792
3117 0.00467383
2174 0.00467194
1622 0.00467009
1115 0.00466935
1970 0.00466915
2309 0.00466553
2240 0.00466442
1211 0.00466426
2244 0.00466103
2434 0.00465777
2461 0.00465768
683 0.00465587
1551 0.00465479
2250 0.00465402
2125 0.00465387
1385 0.00465177
2649 0.00465067
1220 0.0046498
1367 0.00464878
3015 0.00464749
2681 0.00464734
2319 0.00464305
2947 0.00464118
2557 0.00463891
2976 0.00463591
3102 0.00463529
2340 0.00463528
2720 0.00463206
1140 0.00463199
3390 0.00462973
3386 0.00462806
3093 0.00462579
2088 0.00462534
2907 0.00462479
3736 0.00462341
2602 0.00462338
2590 0.00462177
1839 0.00462079
375 0.00462014
3334 0.00462007
1920 0.00461788
3304 0.00461477
946 0.00461472
3355 0.00461472
2131 0.00460788
482 0.0046065
3575 0.0046016
1780 0.00458956
1679 0.00458846
1985 0.00458569
2369 0.0045847
1728 0.00458441
1438 0.00458269
2073 0.00458111
3215 0.00457872
446 0.00457796
2220 0.00457741
1913 0.00457646
3014 0.00457614
2526 0.0045751
2617 0.00457277
2389 0.00457026
1508 0.00456892
2172 0.00456692
1727 0.00456377
3552 0.00456364
2883 0.00456074
2413 0.00456048
1025 0.0045588
3007 0.00455857
2438 0.00455704
2071 0.00455486
2132 0.00455195
2188 0.00454951
2604 0.00454566
1029 0.0045454
2970 0.00454391
1943 0.00454375
2603 0.00453918
2560 0.00453882
2037 0.00453661
1059 0.00453461
2607 0.00453305
3175 0.00453118
1238 0.00452577
2428 0.00451753
2166 0.00451697
2223 0.00451277
1190 0.00451273
1982 0.00451212
2241 0.004509
2232 0.00450895
880 0.00450771
1447 0.00450761
1870 0.00450697
2995 0.00450144
3197 0.00449961
3238 0.00449685
2491 0.00449565
1602 0.00449467
2053 0.00449406
1300 0.00449298
2059 0.00449294
1761 0.0044908
2753 0.00449039
1917 0.00448395
2687 0.00448226
2977 0.00447579
2150 0.00447385
2965 0.00447265
2531 0.00447167
1946 0.00447166
1095 0.00447164
2324 0.00447062
2542 0.00446836
2203 0.00446639
1718 0.00446569
2564 0.00446491
3109 0.00446407
976 0.00446149
2331 0.00446122
3359 0.00445887
1540 0.00445788
2612 0.0044574
2201 0.00445713
1006 0.00445534
440 0.00444362
3418 0.00443856
3151 0.00443518
1578 0.00443403
1635 0.00443353
2723 0.00443267
451 0.00443267
1184 0.00443217
2127 0.00443163
1223 0.00442683
1554 0.0044244
1962 0.00442024
3088 0.00441955
1316 0.00441905
1938 0.00441656
2118 0.0044143
2601 0.00441371
2537 0.00440999
2624 0.00440875
2878 0.00440536
2090 0.00440208
1736 0.00440027
2235 0.00439991
2030 0.00439912
3357 0.00439579
2103 0.00439521
2064 0.00439146
919 0.00438936
1738 0.00438033
3289 0.00437893
488 0.00437746
2451 0.00437647
2876 0.00437466
2339 0.0043732
2184 0.00436826
2625 0.00436291
2616 0.00436091
2586 0.00435864
1884 0.00435547
2275 0.00435435
1557 0.00435197
1813 0.0043512
2859 0.00435114
2615 0.00435056
2593 0.00434768
2028 0.00434687
420 0.00434269
2290 0.00434251
2012 0.00434119
1481 0.00434084
1745 0.00433983
614 0.00433886
3414 0.00433481
2567 0.00433391
3379 0.00432466
2372 0.00431775
1799 0.0043175
2039 0.00431454
2500 0.00431353
2323 0.00431218
3889 0.00430982
2400 0.00430937
1604 0.00430879
2737 0.00430726
2180 0.00430221
1313 0.00430034
1017 0.00429731
2326 0.00429703
2221 0.00429551
1516 0.00429454
2900 0.00429065
2169 0.00428984
2104 0.00427629
1185 0.0042746
2600 0.00427426
989 0.00427403
2376 0.00426904
1331 0.00426684
2414 0.00426443
2394 0.0042636
416 0.00425918
1984 0.00425332
2835 0.00424864
2271 0.00424579
1863 0.00423931
3603 0.00423629
2338 0.00423219
1405 0.00422998
935 0.00422825
2186 0.0042266
1948 0.00422343
2139 0.00422329
2194 0.00422024
2770 0.00421877
2409 0.00421733
1436 0.00421539
1256 0.00421252
980 0.00421189
2712 0.00421181
2196 0.00421044
1966 0.00420991
916 0.00420922
2332 0.00420655
2161 0.00420586
569 0.00420556
1979 0.00420522
2981 0.00420484
2093 0.00419996
1522 0.00419899
1598 0.00419879
1350 0.00419858
1400 0.00419588
3788 0.00419223
1971 0.00419044
2492 0.00418871
2845 0.00418615
993 0.00418588
2101 0.00418408
2351 0.0041767
2045 0.00417565
2354 0.00417454
2404 0.00417329
1081 0.00417198
2200 0.00416579
3296 0.00416114
1631 0.00415791
2553 0.00415788
2395 0.00415734
1941 0.00415432
1241 0.00415253
1132 0.00415162
1488 0.00415156
1791 0.00415049
1939 0.00414366
1173 0.00413806
2043 0.00413299
1456 0.00413187
2381 0.0041317
1954 0.00413151
2582 0.00412997
526 0.00412947
995 0.00412929
1420 0.00412706
183 0.00412565
2262 0.00412282
1146 0.00411979
1392 0.00411886
2608 0.0041187
1044 0.00411747
2630 0.00411717
2033 0.00411466
3421 0.00411403
2498 0.00411373
1879 0.00411357
2377 0.00411195
1153 0.0041113
1489 0.00411065
3281 0.00411042
1579 0.00410457
2398 0.00409526
1558 0.0040951
10 0.00408673
1031 0.00408596
2356 0.00408496
3306 0.00408486
79 0.00408273
3319 0.0040783
2140 0.00407742
1250 0.00407548
3039 0.00407356
1451 0.00407282
1124 0.00407179
2597 0.00407017
1107 0.00406805
2052 0.00406746
1329 0.00406484
3160 0.00406373
3009 0.00406313
2143 0.00406065
1646 0.00405905
2714 0.00405901
2355 0.00405299
2352 0.00404918
2458 0.0040443
1603 0.00404192
2124 0.00403547
1638 0.00403544
2643 0.00403444
1662 0.00403089
2069 0.00403076
2460 0.0040291
1885 0.00402803
2655 0.0040274
1868 0.00402654
2190 0.00402391
2155 0.0040227
1222 0.00402239
3210 0.0040217
1790 0.00402107
1034 0.00401793
1435 0.00401554
1076 0.00401534
2942 0.00401413
2278 0.00401202
601 0.00401136
1793 0.00400586
2019 0.00400543
2374 0.00399724
3380 0.0039936
2396 0.00398899
2363 0.00398641
1361 0.00398325
2638 0.00397482
2013 0.00397174
2520 0.00397118
3399 0.00396701
2501 0.00396247
1465 0.00396019
1595 0.00395884
2733 0.00395606
982 0.00395496
1620 0.00395181
744 0.0039441
2423 0.00394393
2987 0.00394282
2816 0.00393997
1175 0.00393984
3865 0.00393135
2246 0.00393107
1490 0.00392999
2042 0.00392724
1845 0.0039258
2559 0.00392465
1007 0.00392166
3228 0.00392124
1809 0.00391922
2619 0.00391416
1717 0.00391158
2108 0.00390844
2074 0.00390762
2584 0.00390732
1012 0.00390628
2953 0.00390464
3984 0.00389908
4010 0.00389907
4022 0.00389907
4015 0.00389907
4008 0.00389907
4035 0.00389906
4024 0.00389905
2578 0.00389786
2367 0.00389485
2549 0.00389189
1592 0.00388705
2128 0.00388667
1101 0.00388474
2304 0.00388259
2446 0.00388075
2112 0.00387998
1669 0.00387929
2594 0.00387797
2148 0.00387585
2062 0.00387395
1570 0.00387344
2154 0.00387192
1330 0.00386903
1214 0.00386564
1861 0.00386064
2516 0.00386041
2482 0.00385974
2259 0.00385689
1665 0.00385688
2529 0.00385647
1467 0.00385045
3375 0.00384984
1918 0.00384935
960 0.00384632
2550 0.00384557
1883 0.00384126
2588 0.00382814
2998 0.00382644
1757 0.00382586
2475 0.00382277
2508 0.00381885
1867 0.00381595
2533 0.00381438
1940 0.00381245
1986 0.00380896
2003 0.0038063
2390 0.00380064
1683 0.00379859
1151 0.00379563
2273 0.00379387
1509 0.00379384
2253 0.00378824
2370 0.00378762
2243 0.0037876
2020 0.00378656
2121 0.0037799
3467 0.00377758
60 0.00377498
2257 0.00377397
1932 0.00376825
448 0.00376793
2436 0.00376514
1521 0.00376407
1024 0.00376392
2254 0.00376352
2385 0.00376296
2399 0.00376207
1668 0.00376135
1675 0.00376125
2308 0.00376032
1364 0.00375685
2276 0.00375543
1117 0.00375185
1619 0.00375156
1816 0.00374985
2299 0.00374523
1370 0.00374486
1590 0.00374383
1830 0.00374271
1269 0.00374151
2504 0.00374076
2005 0.00373999
1855 0.00373919
1955 0.00373806
1750 0.00373669
2551 0.00373417
3199 0.00372792
2084 0.00372706
1688 0.00372667
2561 0.00372595
1916 0.00372199
2092 0.00371334
1875 0.00371309
1483 0.00370777
3686 0.00370456
1902 0.00370302
2135 0.00370141
1981 0.00369705
2652 0.00369602
2095 0.00369326
1491 0.00369221
1929 0.003691
3367 0.00368904
2408 0.0036869
1520 0.00368469
2075 0.00368151
2368 0.00368067
1255 0.0036775
2654 0.00367726
2850 0.00367672
1689 0.00367658
1305 0.00367503
3436 0.00367487
1823 0.0036721
2705 0.00367156
1335 0.00367149
629 0.00366902
1125 0.00366878
164 0.0036687
854 0.00366563
1004 0.00366203
2110 0.00365931
1409 0.00365584
3250 0.00365552
1079 0.00364976
922 0.00364942
2040 0.00364782
1230 0.00364702
1547 0.00364526
2002 0.0036418
3712 0.00364138
2891 0.0036408
2191 0.00364067
2415 0.00363962
3192 0.00363749
2056 0.00363645
2573 0.00363347
2512 0.00363208
2134 0.00362595
897 0.00362262
2083 0.00362001
2348 0.00361991
2300 0.0036194
2804 0.00361466
2379 0.00361466
1480 0.003613
2067 0.00361266
1722 0.00361118
967 0.00361089
2359 0.00361085
994 0.00360874
1083 0.00360779
966 0.00360567
2122 0.003605
1842 0.00360219
1764 0.00360157
2546 0.00359694
2479 0.00359174
1752 0.00359054
371 0.00358966
2430 0.00358944
3170 0.00358747
1907 0.00358733
2495 0.00358671
1853 0.00358259
565 0.00358026
1600 0.0035771
2189 0.00357632
1341 0.00357374
2740 0.00357122
2704 0.00357119
1048 0.00356873
2580 0.003566
2267 0.00356517
1416 0.00356362
1103 0.00355131
2433 0.00355106
2151 0.0035415
1898 0.00354076
2478 0.0035405
2472 0.00353972
1721 0.00353952
2387 0.0035344
1608 0.00353438
1617 0.00351655
953 0.00351557
2307 0.00350799
2334 0.00350411
1449 0.00349899
648 0.00349677
1288 0.00349508
2468 0.00349382
1205 0.00349344
947 0.00349093
1563 0.00349069
2575 0.00348745
2473 0.0034849
3243 0.00348328
521 0.00347799
250 0.00347559
1846 0.00346806
1267 0.00346704
1110 0.00346291
2010 0.00346285
2539 0.00346077
1523 0.00346017
1344 0.00345033
676 0.003449
2521 0.00344789
1597 0.00344668
2063 0.00344369
1849 0.00344368
1172 0.00344348
1381 0.00344224
336 0.00344203
2280 0.00344138
1735 0.00343406
1864 0.00343251
2212 0.00342952
1658 0.00342825
2386 0.00342674
1712 0.00342352
2234 0.00342305
63 0.00341793
2485 0.0034136
305 0.00341044
1637 0.00340935
2144 0.00340914
1510 0.00340639
2589 0.00340634
1741 0.00340422
1789 0.00340304
1886 0.00340127
997 0.00340049
1271 0.00339917
2499 0.00339759
1191 0.00339349
1334 0.00339332
2115 0.00338656
1243 0.00338651
1697 0.00338636
2298 0.00338607
1003 0.00338589
1359 0.00338377
2274 0.00338083
208 0.00338037
2646 0.00337547
978 0.00337393
921 0.00336785
2417 0.00336602
1291 0.00335898
1123 0.00335633
2109 0.00335425
2695 0.00335388
1805 0.00335265
2264 0.00334817
2502 0.00334698
1997 0.0033464
2216 0.00334359
1286 0.00333263
1810 0.00333244
945 0.0033319
1685 0.00332795
1163 0.00332361
2086 0.00331866
1149 0.00331356
2811 0.00330785
1571 0.00330732
2469 0.00330731
1339 0.00330679
1470 0.00330376
2420 0.00330146
2556 0.0032857
1513 0.00328147
3163 0.00327358
1618 0.00327222
1458 0.00327193
2343 0.00326993
2391 0.0032667
3955 0.00326576
1623 0.00326388
34 0.00326304
1156 0.00326154
2165 0.00325415
1040 0.00325116
2467 0.00325103
1942 0.00324413
2484 0.00324347
1519 0.00324311
1242 0.00324305
2096 0.00323916
2315 0.00323881
2908 0.00323719
750 0.00323651
1765 0.00323221
390 0.00322439
2261 0.00321845
1302 0.00321419
2692 0.00320954
2506 0.00320867
1826 0.00320643
1605 0.00320186
1160 0.00320154
2653 0.00319802
1280 0.0031972
1639 0.0031924
3092 0.00318809
1774 0.00318807
1777 0.00318799
1609 0.00318366
2077 0.00318209
2623 0.00317258
2393 0.00316608
2432 0.00316435
1026 0.0031637
2237 0.003161
2963 0.00316082
1851 0.00315903
2147 0.00315538
2026 0.00315535
1819 0.0031535
1049 0.00315115
1644 0.00314127
2310 0.00313546
2445 0.00313502
671 0.00312262
2329 0.0031217
2205 0.00312104
442 0.003113
1530 0.00311158
1953 0.00311153
1925 0.00310367
1290 0.00309618
2215 0.00309609
1128 0.00309378
1437 0.0030911
1272 0.00308712
1312 0.00308581
1075 0.00308458
2631 0.00308246
1528 0.00308244
1152 0.00308204
932 0.00307336
1643 0.0030721
1388 0.0030578
2917 0.00305576
2046 0.00305318
1209 0.00305275
3704 0.00304209
1375 0.00303696
1181 0.00302698
2418 0.00302023
1056 0.00301131
2449 0.0030022
906 0.00299994
2288 0.00299199
983 0.00299164
1285 0.00299156
3323 0.00298835
2098 0.00298707
959 0.00298214
2465 0.00298193
1795 0.00297921
2477 0.00296878
1580 0.00296301
1393 0.00295504
2579 0.0029472
2057 0.00294715
1538 0.00294489
1380 0.00293947
1506 0.00293618
2454 0.00293062
2552 0.00292727
2219 0.0029238
1143 0.00292133
1196 0.00291603
1659 0.0029154
2476 0.00289997
1856 0.00289481
2306 0.00289319
2568 0.00289016
1724 0.00288518
1207 0.00288176
2350 0.00287942
1430 0.00287567
2563 0.00287265
1397 0.00287031
1994 0.00286813
1753 0.00286362
1782 0.00286034
1900 0.00285665
1047 0.00285021
927 0.00284522
1323 0.00283841
1737 0.00283432
2048 0.00283337
2060 0.00283116
2198 0.00281744
1652 0.00281609
2518 0.00281028
3112 0.00280922
1632 0.00280797
3370 0.00280521
2574 0.00280201
1130 0.00279919
2489 0.00279792
2532 0.00278832
1535 0.00278701
1653 0.00277936
1074 0.00277714
1891 0.00277374
2285 0.00277144
2493 0.00277111
1198 0.00276814
1460 0.00275312
1112 0.00275024
2213 0.00275001
1182 0.00273774
1836 0.00273603
1091 0.0027281
999 0.00272416
1135 0.00272206
1402 0.00272146
952 0.0026956
1340 0.00269294
1289 0.00268699
3879 0.00266879
3854 0.00266878
851 0.00266205
2303 0.00266045
1614 0.00265708
1485 0.0026434
1263 0.00263903
1069 0.00263516
1411 0.00263505
1022 0.00263133
1147 0.00262561
926 0.002614
2179 0.00261076
2591 0.00260632
1539 0.00260473
1877 0.00259925
1952 0.0025983
2429 0.00259693
2044 0.00259555
2164 0.0025941
365 0.00258577
1754 0.00257802
1811 0.00257733
1484 0.00257294
2462 0.00257083
1457 0.0025702
1772 0.00256773
1054 0.00256476
2058 0.00255592
1734 0.00255486
1832 0.002549
1796 0.00254784
934 0.00254613
3235 0.00254572
2330 0.00254075
2293 0.00253626
1987 0.00253155
1195 0.00253019
2547 0.00252011
1028 0.00251133
1572 0.00250559
2609 0.00250116
2177 0.00249864
2554 0.00249441
891 0.00248239
875 0.00248239
883 0.00248238
892 0.00248237
2407 0.00248213
1278 0.00247871
1769 0.00246986
2210 0.00246417
2802 0.00245455
2519 0.00245009
2571 0.00244724
1201 0.00243468
2353 0.00243004
2392 0.00242669
1887 0.00242605
1963 0.00242601
2746 0.00240088
2530 0.00239374
1351 0.00238547
2239 0.002382
1989 0.00237921
2576 0.00237186
1401 0.00237181
972 0.00236295
2252 0.00235882
1398 0.00235455
1068 0.00235246
1542 0.00234648
1092 0.00234311
2605 0.00233984
288 0.00233689
1063 0.00233538
1336 0.00232533
3202 0.0023214
907 0.00230317
1265 0.00229039
571 0.00228752
1407 0.00228476
1700 0.00228236
1219 0.00227588
3597 0.00227511
1287 0.00226347
2305 0.00226035
2635 0.00225898
1084 0.00223376
1710 0.00220723
1771 0.00220608
2136 0.00219397
1532 0.00217981
3765 0.00216954
385 0.00216675
2544 0.00216572
2380 0.00215622
2163 0.00214939
1389 0.00213956
3094 0.00213751
1843 0.00213615
2137 0.00212857
2606 0.00211843
2427 0.00211253
2055 0.00210761
3408 0.00210753
3134 0.0021063
2852 0.00209148
2572 0.00209029
2287 0.00206192
2295 0.00204717
1414 0.0020348
125 0.0020318
2175 0.00203028
2536 0.0020218
2185 0.00201453
1524 0.00199913
2065 0.00197575
1723 0.00196453
673 0.00195666
1180 0.00195666
652 0.00195665
1293 0.00194709
153 0.00193969
1362 0.00193089
1365 0.00191818
1517 0.00190644
3928 0.00190447
1116 0.00190408
2311 0.0018965
2798 0.001895
1039 0.00185993
1556 0.00185769
2522 0.00185733
2208 0.00184941
2249 0.00182517
2383 0.00180596
2258 0.00176049
2860 0.00175804
610 0.00173156
1395 0.00172549
2855 0.00172162
2496 0.00165787
1874 0.00164534
1164 0.00164528
207 0.00163634
1821 0.00155324
2599 0.00154435
1233 0.00154279
1775 0.00153772
234 0.00151741
2722 0.00148628
656 0.00139418
3125 0.00137255
1239 0.0013492
2613 0.00134664
860 0.00133721
2021 0.0012934
3282 0.00119814
1439 0.00119272
1969 0.00117101
1417 0.00103562
1463 0.00103031
2524 0.00100454
1755 0.000980341
607 0.000960017
585 0.000960001
602 0.000960001
608 0.000959996
638 0.000959996
674 0.000959996
613 0.000959996
668 0.000959991
624 0.000959985
801 0.000952629
692 0.000952618
1690 0.000902152
1651 0.000882153
1967 0.00084778
2442 0.000804592
1176 0.000786594
3006 0.000762647
550 0.000663168
358 0.000663162
447 0.000663157
1276 0.000575896
12 0.000514357
43 0.000514356
18 0.000514351
74 0.000514351
287 0.000514346
114 0.000514346
37 0.000514346
335 0.000514341
209 0.000514341
215 0.000514341
15 0.000514341
11 0.00051434
292 0.000514335
210 0.00051433
1262 0.000438169
3798 0.000305657
3453 0.000305651
3650 0.000305647
3820 0.000305647
3570 0.000305646
3974 0.000305646
3729 0.000305641
3856 0.000305637
3748 0.000305636
3935 0.000305632
3451 0.000305632
3853 0.000305626
3709 0.000305621
3031 0.000189381
3183 0.00018937
2842 0.00018936
3230 0.000189355
3071 0.000189355
2569 0.000187908
2470 0.000187899
2269 0.000187893
2457 0.000187893
2079 0.000187893
2596 0.000187889
2195 0.000187888
1560 0.000138996
1386 0.000138996
1096 0.000138991
911 0.000138991
1834 0.00013899
918 0.00013899
1581 0.000138985
1466 0.000138985
1206 0.000138985
1145 0.00013898
1119 0.000138975
