3980 0.00541888
0 0.0025868
3437 0.00204829
4030 0.0018914
686 0.00180818
4023 0.00179081
3998 0.0015386
698 0.00151619
3982 0.00144712
885 0.0013791
4025 0.00136703
4016 0.00136251
4007 0.00136176
3990 0.00135489
4014 0.00124081
3994 0.0012398
4031 0.00123476
867 0.00122984
3997 0.00121198
4017 0.00120574
4021 0.00119389
4000 0.00117939
881 0.00117259
870 0.00115555
3055 0.00114812
3127 0.00113776
2774 0.00113542
3074 0.00113409
776 0.00113368
4009 0.00113287
4027 0.00113163
275 0.00113025
4 0.00112766
91 0.00112285
181 0.00111853
8 0.0011184
259 0.00111815
4004 0.001112
3986 0.00109328
1684 0.00108519
872 0.00107664
874 0.00107628
2930 0.00106992
3181 0.0010642
3131 0.00106284
3180 0.00106136
2732 0.0010613
328 0.00105562
195 0.00105221
218 0.0010516
78 0.00105083
306 0.00104866
273 0.00104523
3995 0.00104354
4038 0.00102791
3251 0.00101771
4026 0.00101319
879 0.00101214
564 0.000996286
364 0.000994212
895 0.000991191
312 0.000973557
3981 0.00095932
3725 0.000959094
3538 0.000957143
3743 0.000956859
89 0.000954947
319 0.000947822
179 0.000947348
414 0.00094694
871 0.000943009
583 0.000940177
4020 0.000939912
3999 0.000932552
175 0.000931874
3200 0.000926512
2861 0.000919714
2817 0.000916249
227 0.000914742
3147 0.000914042
3372 0.000913813
643 0.000913209
3868 0.000911495
578 0.000911084
198 0.000910502
2902 0.00090891
615 0.000907312
4019 0.000906556
662 0.000903739
143 0.00090205
661 0.000901716
873 0.000900124
2691 0.000898867
658 0.000898237
627 0.000897678
600 0.000897538
441 0.000893114
887 0.000893046
348 0.000892546
2792 0.000892489
3037 0.000892437
399 0.000890998
3141 0.000890594
659 0.000890223
599 0.000889741
501 0.000888806
532 0.000883804
3616 0.000883325
2670 0.000881477
640 0.000880482
49 0.000870847
681 0.000867847
675 0.000866726
670 0.000866122
3473 0.000863942
99 0.000863542
219 0.000860018
866 0.000859161
41 0.000855682
3628 0.000854044
3988 0.000853397
3989 0.000853098
95 0.000847714
4002 0.000843536
3318 0.000841765
3987 0.000840857
632 0.000840199
147 0.000837607
3053 0.000837366
107 0.000835733
2703 0.000835134
4001 0.00083085
828 0.000830705
4012 0.000828925
4029 0.000828142
6 0.000827735
650 0.000825819
1890 0.000823374
858 0.000820615
177 0.000819188
3546 0.000818474
577 0.000818044
2421 0.000811281
3985 0.000806136
115 0.000802137
3325 0.00080186
3799 0.000801231
582 0.000791284
4018 0.000789616
3993 0.00078943
2959 0.000788968
2972 0.000787168
3382 0.00078445
3638 0.000783797
3662 0.000783697
1002 0.000776865
713 0.000775474
1105 0.000773831
3739 0.000772617
3996 0.000770519
3354 0.000770469
3218 0.000768393
3679 0.000766707
3439 0.000766682
3912 0.000766122
393 0.000765208
2487 0.000762066
635 0.000762054
3122 0.000761209
326 0.000761031
3917 0.000756665
3309 0.000755008
192 0.000754539
2281 0.000753525
278 0.000750692
3008 0.000748134
705 0.000747642
3283 0.000741789
3314 0.000741363
3423 0.000740052
453 0.000739258
3490 0.000737283
230 0.000735989
2879 0.000735228
855 0.000732044
717 0.000729885
225 0.000729534
732 0.000728669
3774 0.000727148
852 0.000725997
3105 0.000724429
343 0.000723104
4013 0.000722516
595 0.000720655
264 0.000716696
137 0.000716227
3918 0.000712981
110 0.00071169
3567 0.000711449
3830 0.000711183
3874 0.000710508
3595 0.000708456
889 0.00070398
3789 0.000703386
757 0.000700207
805 0.000699487
3624 0.000698859
2535 0.000695487
1586 0.000694722
2982 0.000694564
437 0.000692798
592 0.000692682
1046 0.000692399
19 0.000691781
3549 0.000690582
2483 0.000690554
3883 0.000688884
3898 0.000688675
3649 0.000688624
2595 0.000688322
3695 0.000687916
806 0.000687433
3562 0.000686707
3720 0.000685939
2799 0.000681563
863 0.000680165
3613 0.000678435
3571 0.000677776
3479 0.000676413
1912 0.000674982
3757 0.000673364
2889 0.000673303
894 0.000673113
3932 0.000672899
1194 0.000667749
876 0.000667747
3836 0.000667292
714 0.000665904
665 0.000665678
3819 0.00066532
647 0.000659002
116 0.000658066
729 0.000657319
23 0.000656511
839 0.000656501
719 0.00065513
3892 0.000655045
310 0.000654979
579 0.000654868
856 0.000654713
642 0.000654708
33 0.000652544
3657 0.000652474
581 0.000652198
476 0.000650355
282 0.00064924
3701 0.000647448
3523 0.000645792
3516 0.000644602
2094 0.00064437
256 0.000644248
233 0.000643449
244 0.000642628
3957 0.00064185
3481 0.000641672
2527 0.00064154
42 0.000640969
3759 0.000639956
20 0.00063917
745 0.000637882
68 0.000636782
3949 0.000634023
3846 0.000632419
3746 0.000631589
3536 0.000629143
3407 0.000628863
3268 0.000628861
3933 0.000627142
182 0.000626289
830 0.000625563
193 0.000624414
3465 0.000623691
3579 0.000623238
823 0.000621092
111 0.000620754
1208 0.000620698
878 0.000618861
694 0.000618802
214 0.000616973
2437 0.000613541
747 0.000612244
149 0.000611623
14 0.000610338
2699 0.000609994
781 0.000608729
833 0.000607431
3837 0.000606284
3751 0.00060538
3581 0.000605332
3442 0.000604641
824 0.000602827
884 0.000601827
3541 0.000600641
226 0.000598209
3500 0.000597216
3519 0.000596382
2106 0.000596203
771 0.000595353
798 0.00059446
3587 0.000594426
25 0.000593896
56 0.000593582
822 0.000592089
573 0.000591303
171 0.00059068
2245 0.000590253
271 0.000587643
3923 0.000585918
3675 0.000585098
1499 0.000584672
3975 0.000584174
2558 0.000583716
864 0.000583244
3446 0.000582592
3708 0.000578527
697 0.000577848
2301 0.000577463
144 0.000576578
3478 0.000576278
804 0.000575559
1837 0.000574725
1097 0.000574374
818 0.000570224
3747 0.000569867
3776 0.000569641
3455 0.000568944
337 0.00056726
81 0.000564678
1027 0.00056385
3791 0.000563539
1627 0.000563074
351 0.000563009
2949 0.000562692
3894 0.000562238
67 0.00056215
1030 0.000561836
3271 0.000560985
3669 0.000560529
3863 0.000559707
3857 0.000559671
3521 0.000558708
3716 0.000558179
1733 0.000555441
4003 0.00055494
3864 0.000554809
3476 0.000554659
3911 0.00055411
1202 0.000553994
4005 0.00055371
789 0.000553545
3647 0.00055254
877 0.000552434
3813 0.000552162
1118 0.000552032
174 0.000549757
3700 0.000549276
886 0.000548722
861 0.000548366
28 0.000547994
296 0.000547438
1895 0.000546817
1368 0.000546529
1548 0.0005458
1138 0.000544863
263 0.000544754
955 0.000543437
3920 0.000543382
576 0.000540527
3594 0.000540131
1798 0.000539182
346 0.000538924
3960 0.00053777
3639 0.000537256
1240 0.000534755
3629 0.000533855
1216 0.000533752
712 0.000531253
3502 0.000531113
3655 0.000530935
1956 0.000530345
26 0.000529536
3861 0.000528231
688 0.000527463
654 0.000526699
201 0.000526243
322 0.000526104
1889 0.000525744
327 0.00052553
3696 0.000525413
827 0.000525215
901 0.00052517
3919 0.000525086
119 0.00052494
386 0.000524743
630 0.000524294
3580 0.000523379
2650 0.00052316
1333 0.000522319
724 0.000521607
979 0.000521179
3742 0.000520619
888 0.000519227
252 0.000518781
903 0.000518236
277 0.000517661
167 0.000517633
21 0.000517502
3599 0.000516949
3513 0.000515808
1452 0.00051537
4011 0.000515289
2886 0.000514884
131 0.000512387
3921 0.000507126
3311 0.000505887
157 0.000505213
963 0.000503761
784 0.000503503
1533 0.000503167
1378 0.000501762
2776 0.000498919
320 0.000498865
53 0.00049784
93 0.000497152
4036 0.000496925
853 0.000496912
1880 0.000496813
92 0.000496443
1788 0.000496343
1218 0.00049601
1601 0.000495139
243 0.000493582
3596 0.000493547
703 0.000492122
3216 0.000490471
1468 0.00048999
3487 0.000489594
3506 0.000489564
1016 0.000489041
1403 0.000488421
249 0.000487503
3322 0.000486347
184 0.000486154
3553 0.000485295
239 0.000484895
1043 0.000483363
1111 0.00048334
834 0.000482939
3066 0.000482046
3128 0.000481131
145 0.000479838
101 0.000479587
3126 0.000479466
4037 0.000478122
197 0.000477816
3545 0.000477618
2170 0.000477407
17 0.000477385
3963 0.000476094
3749 0.000475389
695 0.000474942
94 0.0004742
90 0.000473804
4028 0.000473512
127 0.000473336
3444 0.000472798
2349 0.000472444
2486 0.000472093
3530 0.000471445
3967 0.000471306
3938 0.000470953
3849 0.000470926
245 0.000470898
180 0.000470028
1137 0.000469297
281 0.000469137
882 0.000468585
3787 0.000467634
2444 0.000467417
3809 0.000467167
594 0.000466907
3682 0.000466311
284 0.000466089
1787 0.000465918
194 0.000465887
910 0.00046514
680 0.000464615
2320 0.000463662
617 0.000463174
1776 0.00046298
200 0.000462848
702 0.000462754
203 0.000462207
909 0.000462054
2313 0.000461657
1657 0.000461542
2167 0.000461481
893 0.000461454
736 0.000461144
3584 0.000459912
266 0.000459721
102 0.000459056
815 0.000459007
3551 0.000458815
3740 0.000457943
628 0.000457805
1568 0.000456957
2076 0.000456753
768 0.000456432
3992 0.000455989
3783 0.000455903
251 0.000455599
956 0.000453973
32 0.000453113
800 0.000452656
3954 0.000451066
728 0.000450893
3991 0.00045048
356 0.000450279
2034 0.000449729
3793 0.000449534
4033 0.000448689
842 0.000448008
992 0.000447663
299 0.000447569
619 0.000447202
9 0.000447102
2 0.00044685
302 0.000446562
140 0.000446405
3531 0.000446224
122 0.000445176
707 0.000444958
242 0.000444351
1992 0.000443934
58 0.000442974
253 0.000442367
464 0.000441775
572 0.000441124
97 0.000440871
766 0.000440803
1232 0.000440671
782 0.000439834
653 0.000439479
467 0.000438456
3924 0.000438129
1253 0.000437409
820 0.000437182
1177 0.000436964
829 0.000436854
3887 0.000436258
3728 0.000435837
80 0.000435673
2204 0.00043508
411 0.00043425
254 0.000434223
36 0.000433949
3676 0.000433753
3727 0.000433513
1071 0.000433387
3722 0.000433369
3680 0.000432878
1319 0.000432705
904 0.000432275
301 0.000432192
1988 0.000431577
315 0.000431503
938 0.000430822
752 0.000430051
726 0.000429536
3905 0.00042949
689 0.000429451
819 0.000429317
3585 0.000429027
3710 0.000428733
86 0.000427369
3801 0.000426428
2017 0.000425729
725 0.000424571
3336 0.000424286
3489 0.000423777
1493 0.000423274
498 0.000422636
3829 0.000421658
3814 0.000421599
636 0.000421193
286 0.000420737
3835 0.000420098
3745 0.00042009
2622 0.00041999
2983 0.000419431
383 0.000419072
787 0.000419019
3593 0.000418993
3867 0.000418659
773 0.000417424
3652 0.000417082
2168 0.000416449
3825 0.000415708
2207 0.000415258
187 0.000415188
304 0.000415134
3529 0.000414523
3713 0.000414207
616 0.000413657
677 0.000412674
309 0.000412552
3806 0.00041228
3604 0.000412161
401 0.00041166
3945 0.000411629
40 0.00041022
3723 0.00040882
3665 0.000408359
204 0.000406105
3838 0.000406014
774 0.00040584
770 0.000405309
135 0.000405228
47 0.000404009
644 0.000403451
3633 0.00040299
3951 0.000402836
333 0.000402435
384 0.000401934
2439 0.000401908
684 0.000400915
3753 0.000400661
597 0.000400054
3758 0.000399563
618 0.000398309
188 0.000398256
825 0.000397617
3508 0.000397187
24 0.000396715
552 0.000396679
377 0.000396456
1371 0.000396416
3636 0.000396032
98 0.000395092
678 0.0003947
170 0.000394153
1648 0.000393751
3504 0.000393378
3885 0.000392321
3505 0.000390398
3906 0.000390332
3871 0.000389936
780 0.000389322
199 0.000388498
1224 0.000388441
3961 0.000388244
3964 0.000387682
3844 0.000387515
3948 0.00038725
1687 0.000387234
2926 0.000386892
3558 0.000386848
609 0.000386797
3756 0.000386509
625 0.000386493
2513 0.000386188
3464 0.000386135
2426 0.000385615
589 0.000385342
173 0.000385261
2401 0.000385186
3610 0.000384342
272 0.000383797
3401 0.000383641
516 0.000383527
3083 0.000382992
1197 0.000382709
1693 0.000381954
810 0.000381442
767 0.000381288
3611 0.000381191
2456 0.000381038
3738 0.000380758
457 0.000380301
958 0.000379614
1045 0.00037926
3376 0.000378881
3848 0.000378627
3847 0.000378463
3925 0.000378462
330 0.000376178
186 0.000375927
1254 0.000375813
3568 0.000375787
2217 0.000375728
3907 0.000375474
3690 0.000375364
849 0.00037412
2721 0.00037331
3028 0.000372863
71 0.000372694
3794 0.000372406
2450 0.000372363
162 0.00037192
3606 0.00037155
3810 0.000371139
285 0.000371096
454 0.000370525
3091 0.000370179
746 0.000370008
2671 0.000369878
3684 0.000369617
424 0.000369521
2824 0.000369126
3590 0.00036903
100 0.00036888
554 0.000368437
1314 0.000367895
551 0.000367778
172 0.000367317
3804 0.000367278
708 0.000367206
3447 0.000366511
764 0.00036486
280 0.000364518
3544 0.000363621
797 0.000363244
3338 0.000363022
3469 0.000362191
486 0.000361308
739 0.000361158
152 0.000360886
376 0.000359593
3833 0.000359328
603 0.000359196
108 0.000359177
3466 0.000359095
912 0.000358861
509 0.000358314
775 0.000358093
46 0.000357982
2839 0.000357959
4006 0.000357771
307 0.000357709
261 0.000357092
241 0.000356401
2364 0.000355639
1136 0.000355189
155 0.000354929
3672 0.000354697
3427 0.000354154
1951 0.000353959
3698 0.000353906
255 0.000353529
3897 0.000353513
323 0.000353437
718 0.000353383
791 0.000353314
3486 0.000352767
3862 0.000351445
518 0.000351109
325 0.000350997
3851 0.000350833
3822 0.000350627
4032 0.000350156
3495 0.000350052
687 0.000349349
2528 0.00034919
313 0.000349101
2805 0.000349082
3900 0.00034899
720 0.000348568
3826 0.000348402
816 0.000347888
749 0.000347199
3790 0.000346573
1307 0.00034588
793 0.000345159
3930 0.000344864
2113 0.000344789
2754 0.000344635
696 0.000344539
2515 0.000343968
142 0.000343502
3677 0.000343379
3812 0.000343184
754 0.000343043
3460 0.000342934
760 0.000342886
3425 0.000342859
2263 0.000342379
2126 0.000341993
339 0.000341473
3711 0.000341472
3947 0.000341242
82 0.000341023
1747 0.000341005
3850 0.000340867
664 0.000340147
1607 0.000340021
2834 0.000339366
814 0.000339085
847 0.000338984
236 0.000338891
118 0.000338703
3445 0.000338447
727 0.00033836
1995 0.000338247
1629 0.000337438
3766 0.000336492
3908 0.000335932
483 0.000335702
3824 0.000335274
369 0.000335238
332 0.000334888
3363 0.00033474
3641 0.000334651
3761 0.000334292
738 0.000333961
3640 0.000333895
3782 0.000333816
848 0.000333475
623 0.000333443
742 0.000333062
817 0.000332785
3956 0.00033265
899 0.000331936
357 0.00033189
3634 0.000330913
1705 0.0003309
260 0.000330896
605 0.00033067
3488 0.000330075
734 0.000329714
2001 0.000329659
3705 0.000329444
2321 0.000327116
2284 0.000327055
2171 0.000326852
213 0.000326703
1980 0.000326511
1927 0.000326124
1363 0.000325978
3443 0.000325643
1972 0.000325496
150 0.000325424
1555 0.000325151
796 0.000325028
1360 0.000324411
3617 0.000324045
329 0.000323023
3661 0.000322221
3877 0.000321514
293 0.000321022
139 0.00032093
1996 0.000320538
3971 0.000320351
112 0.000320339
3752 0.000320115
113 0.000320077
1494 0.000320005
2548 0.000319024
3526 0.000318292
3952 0.000317983
3904 0.000317843
840 0.000317524
64 0.000317219
3718 0.000317127
769 0.00031708
611 0.000317045
3800 0.000316958
3577 0.000316757
3966 0.000316656
2565 0.000316369
2006 0.000316317
2490 0.000316234
563 0.000315975
3548 0.00031591
3643 0.000315558
3927 0.00031509
3775 0.00031455
189 0.000314499
1511 0.000314426
758 0.000314395
1919 0.000314344
3979 0.000314243
217 0.000314226
2997 0.000314224
3468 0.000313819
3472 0.000313792
3731 0.00031351
584 0.000313376
3664 0.000312494
3449 0.000312018
3637 0.000311998
1961 0.000311489
3426 0.000311376
3870 0.000311119
3915 0.000311012
3821 0.000310388
3090 0.000310263
2640 0.000310185
3968 0.000309749
792 0.000309688
1825 0.000308439
3685 0.000308389
159 0.000307711
3456 0.000307646
342 0.000307409
622 0.000307137
48 0.000306983
291 0.000306973
3950 0.000306833
2657 0.000306786
1822 0.000306494
3501 0.000306369
109 0.000306321
531 0.000306054
3121 0.000305418
809 0.000305403
2361 0.00030524
3608 0.000304924
475 0.00030471
2933 0.000304584
3734 0.000304359
1838 0.000304067
2412 0.000303723
3592 0.000303153
3983 0.000303046
1567 0.000302892
505 0.000302745
3648 0.000301902
685 0.000301879
3626 0.000301808
31 0.00030169
3554 0.000301424
3576 0.000301181
1973 0.00030105
3969 0.000301027
598 0.000300767
803 0.000300682
755 0.000300677
88 0.000300676
795 0.000300494
3569 0.00030034
2129 0.000300174
169 0.000300136
2645 0.000299906
151 0.000299595
2944 0.000299412
3063 0.000299113
3733 0.000298917
412 0.000298492
2365 0.000298422
166 0.000298403
2255 0.000298312
2488 0.000298224
3869 0.000297587
731 0.00029708
2466 0.00029684
3498 0.000296824
2041 0.000296618
3764 0.000296396
1442 0.00029624
3586 0.000296212
3402 0.000295518
2620 0.000295126
1960 0.000294928
3448 0.000294694
2538 0.000294097
3714 0.000293857
1144 0.000293775
428 0.000293645
896 0.00029362
1277 0.000292977
865 0.000292872
1000 0.000292869
7 0.000292671
3045 0.000292399
868 0.00029217
3537 0.000291751
2962 0.000291678
2647 0.000291386
807 0.000291126
3644 0.000291058
1808 0.000291
3256 0.000290975
2648 0.000290392
3899 0.000290336
1186 0.000290086
612 0.000290084
2838 0.000289965
2061 0.00028967
3706 0.000289192
3902 0.000288969
2966 0.000288758
3012 0.00028864
1433 0.000288448
3823 0.00028825
3926 0.000288204
1174 0.000288163
3026 0.000287466
857 0.000287404
3939 0.000287082
633 0.000286996
2024 0.000286529
1472 0.000286053
3477 0.000286002
1050 0.000285867
2986 0.000285652
2156 0.000285545
124 0.000285415
3077 0.000285184
3615 0.000284605
1914 0.000284459
2669 0.000284238
3842 0.000283979
626 0.000283768
324 0.000283535
3768 0.000283165
682 0.000283097
3232 0.000282908
3003 0.000282455
3605 0.000282225
3078 0.000281428
740 0.000281414
786 0.000281093
380 0.000281009
262 0.000280646
3972 0.000280251
3565 0.000280116
3539 0.00027995
3397 0.000279933
701 0.000279688
2049 0.00027954
422 0.000279441
220 0.000279368
205 0.000279157
1991 0.000279002
3482 0.000278702
1998 0.000278698
711 0.000278485
3797 0.000278366
1935 0.000278331
3155 0.00027827
3528 0.000278245
2742 0.000278071
1055 0.000278067
1676 0.000278055
2782 0.000278027
52 0.000277741
2863 0.000277688
3719 0.000277452
3511 0.000277433
2890 0.000277107
1840 0.000276568
3499 0.000276506
196 0.000276379
3771 0.000276192
13 0.000276085
748 0.000275605
1322 0.000275589
1133 0.000275438
1615 0.000275178
211 0.000275172
2738 0.00027499
1905 0.000274985
2999 0.000274747
838 0.0002747
2378 0.000274559
2018 0.000274353
3612 0.000274337
1328 0.000274209
468 0.000274163
3510 0.000273973
753 0.000273966
1806 0.000273687
1459 0.000273451
2022 0.000273288
504 0.000273184
57 0.000273042
5 0.000272935
3901 0.000272804
3300 0.000272784
443 0.000272736
3735 0.000272474
908 0.000272029
2724 0.000271863
3082 0.000271862
3702 0.000271674
553 0.000271571
666 0.000271337
2767 0.000271238
2397 0.000270972
2047 0.000270928
588 0.000270922
691 0.000270738
1441 0.000270558
3625 0.000270009
334 0.000269706
269 0.00026949
2004 0.000269415
1975 0.000269411
631 0.000269298
1479 0.00026922
2621 0.000268993
3463 0.00026896
2317 0.000268861
3514 0.000268748
104 0.000268339
3101 0.000268162
779 0.000267973
2159 0.000267809
2202 0.000267773
2916 0.000267675
3896 0.000267494
835 0.000267323
2786 0.000267183
1014 0.000267133
3417 0.000267006
2659 0.000266914
1760 0.000266861
2173 0.000266856
1410 0.000266523
2906 0.00026598
3691 0.000265835
3674 0.000265764
777 0.000265684
1104 0.000265645
3602 0.000265595
3873 0.000265313
2236 0.000265252
1585 0.00026481
1866 0.000264714
2928 0.000264586
890 0.000264494
472 0.000264444
2335 0.000264195
500 0.00026408
2683 0.000263984
3566 0.000263897
1896 0.00026381
3744 0.000263696
3663 0.000263596
3730 0.000263587
1204 0.00026348
783 0.000263407
513 0.00026326
389 0.000263098
3717 0.000263002
3737 0.000262985
3560 0.000262983
845 0.000262554
373 0.000262535
3509 0.00026231
3931 0.000262205
51 0.000262109
1192 0.000262093
3803 0.000261912
3280 0.000261911
802 0.000261661
1783 0.00026142
917 0.000261272
1266 0.000261255
2694 0.000261243
2960 0.000261074
1703 0.00026088
3054 0.000260722
1583 0.000260524
575 0.000260039
2447 0.000259953
1564 0.000259745
185 0.000259699
1462 0.000259625
2679 0.00025918
1421 0.000259009
3715 0.000258984
3291 0.000258793
2877 0.000258736
3518 0.000258617
3387 0.000258355
469 0.000258347
1424 0.000258171
77 0.000258077
3534 0.00025798
3903 0.000257051
2935 0.000256997
3233 0.000256551
3840 0.000256343
3692 0.000256253
3470 0.000256154
133 0.000256153
1235 0.000256046
1573 0.000255998
2956 0.000255922
3535 0.000255624
862 0.000255585
381 0.000255432
44 0.000255382
3860 0.000255364
1345 0.000255242
3084 0.000255103
832 0.000255063
83 0.000254554
247 0.000254552
3598 0.000254544
1469 0.000254231
1505 0.000254116
2730 0.000253823
265 0.000253635
1 0.000253587
3778 0.000253423
3 0.000253185
3348 0.000252928
763 0.00025276
3659 0.000252639
3525 0.000252552
237 0.000252551
2160 0.000252436
1936 0.000252329
3368 0.000252321
2978 0.000252115
3792 0.000251729
231 0.000251715
3540 0.000251586
2951 0.000251526
3116 0.000251226
3916 0.00025117
559 0.00025081
141 0.000250615
62 0.000250582
1562 0.000250515
158 0.000250416
3231 0.000250385
2719 0.000250068
3946 0.000249925
3601 0.000249695
3815 0.000249603
202 0.000249576
3781 0.000249509
3786 0.000249313
1057 0.000249309
1591 0.000249301
2027 0.000248935
1784 0.000248858
1041 0.000248798
2497 0.000248622
741 0.00024845
3866 0.000248343
1252 0.0002483
3290 0.000248296
61 0.000248025
3162 0.000247794
2788 0.000247649
709 0.000247528
224 0.000247493
3542 0.000247019
3033 0.000246782
2915 0.000246688
2448 0.000246546
3493 0.000246511
395 0.000246312
455 0.000245906
359 0.000245866
811 0.000245778
3324 0.000245315
3441 0.000245096
2943 0.000244775
397 0.000244697
499 0.000244553
3962 0.000244158
2091 0.000243995
730 0.000243944
3263 0.000243727
3051 0.000242951
2627 0.000242734
1593 0.000242624
2910 0.000242489
465 0.000242384
1588 0.000242354
3320 0.000242071
154 0.000241849
2927 0.00024172
3653 0.000241719
2225 0.000241636
3000 0.000241576
2664 0.000241526
3909 0.000241177
3434 0.000241158
2411 0.000241058
3458 0.000241056
2107 0.000241034
3645 0.000241029
460 0.000241026
2885 0.000240733
3891 0.000240555
1352 0.000240463
869 0.000240316
3721 0.000240248
84 0.000240206
2587 0.000239896
1085 0.000239677
130 0.000239389
2371 0.000239381
3687 0.000239212
3557 0.000239012
1064 0.000239
2909 0.000238887
3019 0.000238855
850 0.000238818
1899 0.00023863
1711 0.000238446
3888 0.000238295
3779 0.000238276
2771 0.000238127
525 0.00023808
3802 0.000237863
3139 0.000237771
2116 0.000237699
3564 0.000237632
2583 0.0002375
29 0.000237418
1212 0.000237204
2231 0.000236991
168 0.000236841
3694 0.000236802
361 0.000236795
799 0.000236716
1831 0.000236682
3858 0.00023663
3096 0.000236196
2755 0.000236113
2614 0.00023601
859 0.000235802
4034 0.000235546
3875 0.000235405
1725 0.000235349
1127 0.00023525
2342 0.000235215
497 0.000235164
3773 0.000235153
3632 0.000235082
355 0.00023508
2633 0.000235002
3366 0.000234996
547 0.000234653
3623 0.000234647
283 0.000234286
3524 0.000234245
3591 0.000234209
1888 0.000234161
1803 0.000234132
3699 0.000234095
3474 0.000234088
3693 0.000233921
1304 0.000233884
2661 0.000233358
353 0.000233297
2757 0.000232974
1356 0.000232909
3035 0.000232889
2097 0.000232858
1797 0.000232752
733 0.000232366
3327 0.000232105
1636 0.000232023
778 0.000231884
2384 0.000231842
238 0.00023177
2808 0.0002314
3808 0.000231388
1910 0.000231384
831 0.000231221
1642 0.000231177
2494 0.000230763
2192 0.000230709
1800 0.000230091
2676 0.000229786
772 0.000229532
128 0.000229513
1544 0.000229348
561 0.00022924
790 0.000229131
3555 0.000229106
2778 0.000229102
1957 0.000228991
3532 0.000228921
2111 0.000228721
2777 0.000228651
3308 0.000228635
2152 0.000228439
1317 0.000228433
539 0.000228362
1964 0.000228285
517 0.000227697
2570 0.000227524
2431 0.000226996
2341 0.000226888
1387 0.000226822
3056 0.000226721
303 0.000226646
3396 0.000226505
3392 0.000226069
1325 0.000225826
574 0.000225761
3769 0.000224958
148 0.000224916
1596 0.000224791
3872 0.000224762
2634 0.000224709
2286 0.000224642
3559 0.000224631
1504 0.000224587
3076 0.000224351
2734 0.000224174
3104 0.000224112
2585 0.000224012
3635 0.000223841
3841 0.000223651
2120 0.000223504
370 0.000223414
350 0.000223349
620 0.000223215
228 0.000223212
3880 0.000223191
939 0.000223126
621 0.000222848
2375 0.000222808
3884 0.000222737
3651 0.000222641
2800 0.000222533
3405 0.000222444
3483 0.000222393
59 0.00022211
3475 0.000221977
347 0.000221587
419 0.000221572
2866 0.000221416
1264 0.000221375
1259 0.000221351
1742 0.000221242
737 0.000221242
2440 0.000221219
2836 0.000221149
1486 0.000221142
1227 0.000220959
2706 0.000220891
2015 0.000220834
1033 0.000220796
2716 0.000220769
1786 0.000220709
706 0.000220647
232 0.000220593
270 0.000220528
3646 0.000220507
2750 0.000220492
3061 0.000220435
1730 0.000220246
794 0.000220232
2873 0.000220157
1274 0.00022013
506 0.000219904
2297 0.000219749
2639 0.000219285
1871 0.000219277
2228 0.000219112
1701 0.000218995
2867 0.000218878
400 0.000218784
3726 0.000218614
1663 0.000218532
2872 0.00021847
2663 0.000218457
308 0.000218398
2644 0.000218385
2422 0.000218175
813 0.000218047
3630 0.000217951
596 0.000217556
566 0.000217387
1098 0.00021725
3119 0.000217056
1854 0.000216803
3881 0.00021679
459 0.000216698
1431 0.000216663
2905 0.000216603
2789 0.000216479
3132 0.000216474
663 0.000216444
3038 0.00021631
1270 0.000216175
2314 0.000216095
929 0.000216091
1664 0.000215975
3459 0.000215788
846 0.00021578
3561 0.000215757
1729 0.000215652
3496 0.000215616
3533 0.000215596
538 0.000215375
1779 0.000215205
161 0.000215157
223 0.000215108
2011 0.000215108
3226 0.000214934
1709 0.000214918
431 0.000214886
1070 0.000214775
3362 0.000214635
2925 0.000214345
2357 0.000214257
1628 0.000214151
1087 0.000214144
3187 0.000214078
2481 0.000214037
2157 0.000214009
1261 0.000213657
2911 0.000213489
2864 0.000213463
2851 0.000213275
2133 0.000213191
2865 0.000213067
429 0.000212914
1536 0.000212912
2248 0.000212893
2035 0.00021279
2199 0.000212785
1857 0.000212499
3072 0.000212348
3020 0.000212204
837 0.000212149
72 0.000212118
1893 0.000212083
3619 0.000212076
693 0.000212043
522 0.000211717
765 0.000211665
2505 0.000211665
477 0.000211287
1366 0.000211228
1802 0.000211146
836 0.000211069
2051 0.000211006
190 0.000210741
3365 0.000210638
1061 0.000210589
1298 0.000210547
3010 0.000210476
2346 0.000210473
1661 0.000210247
248 0.000210057
3497 0.00021002
466 0.00020988
2793 0.000209864
1297 0.000209727
3707 0.00020954
2534 0.000209521
3248 0.000209449
374 0.000209279
3886 0.000209226
1931 0.00020919
2244 0.000209142
3440 0.000209116
3671 0.000209041
331 0.000209
2636 0.000208877
2626 0.000208811
1358 0.000208809
257 0.000208776
716 0.00020871
2862 0.000208648
3339 0.000208611
544 0.000208606
3174 0.000208557
3154 0.000208534
1134 0.000208465
2827 0.0002083
2810 0.00020824
1236 0.000208101
1576 0.000207948
1275 0.000207924
481 0.000207603
3022 0.000207421
3168 0.000207322
396 0.000207313
1921 0.000207301
514 0.000207183
1032 0.000207129
1958 0.000206748
2146 0.000206414
129 0.000206324
1347 0.000206307
1990 0.000206272
3398 0.000206059
2009 0.00020603
349 0.000205996
2658 0.0002059
76 0.000205866
1814 0.000205851
3330 0.000205478
2229 0.00020546
2901 0.000205434
121 0.000205389
2698 0.000205244
3433 0.000205034
722 0.000204813
438 0.000204654
478 0.000204644
1338 0.000204573
3351 0.000204496
3831 0.000204377
1731 0.000204318
555 0.000204168
96 0.000204147
417 0.000204118
22 0.000204072
297 0.00020379
3295 0.000203775
3201 0.000203669
1171 0.000203618
120 0.000203473
2628 0.00020333
3583 0.000203214
928 0.000203068
1827 0.000202958
258 0.000202859
1611 0.000202809
2893 0.000202752
1974 0.000202685
2809 0.000202649
2337 0.000202578
2455 0.000202502
3622 0.000202225
3360 0.000202094
1053 0.000201924
3620 0.000201818
3207 0.000201812
3252 0.000201739
2100 0.000201629
1985 0.000201613
1162 0.000201581
3152 0.000201336
2289 0.000201221
406 0.000201148
2985 0.000200697
1426 0.000200696
3195 0.000200694
1978 0.000200482
2340 0.000200213
808 0.000200175
2206 0.000200137
3855 0.000199983
1976 0.000199927
2347 0.000199926
2405 0.000199842
1187 0.000199707
2474 0.000199704
2969 0.000199646
2503 0.000199645
2089 0.000199333
788 0.000199308
2604 0.000199067
1634 0.000198701
2598 0.000198649
3828 0.00019864
3266 0.000198631
1833 0.000198622
2660 0.000198601
3667 0.000198571
3184 0.000198548
366 0.000198475
1892 0.000198469
1067 0.000198219
436 0.000198191
1937 0.000198168
844 0.0001981
354 0.000198095
1945 0.000198046
3412 0.000197966
942 0.000197864
843 0.000197794
2913 0.000197742
3609 0.000197685
3827 0.000197617
2920 0.00019761
1157 0.0001976
456 0.000197487
1804 0.000197479
937 0.000197363
2283 0.000197253
1999 0.000197192
423 0.000197111
2142 0.00019699
580 0.000196984
3369 0.000196956
542 0.000196615
507 0.000196504
2025 0.000196482
484 0.00019645
1860 0.000196278
1599 0.000196241
2266 0.000195861
1666 0.000195723
1434 0.000195677
493 0.000195586
402 0.000195549
2081 0.000195396
3185 0.000195394
3017 0.000195331
1295 0.000195319
3607 0.000195253
3136 0.00019517
3057 0.000195128
2220 0.000194972
126 0.000194949
2729 0.000194917
1698 0.00019491
2464 0.000194872
1820 0.000194795
212 0.000194769
1768 0.000194608
3137 0.000194588
1199 0.000194565
2849 0.000194559
2880 0.000194504
408 0.000194495
132 0.000194473
3454 0.000194452
3556 0.000194307
222 0.000194294
3284 0.000194257
463 0.000194242
556 0.000194232
2543 0.0001942
178 0.000193859
3750 0.000193809
534 0.000193799
363 0.000193676
2651 0.000193626
276 0.000193617
3214 0.00019359
2181 0.000193545
3503 0.00019347
2184 0.00019344
73 0.000193376
2994 0.000193323
3142 0.000193085
3668 0.000193065
2054 0.000192989
3621 0.000192703
503 0.0001926
1680 0.000192468
2807 0.000192308
990 0.000192053
3670 0.000191983
2507 0.000191982
2689 0.000191935
1478 0.000191905
3002 0.000191891
123 0.000191786
1126 0.000191777
39 0.000191776
957 0.000191551
1525 0.00019094
1475 0.00019091
1770 0.000190882
1876 0.0001908
2668 0.000190739
1719 0.000190442
2000 0.000190355
1844 0.000190341
3816 0.000190333
1630 0.000190261
489 0.000190113
3937 0.000190083
2828 0.00019001
3976 0.000189878
2728 0.00018977
3471 0.000189755
1148 0.00018968
1100 0.000189658
567 0.000189614
85 0.000189436
3350 0.000189332
492 0.000189275
3970 0.000189208
3394 0.000188905
762 0.000188624
1482 0.000188554
1943 0.000188534
1640 0.00018835
1749 0.000188337
657 0.000188329
637 0.000188319
3080 0.000188318
2841 0.000188215
1159 0.000188174
1373 0.000188121
3150 0.000188107
2327 0.000188093
2403 0.000187966
2088 0.000187942
533 0.000187918
1231 0.000187871
2693 0.000187777
2333 0.00018774
3087 0.000187666
2837 0.000187546
1471 0.000187351
2023 0.000187314
1282 0.000187286
510 0.000187234
1835 0.000187013
1129 0.000186957
785 0.000186945
2922 0.000186898
1589 0.000186761
520 0.000186714
3344 0.000186172
639 0.000186116
2459 0.000185781
2328 0.000185732
529 0.000185721
407 0.000185619
2178 0.000185605
470 0.000185444
367 0.000185427
1613 0.000185179
1559 0.000184961
3953 0.00018494
1052 0.000184913
2577 0.000184911
2560 0.000184872
1036 0.000184834
3114 0.00018459
2509 0.000184317
2940 0.000184108
2919 0.000184047
2500 0.000183947
1714 0.000183775
3347 0.00018362
3198 0.000183614
524 0.000183532
1086 0.00018349
3140 0.000183417
2607 0.000183351
404 0.000183241
1716 0.000183232
2763 0.000183081
3153 0.000183065
2726 0.000183055
924 0.000183046
3321 0.000182928
2833 0.000182779
3485 0.000182776
2336 0.000182728
3229 0.000182725
274 0.000182579
2423 0.000182487
519 0.00018238
1131 0.000182333
2674 0.000182188
1922 0.00018207
2618 0.00018206
2564 0.000182054
1610 0.000181826
1584 0.000181769
156 0.000181741
2894 0.000181718
1983 0.000181718
3406 0.000181681
3480 0.00018167
1078 0.000181475
679 0.000181451
3527 0.000181445
1495 0.000181442
3120 0.00018137
3642 0.00018131
2677 0.000181288
1926 0.000181139
1917 0.000181126
1968 0.000181073
3220 0.000181071
2904 0.000181063
3086 0.000181055
3573 0.000180992
3098 0.000180911
321 0.00018089
3081 0.000180862
2453 0.000180808
3627 0.000180796
3149 0.000180759
3269 0.000180747
2869 0.000180682
1566 0.000180639
2526 0.000180529
3515 0.000180371
3001 0.000180229
3107 0.000180196
970 0.000180163
2078 0.000180002
961 0.000179975
1284 0.000179863
2993 0.000179791
1707 0.000179692
557 0.000179662
3374 0.00017962
2090 0.000179597
1283 0.000179416
1962 0.000179357
2369 0.000179326
2037 0.000179277
1622 0.000179208
432 0.000179073
2773 0.000179023
2666 0.000178916
2323 0.000178891
3145 0.000178878
2600 0.000178832
1376 0.000178706
3772 0.000178689
2316 0.000178683
2324 0.000178681
2240 0.000178482
2103 0.000178313
474 0.000178227
1383 0.00017818
2326 0.000178101
1515 0.000178005
2188 0.000177999
3785 0.000177957
3302 0.000177901
3073 0.000177881
1390 0.000177724
1938 0.000177659
2764 0.000177647
3060 0.000177636
2820 0.000177576
1654 0.00017755
1621 0.000177543
1273 0.000177488
568 0.000177486
3895 0.000177479
3064 0.000177451
1423 0.000177195
2309 0.000177192
3052 0.000177189
3172 0.000177074
117 0.000176978
1066 0.000176818
2030 0.000176777
2038 0.000176745
2931 0.000176723
1415 0.00017659
1399 0.000176571
2642 0.000176497
372 0.00017643
1165 0.000176369
1862 0.000176293
1099 0.000176211
723 0.000176025
1824 0.000175993
391 0.000175895
546 0.000175833
3025 0.000175788
826 0.000175633
3760 0.000175471
2992 0.000175458
1574 0.000175356
452 0.000175352
2988 0.0001752
3277 0.000175148
1993 0.000175134
3227 0.000175017
2214 0.000175015
2760 0.000174995
3264 0.000174989
2007 0.000174881
3130 0.000174881
3221 0.000174818
3240 0.000174808
2331 0.00017468
3293 0.000174553
2238 0.000174536
3491 0.000174389
289 0.000174335
1292 0.000174303
2741 0.000174278
3239 0.000174273
1587 0.00017427
87 0.000173953
3878 0.000173839
3965 0.000173829
3818 0.000173794
1348 0.000173705
206 0.000173651
3345 0.000173626
2697 0.000173603
3385 0.000173588
3182 0.000173506
1624 0.000173489
1011 0.00017346
2615 0.000173363
3929 0.000173359
2632 0.000173281
3027 0.000173229
2542 0.000173214
2282 0.000173107
3876 0.000172995
2271 0.000172939
2260 0.000172838
105 0.000172784
3438 0.000172742
1537 0.000172639
1672 0.000172596
2410 0.000172565
2172 0.000172554
2611 0.000172532
1394 0.000172526
1158 0.000172511
360 0.000172455
2602 0.000172442
1193 0.000172398
1894 0.000172356
2381 0.00017226
977 0.000172234
1915 0.000171978
403 0.000171947
3049 0.00017189
300 0.000171886
515 0.000171801
1577 0.000171735
3547 0.00017173
1251 0.000171724
3852 0.000171706
163 0.000171641
3303 0.000171626
1979 0.000171615
134 0.000171604
1355 0.000171362
45 0.000171343
3419 0.000171273
3578 0.000171241
2973 0.000171226
2461 0.000170889
2064 0.000170872
3113 0.000170783
3255 0.000170721
1612 0.000170683
3660 0.000170651
930 0.000170649
2123 0.00017061
2441 0.000170607
3550 0.000170597
2131 0.000170504
1379 0.000170454
2233 0.000170341
1545 0.000170274
1384 0.000170272
1020 0.000170267
30 0.000170259
1746 0.000170254
54 0.000170206
3040 0.000170146
1715 0.000170073
3095 0.00016993
433 0.000169929
2043 0.000169728
3299 0.000169719
508 0.000169692
3297 0.000169684
2428 0.000169661
345 0.000169653
2781 0.000169473
2806 0.00016936
314 0.00016918
1082 0.000169077
2117 0.00016906
3656 0.000168917
2435 0.000168915
1474 0.000168907
2268 0.000168875
3807 0.000168754
1320 0.000168716
75 0.000168689
3274 0.000168683
2680 0.000168583
3222 0.000168552
1667 0.000168445
1453 0.000168443
1257 0.000168364
2974 0.000168241
2601 0.000168234
1089 0.000168033
3762 0.00016783
3285 0.000167773
1554 0.000167766
2853 0.000167759
1427 0.000167709
3267 0.000167692
2187 0.000167655
1739 0.000167578
1225 0.000167512
3011 0.000167507
2294 0.000167425
2815 0.000167238
1502 0.00016722
1751 0.000167197
2758 0.000167196
2073 0.000167187
3169 0.000167026
427 0.000166979
2717 0.000166908
1088 0.000166797
461 0.00016667
2843 0.000166587
3158 0.000166483
2224 0.000166468
2190 0.000166454
3614 0.000166371
1260 0.000166303
444 0.000166099
1184 0.000165804
751 0.000165761
3910 0.000165744
2032 0.000165726
2748 0.000165629
2932 0.000165525
1785 0.000165467
645 0.000165339
2033 0.00016525
480 0.00016523
2376 0.000165171
1946 0.000165145
2590 0.000165135
2934 0.000165082
2625 0.000165069
543 0.00016502
2201 0.000165011
1391 0.000164974
2059 0.000164938
3241 0.000164833
38 0.000164759
975 0.000164683
1154 0.000164662
1696 0.000164632
2624 0.000164623
2743 0.000164438
1645 0.000164372
229 0.000164307
1009 0.000164299
1507 0.000164069
3085 0.00016404
1959 0.000164008
3029 0.000163951
176 0.000163925
2139 0.000163868
1367 0.000163868
1829 0.000163814
2780 0.000163738
1541 0.000163536
3176 0.000163327
378 0.00016332
3196 0.000163302
2068 0.000163196
3522 0.000163142
2087 0.000163062
1743 0.00016303
3462 0.000162978
3059 0.00016292
1691 0.000162824
2197 0.000162787
1396 0.000162737
1234 0.000162705
2936 0.000162701
1188 0.000162674
2093 0.000162575
3435 0.00016253
2050 0.000162409
2955 0.000162222
216 0.000162202
1023 0.000162196
2822 0.000162185
1021 0.000162159
1213 0.00016213
1448 0.00016201
2829 0.000161995
2655 0.000161938
1971 0.000161938
2409 0.000161933
3507 0.00016188
2656 0.000161803
3047 0.000161621
1839 0.000161615
1337 0.000161579
2265 0.000161521
1109 0.000161473
2578 0.000161344
2072 0.000161331
2360 0.000161291
1017 0.000161289
946 0.000161236
545 0.000161159
2275 0.000161118
1010 0.000161082
2540 0.000160966
2884 0.000160962
1185 0.000160955
3943 0.000160921
2218 0.000160909
1432 0.000160901
1909 0.000160886
3106 0.000160786
2176 0.000160723
548 0.000160676
1549 0.000160672
2193 0.000160609
3108 0.000160592
821 0.000160582
2912 0.00016057
3839 0.000160548
651 0.000160497
2896 0.000160487
2989 0.00016048
1766 0.000160422
1413 0.000160327
606 0.000160301
2302 0.000160224
1656 0.00016021
3811 0.000160172
2945 0.00016017
136 0.000160097
2069 0.000159994
743 0.000159971
2937 0.000159935
3179 0.000159926
2292 0.000159884
1941 0.000159787
1736 0.000159662
1655 0.000159632
1019 0.000159615
1113 0.000159588
3631 0.000159494
3036 0.000159306
3767 0.000159293
2791 0.000159263
1428 0.000159152
1918 0.000158818
2630 0.000158795
1496 0.000158754
3188 0.000158717
450 0.000158696
925 0.000158593
70 0.000158591
295 0.00015827
3416 0.000158173
2492 0.000158062
3065 0.000157961
1211 0.000157939
398 0.000157853
1051 0.000157842
3770 0.000157808
3178 0.000157717
1037 0.000157387
2649 0.000157385
3958 0.000157252
2523 0.000157046
3666 0.00015703
2138 0.000156876
3697 0.00015677
964 0.000156712
3780 0.000156674
2121 0.000156647
246 0.000156644
3138 0.000156635
1977 0.000156635
2593 0.000156607
1534 0.000156595
759 0.000156411
1454 0.000156187
2813 0.000156185
1660 0.000156179
3115 0.00015616
756 0.000156104
435 0.000156046
3420 0.000156042
3452 0.000156029
2555 0.000155979
1377 0.000155813
3346 0.000155737
2939 0.000155736
3563 0.000155697
2299 0.000155627
590 0.000155625
948 0.000155582
2586 0.000155486
160 0.000155478
1551 0.000155373
2482 0.000155367
2711 0.000155354
1268 0.00015532
941 0.000155279
1072 0.000155143
2278 0.000154885
2149 0.000154791
2460 0.000154752
1546 0.000154558
1166 0.000154537
3310 0.000154532
1332 0.000154488
3763 0.00015446
523 0.000154441
3353 0.000154406
1841 0.000154376
3275 0.000154341
1966 0.000154334
1221 0.000154314
1882 0.000154162
841 0.000154155
2874 0.000154129
2991 0.000154094
2154 0.000154078
1799 0.00015406
3177 0.000154055
2344 0.000153875
362 0.000153707
1947 0.000153668
2200 0.000153631
3247 0.000153546
2354 0.000153543
3378 0.000153494
2074 0.000153492
2124 0.000153463
1238 0.000153413
1222 0.00015339
2638 0.00015335
2897 0.000153331
3754 0.00015327
3914 0.000153178
2402 0.000153148
944 0.000153091
3703 0.00015306
3146 0.000153044
3099 0.000152991
1929 0.000152944
3845 0.00015285
2102 0.000152833
1920 0.000152807
916 0.000152786
3206 0.000152766
368 0.000152764
1404 0.000152666
993 0.000152634
2700 0.000152365
2339 0.000152362
902 0.000152348
2395 0.000152267
2125 0.000152265
1813 0.000152262
2045 0.00015226
2153 0.000152256
2550 0.000152202
2370 0.000152134
2020 0.000152134
2957 0.000152134
3805 0.000152111
527 0.000152059
1904 0.000151982
3683 0.000151921
1847 0.000151907
387 0.000151832
3332 0.000151799
2356 0.000151741
2118 0.000151712
3450 0.00015167
2856 0.000151668
2108 0.000151663
1758 0.000151571
294 0.000151516
1102 0.000151433
3673 0.000151333
1153 0.000151314
3298 0.000151282
1522 0.000151259
2277 0.000151176
1859 0.000151158
3261 0.000151149
2084 0.000151145
2561 0.000151107
2276 0.00015097
3023 0.00015086
3335 0.000150706
1073 0.000150673
3913 0.000150664
1879 0.000150641
704 0.000150495
1228 0.000150426
2104 0.000150384
3658 0.000150379
2352 0.000150325
672 0.000150307
2520 0.000150246
2241 0.000150235
2419 0.000150168
2881 0.000150154
1080 0.000150116
1565 0.00015006
1447 0.000149859
2005 0.000149815
344 0.000149807
3618 0.000149717
2688 0.000149614
3329 0.000149543
1616 0.000149539
2678 0.000149515
1793 0.000149491
1647 0.000149268
2140 0.000149212
1695 0.000149154
103 0.000149128
954 0.000149086
1132 0.000148892
3070 0.000148862
985 0.000148765
2818 0.000148755
55 0.000148692
3331 0.000148602
980 0.000148563
3272 0.000148506
2373 0.000148473
2888 0.000148453
2929 0.000148449
3062 0.000148427
1828 0.000148392
2374 0.000148389
2095 0.000148389
2682 0.000148368
2795 0.000148351
3287 0.000148315
3253 0.000148253
317 0.000148238
2667 0.00014816
1178 0.000148096
473 0.000147942
3411 0.000147921
379 0.00014774
3893 0.000147639
2105 0.000147623
3784 0.000147606
3219 0.000147605
3004 0.000147603
3543 0.0001476
981 0.000147396
3224 0.000147394
1018 0.000147347
1708 0.000147286
974 0.000147249
2414 0.000147246
1229 0.000147228
2150 0.000147211
415 0.000147139
1732 0.000147089
2511 0.000147043
2559 0.000147022
1250 0.000146948
434 0.000146937
1299 0.000146834
2979 0.000146828
2784 0.000146816
2114 0.000146787
2870 0.000146771
690 0.000146727
2363 0.000146547
3383 0.000146527
146 0.000146526
2510 0.000146519
2745 0.000146492
2031 0.000146491
2749 0.000146409
1106 0.000146383
2308 0.00014637
1570 0.000146302
2463 0.000146297
1488 0.000146274
1872 0.000146253
382 0.00014625
1200 0.000146235
1120 0.000146232
2290 0.00014623
479 0.000146229
1189 0.00014616
1759 0.00014604
2083 0.000145955
2592 0.000145909
2766 0.000145775
413 0.000145706
1420 0.000145671
3574 0.000145588
1203 0.000145339
591 0.000145249
2468 0.000145156
3244 0.000145126
2617 0.000145086
3384 0.00014506
2071 0.000145051
1255 0.000144972
2921 0.000144969
2756 0.000144809
2322 0.000144742
2573 0.000144647
2040 0.000144647
2247 0.000144639
2223 0.000144544
2710 0.000144502
3941 0.000144485
1308 0.000144483
2451 0.000144478
3278 0.000144457
2821 0.000144452
2629 0.000144412
50 0.000144235
2382 0.000144185
2899 0.000144169
3013 0.000144107
462 0.000143944
1598 0.000143829
1807 0.000143745
1467 0.000143654
1557 0.000143601
3265 0.000143525
2541 0.000143514
439 0.000143494
1059 0.000143482
3117 0.000143366
3089 0.00014321
2539 0.000143164
3424 0.000143127
2196 0.000143117
1425 0.000143099
2903 0.000143083
1662 0.000143033
2082 0.000142979
1516 0.000142975
1641 0.000142855
1353 0.000142838
1248 0.000142836
1531 0.000142809
3517 0.000142791
2871 0.000142643
1258 0.000142598
2211 0.00014258
1650 0.000142511
2319 0.000142495
3257 0.000142486
3342 0.000142334
2887 0.000142273
1671 0.000142177
3014 0.00014214
2257 0.000142066
2796 0.000141949
2739 0.000141945
715 0.000141895
2112 0.000141829
3364 0.00014167
931 0.000141669
3238 0.000141662
2404 0.000141522
3246 0.000141406
2446 0.000141387
2619 0.000141337
2553 0.000141312
2924 0.000141143
3103 0.000141142
3724 0.000141118
1076 0.00014109
430 0.000141063
3428 0.000141033
2785 0.000140965
2471 0.000140943
3389 0.000140938
1986 0.000140876
1582 0.000140872
2715 0.000140773
458 0.000140691
3386 0.000140683
2174 0.000140674
2279 0.000140568
2690 0.000140562
570 0.000140491
1090 0.000140472
3279 0.000140466
2119 0.000140449
1902 0.000140386
1142 0.000140383
3361 0.000140337
3234 0.000140273
3588 0.000140256
290 0.000140026
2769 0.000140015
2334 0.000140004
2332 0.00013999
1720 0.000139983
1101 0.000139805
1476 0.000139642
2854 0.000139608
1569 0.000139366
3741 0.000139361
2491 0.000139285
641 0.000139269
3403 0.000139237
1603 0.000139126
2718 0.000139101
65 0.000138831
1791 0.000138808
1553 0.000138774
2127 0.000138755
3005 0.000138718
3111 0.000138653
2681 0.000138563
2039 0.00013856
1669 0.000138558
496 0.000138519
3410 0.000138463
1169 0.000138242
2253 0.000138137
1984 0.000138062
106 0.000138007
2183 0.000137979
1343 0.000137978
2351 0.000137953
1122 0.000137946
1867 0.000137897
1604 0.000137841
1717 0.00013772
991 0.000137633
1934 0.000137596
3777 0.000137589
3395 0.000137588
2359 0.000137559
1450 0.000137544
2608 0.000137504
2537 0.000137478
2665 0.000137464
2348 0.000137456
2975 0.000137452
1550 0.000137436
3432 0.000137427
394 0.000137379
66 0.00013736
388 0.00013722
2325 0.000137218
2696 0.000137178
3940 0.000137154
1686 0.00013712
3258 0.000137033
2063 0.000136966
2958 0.000136945
1279 0.000136886
2416 0.000136822
2504 0.000136811
165 0.000136736
1329 0.000136723
2581 0.000136703
2408 0.000136665
1683 0.000136624
1146 0.000136587
69 0.000136324
2122 0.000136244
1911 0.000136237
1167 0.000136233
1923 0.000136216
2394 0.000136164
445 0.000136088
1868 0.000136051
2291 0.000136019
2180 0.000135991
1361 0.000135961
1529 0.000135949
1237 0.000135906
2562 0.000135884
3977 0.000135851
1326 0.000135814
3021 0.000135785
3046 0.000135663
2406 0.000135573
16 0.000135517
2946 0.000135445
3273 0.000135414
1694 0.000135297
2675 0.000135283
1750 0.000135268
1226 0.00013525
3048 0.00013514
1702 0.00013507
2823 0.000135049
2950 0.000134991
880 0.00013498
2846 0.00013493
410 0.000134865
3371 0.00013486
2603 0.000134754
392 0.000134708
1692 0.000134697
3934 0.000134645
2256 0.000134621
1718 0.000134588
1155 0.000134555
1150 0.000134426
3212 0.000134397
2832 0.000134326
2377 0.000134238
1726 0.000134226
812 0.000134217
1013 0.00013419
1954 0.00013419
2053 0.000134111
3237 0.000134098
3123 0.00013405
1256 0.000134017
3213 0.000133902
2713 0.000133823
3944 0.000133652
1626 0.000133578
1310 0.000133545
311 0.000133494
1330 0.000133431
1756 0.000133423
2868 0.000133418
2582 0.000133332
1547 0.000133156
1706 0.000133134
3484 0.000133119
3600 0.0001331
1816 0.000133081
1873 0.000133073
3124 0.000132894
3817 0.00013284
2918 0.000132838
2772 0.000132835
3164 0.000132804
1500 0.000132736
2812 0.000132692
1757 0.000132689
1763 0.000132682
1315 0.000132666
1230 0.000132656
2610 0.000132478
3079 0.0001324
2216 0.000132378
710 0.000132352
2898 0.000132345
3193 0.000132299
537 0.000132262
2251 0.000132232
409 0.000132081
490 0.000132055
3391 0.000131884
2424 0.000131767
1794 0.000131673
1309 0.000131616
2858 0.000131567
1456 0.000131466
560 0.000131446
2643 0.000131437
1761 0.000131373
298 0.000131255
2662 0.000131218
3032 0.000131158
3166 0.00013113
2646 0.000131088
2954 0.000131085
2430 0.000131078
898 0.00013105
2616 0.000131
2775 0.000130861
1175 0.000130858
2875 0.000130855
2237 0.00013081
1597 0.000130788
1060 0.000130747
949 0.000130718
3381 0.000130631
1933 0.000130607
3204 0.00013059
2250 0.000130385
1139 0.000130361
2086 0.000130324
1108 0.000130241
1249 0.000130218
2307 0.000130212
1665 0.000130137
2672 0.000130131
2970 0.000130088
240 0.000130067
1210 0.000130044
1321 0.000129987
1349 0.000129968
1903 0.000129959
2161 0.000129733
700 0.000129646
2372 0.000129572
2458 0.00012957
2169 0.00012955
1878 0.00012953
3316 0.000129529
1477 0.000129457
1792 0.000129293
943 0.000129269
2434 0.000129218
1997 0.000129151
2654 0.000129067
1006 0.000129059
2227 0.000129038
3129 0.000128912
2318 0.000128843
2857 0.000128753
587 0.000128741
2358 0.000128715
1518 0.00012869
2840 0.000128666
2803 0.000128521
2495 0.000128485
2549 0.000128475
1168 0.000128385
1594 0.000128363
2042 0.000128266
1029 0.000128249
1341 0.000128203
655 0.000128067
1681 0.000128062
549 0.000128041
268 0.000127969
1357 0.000127794
1970 0.000127777
1318 0.00012776
341 0.000127672
3512 0.000127669
1443 0.000127658
2521 0.000127634
3034 0.000127569
1608 0.000127541
3834 0.000127519
1744 0.000127507
1331 0.000127482
3118 0.000127456
2052 0.000127428
2725 0.000127421
2036 0.000127316
2132 0.000127248
586 0.000127245
2433 0.000127226
1141 0.000127171
2212 0.000127042
3936 0.000127035
3882 0.000127012
3245 0.000126911
3377 0.000126897
352 0.000126721
3678 0.000126691
3349 0.000126683
1079 0.000126659
1483 0.000126637
3157 0.000126587
1245 0.000126521
1620 0.000126515
1649 0.000126488
3190 0.000126485
669 0.00012647
2386 0.000126461
3343 0.000126364
1928 0.00012636
1815 0.000126345
2145 0.00012633
3304 0.000126293
2779 0.00012626
2273 0.000126258
2848 0.000126196
2761 0.000126192
1932 0.000126073
761 0.000126065
1848 0.000126013
3301 0.000126006
3236 0.000125984
1306 0.000125906
3356 0.000125867
3135 0.000125835
35 0.000125806
2551 0.000125704
2765 0.000125702
2533 0.000125655
1823 0.0001256
923 0.000125594
2753 0.000125528
951 0.000125388
1311 0.00012533
3102 0.0001253
996 0.00012522
3333 0.00012522
3889 0.000125192
2996 0.000125166
2787 0.000125137
3223 0.000125132
3832 0.000125119
2085 0.000125082
421 0.00012502
1374 0.000124925
318 0.000124897
2191 0.000124873
3288 0.00012472
1114 0.000124699
1382 0.000124575
1748 0.00012441
2338 0.000124385
2300 0.000124334
1809 0.000124298
3400 0.000124291
1215 0.000124175
2727 0.000124064
1944 0.000124048
3167 0.000123946
660 0.000123934
1281 0.000123823
3191 0.000123816
1124 0.000123798
2948 0.000123765
2246 0.000123711
3422 0.000123674
2566 0.000123667
3205 0.00012363
2128 0.00012339
1740 0.000123368
2770 0.000123334
2976 0.0001233
2826 0.000123274
3859 0.000123194
2242 0.000123168
646 0.000123097
1908 0.000123069
1161 0.000123046
3922 0.000123038
2508 0.000122977
1370 0.000122959
2070 0.000122915
1735 0.000122887
2835 0.00012284
1677 0.000122832
614 0.000122818
950 0.000122788
2709 0.000122781
27 0.000122743
1179 0.000122703
528 0.000122666
2831 0.000122586
634 0.000122582
1552 0.000122564
1497 0.00012254
1419 0.000122488
3654 0.000122413
1520 0.000122403
1600 0.000122399
1015 0.000122335
1217 0.000122241
3242 0.000122229
2230 0.000122215
1924 0.000122199
2101 0.000122169
3228 0.000122096
1812 0.000122065
3520 0.000121994
1673 0.000121959
2115 0.000121937
1464 0.000121856
2588 0.00012185
1445 0.000121822
2148 0.000121816
2194 0.000121808
2567 0.000121805
3430 0.000121727
1473 0.000121718
3355 0.000121626
340 0.000121557
2575 0.00012146
1625 0.000121417
1635 0.000121379
1303 0.000121363
984 0.000121261
2579 0.000121215
3259 0.000121205
969 0.000121164
425 0.000120955
3294 0.000120948
1670 0.000120851
1858 0.000120848
1861 0.000120834
960 0.000120753
2546 0.000120739
2425 0.000120636
2165 0.000120621
987 0.000120568
2597 0.000120469
1005 0.000120344
2751 0.000120322
966 0.00012032
3413 0.000120312
1752 0.0001203
1406 0.000120234
1335 0.000120138
3572 0.000120131
1578 0.000120122
2686 0.000120119
2203 0.000119973
1916 0.000119931
3042 0.00011989
3307 0.000119877
971 0.000119813
1864 0.000119789
1509 0.00011976
1948 0.000119672
1173 0.000119594
536 0.000119582
558 0.000119491
2109 0.000119465
2162 0.000119348
936 0.000119335
4010 0.0001193
1048 0.000119213
683 0.000119193
2720 0.000119158
1668 0.00011915
2731 0.000118873
1121 0.000118848
482 0.000118783
962 0.000118697
2046 0.000118672
1778 0.000118641
2028 0.000118601
1107 0.000118496
1689 0.000118466
2892 0.000118435
3211 0.000118217
3312 0.000118201
3681 0.000118197
235 0.000118184
2469 0.000118173
2673 0.000118165
2623 0.000118145
3890 0.000118136
2514 0.000118094
2232 0.000118019
1514 0.000118017
4008 0.000118001
3317 0.000117979
1438 0.000117874
2135 0.000117857
3208 0.000117855
1190 0.000117705
1429 0.000117604
2556 0.000117576
3250 0.000117558
3399 0.000117465
3173 0.000117437
2329 0.000117354
1704 0.000117288
3069 0.000117251
2436 0.000117186
1446 0.00011714
2914 0.000117087
2712 0.000117031
2685 0.000116932
2631 0.000116909
2467 0.000116854
4015 0.000116747
1324 0.000116717
1773 0.000116536
2907 0.000116525
1563 0.000116495
2484 0.000116286
1372 0.000116255
3984 0.000116161
1214 0.000116121
2594 0.000116037
471 0.000115963
1062 0.000115946
1617 0.000115916
1117 0.000115894
3209 0.00011587
921 0.000115867
1125 0.000115858
511 0.000115817
3328 0.000115797
1849 0.000115705
988 0.000115681
3415 0.000115622
2016 0.00011561
2684 0.0001156
1301 0.000115537
1044 0.000115518
2345 0.000115507
2552 0.000115485
3431 0.000115465
604 0.000115456
1305 0.00011545
2189 0.000115424
3144 0.000115364
2254 0.000115358
2267 0.000115283
1940 0.000115233
2923 0.000115184
721 0.000115148
1721 0.000115105
3262 0.000115032
3337 0.000115027
2941 0.000114961
1170 0.000114933
495 0.000114907
1675 0.0001148
2143 0.000114767
3736 0.00011474
3341 0.00011473
2961 0.000114676
2144 0.000114668
1842 0.000114629
1269 0.000114547
2702 0.000114545
1845 0.000114448
420 0.000114297
1767 0.000114212
1183 0.000114209
4035 0.000114198
4024 0.000114168
4022 0.000114163
2964 0.000114103
2485 0.000114102
1163 0.000113951
1699 0.000113939
3194 0.000113935
3143 0.0001139
1850 0.000113818
968 0.000113804
1115 0.000113791
2501 0.000113777
1291 0.000113775
1487 0.000113612
1781 0.000113459
667 0.000113383
338 0.00011333
487 0.000113279
418 0.000113265
1965 0.000113247
1590 0.000113145
1267 0.000113034
1409 0.000112938
915 0.000112921
2002 0.00011269
1191 0.000112684
1543 0.000112519
2735 0.000112456
1688 0.000112438
3388 0.000112307
2098 0.000112265
1801 0.000112163
1682 0.000112106
1955 0.000112092
221 0.000112069
1339 0.000111982
1327 0.000111981
1633 0.000111692
405 0.00011165
1465 0.000111646
1762 0.000111574
2498 0.000111499
3203 0.00011149
79 0.000111434
2708 0.000111403
2968 0.0001114
1741 0.000111356
2475 0.00011127
2010 0.000111267
3973 0.000111239
2783 0.000111057
1925 0.000110893
1619 0.000110747
3148 0.000110661
512 0.000110654
1004 0.00011065
1949 0.000110593
491 0.000110561
3075 0.000110557
1480 0.000110349
2261 0.00011034
1342 0.00011013
1035 0.000110102
2967 0.000110045
1810 0.000109997
2226 0.000109963
2850 0.000109911
3843 0.000109872
1527 0.000109765
1728 0.000109731
2062 0.000109726
3041 0.000109658
1412 0.000109608
494 0.000109583
982 0.000109533
2056 0.000109481
1242 0.000109457
1205 0.0001094
1491 0.000109366
1302 0.000109256
900 0.00010913
426 0.000109127
1369 0.000109076
3030 0.000109019
3097 0.000108998
2984 0.000108976
2368 0.000108953
3260 0.000108917
1058 0.000108779
1440 0.000108733
1906 0.000108709
2517 0.000108507
2209 0.000108456
1939 0.000108338
3494 0.000108247
978 0.000108245
2264 0.000108231
2398 0.000108217
997 0.000108177
2026 0.000108155
3068 0.000108123
1898 0.000108093
2589 0.000108051
1712 0.000107996
2952 0.000107925
1408 0.000107861
1606 0.000107773
1296 0.000107765
1083 0.000107562
940 0.000107547
2134 0.000107533
1271 0.000107502
1881 0.000107492
1294 0.000107478
2797 0.000107439
913 0.000107435
2235 0.000107395
2158 0.000107385
986 0.00010733
2080 0.000107304
3171 0.000107279
1024 0.00010722
2844 0.000107057
1280 0.000106982
1094 0.000106952
735 0.000106905
3189 0.000106884
2759 0.000106835
1637 0.000106832
1901 0.000106813
1884 0.000106713
2506 0.000106571
1512 0.000106552
2499 0.000106505
2489 0.000106412
2516 0.000106321
1344 0.00010629
3100 0.000106283
1451 0.000106247
2438 0.000106104
3225 0.000106096
1246 0.000106053
3755 0.000105955
967 0.00010574
2296 0.000105725
449 0.000105568
1243 0.000105539
1444 0.000105467
3404 0.000105445
1530 0.000105409
1077 0.000105257
2306 0.000105169
3379 0.000105126
3390 0.00010512
2977 0.000104965
947 0.000104954
3050 0.000104947
1288 0.000104946
2701 0.000104923
3270 0.000104899
2768 0.000104885
1388 0.000104877
3186 0.000104847
3018 0.000104787
2418 0.000104523
1981 0.000104433
3156 0.000104391
1128 0.00010435
973 0.000104284
2130 0.000104273
2445 0.00010425
1826 0.000104211
1181 0.000104148
3043 0.00010411
919 0.000104098
3165 0.000104086
2066 0.000104037
1359 0.000103751
3978 0.000103736
1609 0.000103625
3313 0.000103487
2747 0.000103426
502 0.000103344
3016 0.000103299
2008 0.000103287
1818 0.000103276
2563 0.000103263
2825 0.00010306
1789 0.000102926
1930 0.000102884
1540 0.000102883
1350 0.000102822
2637 0.000102401
2981 0.000102318
2029 0.000102232
2525 0.000102189
699 0.00010206
933 0.000102041
3067 0.000102003
1300 0.000101874
3276 0.000101856
10 0.000101826
3603 0.000101815
2762 0.000101717
2012 0.000101427
279 0.000101381
2480 0.000101305
649 0.000101263
1592 0.000101252
1503 0.000101202
2479 0.000101174
2794 0.000101046
2953 0.000101012
2420 0.000100999
1172 0.000100989
2895 0.000100926
3359 0.000100756
1001 0.000100751
1392 0.000100729
3159 0.000100656
2478 0.00010055
989 0.000100504
1886 0.000100344
1149 0.000100337
1508 0.000100315
2272 0.0001003
2938 0.000100279
2990 0.000100207
3457 0.000100176
3340 0.00010013
485 0.000100042
2947 0.000100013
3296 9.97672e-05
1605 9.9767e-05
1950 9.96877e-05
3796 9.96684e-05
1380 9.96528e-05
2744 9.95301e-05
3373 9.95075e-05
995 9.93629e-05
2847 9.93008e-05
1713 9.92907e-05
1316 9.92199e-05
3795 9.91478e-05
2222 9.90405e-05
1727 9.90355e-05
2315 9.90066e-05
2388 9.90019e-05
526 9.89749e-05
1247 9.88679e-05
1313 9.86164e-05
2687 9.85904e-05
1685 9.85606e-05
2987 9.8514e-05
3461 9.84329e-05
2814 9.8402e-05
1623 9.838e-05
2705 9.82947e-05
3788 9.80627e-05
3689 9.80353e-05
3039 9.80265e-05
1678 9.79741e-05
2366 9.79096e-05
2099 9.78593e-05
1897 9.7847e-05
965 9.78256e-05
2151 9.77384e-05
1038 9.75998e-05
3160 9.75131e-05
1492 9.75118e-05
2591 9.74952e-05
2443 9.7455e-05
1638 9.74541e-05
2399 9.73513e-05
3393 9.73431e-05
2396 9.73323e-05
1449 9.73315e-05
530 9.72764e-05
2980 9.72344e-05
446 9.71817e-05
541 9.70478e-05
3292 9.69939e-05
2179 9.68008e-05
2574 9.67786e-05
2213 9.67786e-05
1595 9.67485e-05
1081 9.66512e-05
3352 9.65106e-05
1416 9.64653e-05
3215 9.6418e-05
3289 9.6398e-05
1869 9.62408e-05
2557 9.61281e-05
562 9.61219e-05
1953 9.60982e-05
3286 9.60942e-05
1561 9.6079e-05
2472 9.60118e-05
1790 9.59144e-05
1290 9.58603e-05
1632 9.57504e-05
2790 9.55786e-05
1008 9.55603e-05
1674 9.55433e-05
2532 9.54457e-05
1334 9.54109e-05
2280 9.54025e-05
1907 9.5141e-05
2304 9.49136e-05
2141 9.49031e-05
3254 9.48795e-05
488 9.48147e-05
1156 9.45846e-05
1764 9.43494e-05
2473 9.43016e-05
3007 9.42932e-05
2462 9.42733e-05
3414 9.42507e-05
2477 9.42008e-05
2882 9.41465e-05
1528 9.4135e-05
3589 9.40725e-05
1093 9.3962e-05
3243 9.39291e-05
897 9.38286e-05
2385 9.38184e-05
1123 9.35376e-05
2014 9.35153e-05
1422 9.35106e-05
2077 9.34872e-05
138 9.34411e-05
1312 9.34157e-05
2830 9.33304e-05
2707 9.33014e-05
2512 9.32574e-05
1875 9.32463e-05
3249 9.32343e-05
1323 9.32258e-05
1346 9.3101e-05
3315 9.30169e-05
1040 9.27695e-05
316 9.27085e-05
540 9.26639e-05
2221 9.25854e-05
2965 9.25467e-05
1659 9.25303e-05
1198 9.25052e-05
1110 9.24178e-05
3161 9.23115e-05
920 9.2173e-05
3582 9.20945e-05
1003 9.20629e-05
569 9.20331e-05
1580 9.19383e-05
3492 9.1848e-05
2367 9.1751e-05
2736 9.17508e-05
2353 9.169e-05
3058 9.16178e-05
2391 9.15191e-05
3959 9.15091e-05
593 9.14946e-05
1526 9.14435e-05
1738 9.14209e-05
535 9.1317e-05
3326 9.12188e-05
3133 9.11109e-05
952 9.10908e-05
998 9.0895e-05
953 9.06968e-05
2270 9.06221e-05
3306 9.05648e-05
2819 9.04919e-05
1042 9.03739e-05
1455 9.03261e-05
2392 9.03181e-05
3409 9.00806e-05
451 9.00332e-05
2389 8.99977e-05
2641 8.99404e-05
2845 8.99188e-05
1418 8.98745e-05
1028 8.98699e-05
2164 8.97961e-05
2060 8.97936e-05
1025 8.97917e-05
2003 8.97067e-05
416 8.96331e-05
1026 8.95129e-05
906 8.93803e-05
2198 8.93501e-05
1244 8.93005e-05
2343 8.92951e-05
1753 8.92667e-05
267 8.91643e-05
1852 8.91371e-05
1470 8.89824e-05
3163 8.89515e-05
905 8.87205e-05
3151 8.86065e-05
191 8.84187e-05
2407 8.83566e-05
2415 8.8348e-05
2075 8.83467e-05
2417 8.81905e-05
1207 8.80576e-05
565 8.79615e-05
1643 8.79279e-05
1289 8.78858e-05
2733 8.78311e-05
1575 8.7825e-05
60 8.7613e-05
3110 8.75912e-05
2653 8.73667e-05
976 8.7343e-05
1795 8.73426e-05
2801 8.73403e-05
2737 8.72578e-05
1223 8.72562e-05
2891 8.72312e-05
1870 8.72106e-05
375 8.7136e-05
2545 8.70397e-05
3421 8.66545e-05
2259 8.66212e-05
1513 8.65693e-05
1963 8.64836e-05
1523 8.64778e-05
2210 8.64721e-05
2554 8.64033e-05
2995 8.63287e-05
1375 8.61674e-05
2465 8.61618e-05
3024 8.61349e-05
1722 8.61262e-05
914 8.61223e-05
3319 8.60837e-05
1679 8.58926e-05
1489 8.58858e-05
601 8.57991e-05
1865 8.57937e-05
1461 8.57701e-05
1644 8.56723e-05
2652 8.56091e-05
927 8.55141e-05
1863 8.54759e-05
2859 8.53824e-05
3688 8.537e-05
1405 8.53435e-05
1817 8.52623e-05
2215 8.49993e-05
2452 8.49261e-05
1049 8.48615e-05
1811 8.48329e-05
1780 8.48294e-05
440 8.48234e-05
2878 8.45775e-05
3009 8.43502e-05
2285 8.41081e-05
3044 8.4081e-05
3170 8.40688e-05
2390 8.37983e-05
2876 8.37056e-05
1745 8.36404e-05
2612 8.35956e-05
2723 8.35617e-05
1160 8.35324e-05
1653 8.35128e-05
2058 8.34632e-05
1994 8.34448e-05
934 8.33074e-05
3358 8.30043e-05
2092 8.29692e-05
983 8.29651e-05
2155 8.28992e-05
2362 8.28738e-05
1481 8.27855e-05
3334 8.27775e-05
1539 8.27213e-05
3175 8.26965e-05
2274 8.25399e-05
3732 8.25113e-05
3942 8.24199e-05
3552 8.23473e-05
1435 8.23207e-05
3429 8.22403e-05
3199 8.22272e-05
3217 8.21149e-05
2387 8.20652e-05
2400 8.20238e-05
1012 8.1985e-05
2752 8.18757e-05
2971 8.18271e-05
959 8.11769e-05
2379 8.11577e-05
1765 8.11376e-05
1772 8.09295e-05
3380 8.08399e-05
3192 8.08346e-05
2166 8.07356e-05
3109 8.05641e-05
521 8.03416e-05
3093 8.02464e-05
3712 8.01948e-05
1385 8.01471e-05
3305 8.00297e-05
1982 7.97974e-05
1381 7.97587e-05
1075 7.97401e-05
1652 7.96335e-05
2182 7.95729e-05
2013 7.95236e-05
2429 7.95089e-05
1241 7.94921e-05
932 7.92233e-05
1095 7.91887e-05
2312 7.9149e-05
2900 7.90351e-05
1819 7.90195e-05
3210 7.89582e-05
1065 7.89529e-05
1737 7.89432e-05
1286 7.89364e-05
1498 7.88656e-05
1501 7.8731e-05
2449 7.86712e-05
1437 7.85854e-05
1913 7.85527e-05
1112 7.84657e-05
1639 7.84566e-05
3357 7.84426e-05
994 7.8382e-05
676 7.83698e-05
1614 7.82814e-05
3197 7.82798e-05
2547 7.82347e-05
1351 7.82194e-05
3575 7.81982e-05
2908 7.80753e-05
1272 7.77969e-05
1135 7.77855e-05
2413 7.77111e-05
63 7.74935e-05
1989 7.74426e-05
1602 7.74181e-05
1571 7.73831e-05
2110 7.73217e-05
1400 7.72798e-05
1209 7.71068e-05
1340 7.70272e-05
2917 7.69543e-05
1851 7.68658e-05
2019 7.67373e-05
1354 7.66785e-05
1140 7.65479e-05
3088 7.65447e-05
854 7.64119e-05
3418 7.64018e-05
1056 7.59323e-05
1631 7.58474e-05
2355 7.58422e-05
208 7.58374e-05
1007 7.58224e-05
1402 7.57554e-05
3281 7.57412e-05
2531 7.53942e-05
1436 7.53776e-05
2243 7.52747e-05
3865 7.51716e-05
1885 7.45947e-05
2529 7.42257e-05
2234 7.41091e-05
1891 7.38579e-05
1182 7.38559e-05
1457 7.37351e-05
2816 7.37228e-05
2262 7.36861e-05
1853 7.34635e-05
1538 7.32584e-05
2519 7.32483e-05
1054 7.32257e-05
1220 7.29075e-05
183 7.27135e-05
744 7.26781e-05
2067 7.25148e-05
3015 7.21354e-05
2186 7.19471e-05
1535 7.19087e-05
1877 7.18313e-05
2136 7.16207e-05
2057 7.14229e-05
1074 7.13302e-05
1130 7.13149e-05
1579 7.12528e-05
2609 7.11463e-05
1830 7.10311e-05
1846 7.09573e-05
2606 7.09484e-05
935 7.05314e-05
851 7.03123e-05
3467 7.01423e-05
1458 7.00439e-05
999 6.99007e-05
2883 6.97256e-05
250 6.9666e-05
371 6.95572e-05
1883 6.93284e-05
1180 6.91657e-05
1782 6.87207e-05
750 6.86496e-05
1646 6.83861e-05
2804 6.82427e-05
2518 6.81325e-05
1285 6.80982e-05
1201 6.79311e-05
1287 6.78855e-05
1103 6.77769e-05
2580 6.77093e-05
2502 6.76837e-05
3436 6.764e-05
1724 6.74691e-05
1987 6.7393e-05
305 6.73079e-05
3686 6.72807e-05
1336 6.72765e-05
1796 6.7226e-05
1519 6.70053e-05
1278 6.68093e-05
3375 6.67923e-05
922 6.65744e-05
2096 6.64005e-05
164 6.63381e-05
1805 6.63361e-05
3092 6.61331e-05
1832 6.608e-05
2293 6.5989e-05
1490 6.59406e-05
2055 6.58619e-05
1393 6.56511e-05
1754 6.54384e-05
2330 6.53578e-05
2287 6.52055e-05
3367 6.50029e-05
1658 6.49796e-05
1460 6.48835e-05
1047 6.48736e-05
1485 6.48679e-05
336 6.47702e-05
448 6.46852e-05
1774 6.44906e-05
1031 6.43631e-05
1734 6.42308e-05
1364 6.41846e-05
2714 6.41711e-05
1195 6.41462e-05
442 6.40571e-05
2536 6.38753e-05
2584 6.36054e-05
2432 6.35866e-05
1034 6.33398e-05
648 6.3161e-05
1855 6.30147e-05
1152 6.2997e-05
1092 6.2848e-05
2998 6.23685e-05
1558 6.23352e-05
1697 6.22208e-05
2576 6.21848e-05
1942 6.2173e-05
2393 6.21196e-05
629 6.19692e-05
1398 6.15477e-05
2311 6.13474e-05
1900 6.13018e-05
1723 6.07528e-05
2310 6.05352e-05
2942 5.98685e-05
2147 5.96528e-05
2695 5.95e-05
3955 5.93485e-05
1219 5.88874e-05
1196 5.88787e-05
1542 5.88625e-05
1618 5.87436e-05
390 5.85485e-05
34 5.8247e-05
1151 5.7999e-05
1407 5.76971e-05
2704 5.75839e-05
1293 5.75182e-05
2295 5.74121e-05
2048 5.70399e-05
1068 5.7003e-05
1389 5.68669e-05
2811 5.68126e-05
671 5.67007e-05
1572 5.63341e-05
2740 5.63267e-05
3112 5.58569e-05
2239 5.56836e-05
945 5.55894e-05
1521 5.53681e-05
3323 5.51207e-05
2544 5.50574e-05
1506 5.46937e-05
2746 5.44487e-05
1524 5.43541e-05
2350 5.42642e-05
2454 5.42386e-05
2298 5.4119e-05
2476 5.39865e-05
2571 5.39416e-05
2205 5.39146e-05
972 5.38355e-05
2303 5.37149e-05
1532 5.36858e-05
3202 5.33706e-05
3370 5.32411e-05
1397 5.32052e-05
1510 5.30959e-05
2137 5.29932e-05
2692 5.25797e-05
1063 5.20666e-05
1091 5.19776e-05
2963 5.17337e-05
1069 5.17091e-05
3235 5.15305e-05
1769 5.09031e-05
875 5.0808e-05
2044 5.06429e-05
1265 5.05843e-05
1484 5.05753e-05
1777 5.04276e-05
365 5.03566e-05
2802 5.02643e-05
883 5.01428e-05
3879 4.99374e-05
1843 4.923e-05
288 4.90097e-05
891 4.88562e-05
2288 4.85289e-05
2258 4.84347e-05
2219 4.82016e-05
3704 4.81998e-05
1143 4.80284e-05
1836 4.79611e-05
1856 4.78979e-05
926 4.7777e-05
892 4.75546e-05
2427 4.74465e-05
3854 4.73474e-05
1411 4.71041e-05
1952 4.68193e-05
2572 4.66404e-05
1710 4.64523e-05
2605 4.63958e-05
2493 4.61824e-05
1556 4.60628e-05
2635 4.57154e-05
2568 4.54938e-05
1116 4.52866e-05
1164 4.52542e-05
3765 4.51253e-05
1263 4.49589e-05
1887 4.4669e-05
2852 4.43457e-05
1365 4.39422e-05
1414 4.37993e-05
1147 4.36941e-05
2163 4.33736e-05
1517 4.33322e-05
1430 4.30181e-05
2177 4.27027e-05
1700 4.21379e-05
3597 4.20705e-05
385 4.19675e-05
2613 4.19192e-05
1084 4.16985e-05
571 4.14615e-05
2383 4.14344e-05
2530 4.13138e-05
907 4.12876e-05
2496 4.1163e-05
1771 4.02892e-05
2065 4.01325e-05
1401 4.00393e-05
2185 3.98961e-05
1022 3.94856e-05
125 3.92215e-05
1039 3.88017e-05
2305 3.87899e-05
2021 3.73865e-05
2249 3.72687e-05
3094 3.71813e-05
3928 3.70311e-05
2252 3.69966e-05
3408 3.67623e-05
673 3.48598e-05
207 3.46169e-05
2380 3.43357e-05
153 3.43062e-05
234 3.40203e-05
2599 3.36245e-05
2175 3.30351e-05
1362 3.29157e-05
610 3.24628e-05
1821 3.22481e-05
2208 3.18059e-05
3134 3.17158e-05
2798 3.15865e-05
1874 3.12484e-05
2522 3.10494e-05
652 3.09534e-05
2855 3.02097e-05
2860 2.87458e-05
2722 2.69759e-05
1239 2.67429e-05
1395 2.63569e-05
860 2.58518e-05
1439 2.57722e-05
1775 2.54612e-05
1233 2.44406e-05
3125 2.38731e-05
2524 2.33084e-05
656 2.30496e-05
1463 2.21197e-05
801 2.11648e-05
602 2.11459e-05
1417 2.02588e-05
1969 2.01056e-05
3282 1.93441e-05
607 1.92006e-05
692 1.85886e-05
624 1.85609e-05
613 1.72721e-05
1755 1.71609e-05
1690 1.71586e-05
674 1.66284e-05
1651 1.56646e-05
11 1.54276e-05
585 1.53373e-05
638 1.53365e-05
608 1.53361e-05
668 1.4691e-05
3006 1.43378e-05
1967 1.31585e-05
18 1.28497e-05
114 1.28362e-05
1176 1.23552e-05
209 1.2211e-05
292 1.22108e-05
43 1.22092e-05
37 1.21887e-05
550 1.17393e-05
15 1.15719e-05
210 1.15604e-05
287 1.15596e-05
215 1.15542e-05
2442 1.14751e-05
358 1.11171e-05
335 1.09262e-05
74 1.09205e-05
12 1.0918e-05
3570 1.05728e-05
3748 1.05681e-05
1276 1.01922e-05
447 9.8301e-06
3453 9.28265e-06
3856 8.01181e-06
3853 7.36458e-06
3709 7.36326e-06
1262 6.86016e-06
3798 6.72918e-06
3820 6.72678e-06
3650 6.08355e-06
3935 5.44589e-06
3974 5.4441e-06
3729 5.44217e-06
3183 4.99039e-06
3451 4.80021e-06
2269 4.46313e-06
2195 3.8306e-06
2596 3.82554e-06
3071 3.7108e-06
2569 3.18795e-06
2470 3.18795e-06
2457 3.18795e-06
1834 3.11337e-06
1560 3.11337e-06
1386 3.11337e-06
3031 3.07144e-06
3230 3.07101e-06
2079 2.55036e-06
1581 2.47799e-06
1145 2.47799e-06
1119 2.47799e-06
918 2.47799e-06
911 2.47799e-06
2842 2.43122e-06
1466 1.84261e-06
1206 1.84261e-06
1096 1.84261e-06
