3980 0.0898379970544919
179 0.08869814020028613
2691 0.08558558558558559
192 0.08386075949367089
244 0.0787518573551263
4029 0.07871720116618076
532 0.07608695652173914
49 0.07476635514018691
3407 0.07348703170028818
453 0.07255520504731862
4001 0.07191316146540028
256 0.07
642 0.06851311953352769
2792 0.06794682422451995
4012 0.06762589928057554
1027 0.06599713055954089
4025 0.06505295007564296
3990 0.0646900269541779
852 0.06451612903225806
233 0.06437125748502993
757 0.06382978723404255
259 0.0625
282 0.06241699867197875
1890 0.06212121212121212
33 0.061711079943899017
1202 0.060790273556231005
4007 0.060790273556231005
23 0.06069364161849711
3999 0.060382916053019146
1194 0.060126582278481014
157 0.05925925925925926
1586 0.059006211180124224
2421 0.058823529411764705
3996 0.058544303797468354
3987 0.05853658536585366
3846 0.058503401360544216
4027 0.05747126436781609
42 0.05709876543209876
3037 0.05701754385964912
81 0.05688622754491018
1046 0.056708160442600276
3268 0.05603448275862069
2595 0.055964653902798235
698 0.05582922824302135
1105 0.05555555555555555
3074 0.0554675118858954
870 0.05457227138643068
2527 0.05359877488514548
581 0.05311077389984825
717 0.052941176470588235
384 0.05285118219749652
3998 0.05216095380029806
3746 0.05187319884726225
0 0.05185185185185185
3127 0.05124450951683748
2106 0.05124223602484472
3180 0.05106382978723404
3616 0.050746268656716415
89 0.04969879518072289
867 0.04956268221574344
2483 0.049490538573508006
3887 0.04932735426008968
182 0.049253731343283584
885 0.04897314375987362
1002 0.04854368932038835
904 0.048484848484848485
879 0.048154093097913325
3911 0.048
2774 0.04794520547945205
871 0.04783258594917788
564 0.047619047619047616
383 0.04698972099853157
3801 0.04696132596685083
3989 0.046948356807511735
3271 0.04669887278582931
2437 0.046476761619190406
858 0.04630969609261939
4017 0.04626865671641791
3544 0.04579025110782865
3894 0.045454545454545456
855 0.0453257790368272
884 0.0453125
356 0.04526166902404526
171 0.045171339563862926
3789 0.04510108864696734
174 0.04482225656877898
441 0.04482225656877898
47 0.04451510333863275
866 0.04451038575667656
881 0.044274809160305344
386 0.044137931034482755
3055 0.04393939393939394
3799 0.043909348441926344
1776 0.043859649122807015
195 0.04354587869362364
776 0.04354354354354354
364 0.043478260869565216
3181 0.04341534008683068
3200 0.04335260115606936
3131 0.043219076005961254
306 0.043115438108484005
3742 0.04292527821939587
464 0.042899408284023666
219 0.042789223454833596
594 0.04272151898734177
230 0.04262295081967213
3849 0.04245283018867924
3669 0.04236006051437216
2817 0.04227405247813411
147 0.042105263157894736
872 0.0420032310177706
873 0.04195804195804196
864 0.041916167664670656
1240 0.04184704184704185
3662 0.04177897574123989
155 0.041474654377880185
301 0.041379310344827586
437 0.04133545310015898
2902 0.04094488188976378
3322 0.04012841091492777
3444 0.04011461318051576
95 0.04006410256410257
8 0.040059347181008904
399 0.04
411 0.04
1657 0.039936102236421724
4 0.039886039886039885
2204 0.03988183161004431
90 0.03987730061349693
3251 0.039764359351988215
3781 0.0397456279809221
137 0.03969465648854962
58 0.039634146341463415
91 0.039619651347068144
319 0.039589442815249266
3691 0.039525691699604744
193 0.039492242595204514
2535 0.039473684210526314
1030 0.03943217665615142
337 0.03938115330520394
145 0.0392156862745098
3372 0.03918495297805643
2886 0.03912363067292645
1253 0.03896103896103896
377 0.03889789303079417
2281 0.03870967741935484
3993 0.038523274478330656
110 0.03818953323903819
1071 0.0381791483113069
3012 0.0381791483113069
895 0.03806734992679356
1499 0.037940379403794036
175 0.037900874635568516
253 0.037900874635568516
97 0.03779527559055118
3439 0.03773584905660377
3716 0.03770949720670391
4016 0.03770739064856712
4028 0.03770491803278689
1208 0.03757225433526012
4023 0.03732503888024884
2949 0.03724928366762178
278 0.0371900826446281
1956 0.0371900826446281
4014 0.037142857142857144
3918 0.03698224852071006
979 0.0368
3997 0.036734693877551024
2861 0.03671071953010279
3751 0.036671368124118475
3126 0.036619718309859155
3490 0.03656821378340366
3546 0.0364741641337386
2094 0.036308623298033284
3066 0.03618421052631579
4011 0.0361247947454844
3122 0.03607503607503607
2301 0.035982008995502246
714 0.035830618892508145
241 0.03582089552238806
893 0.03571428571428571
3749 0.03571428571428571
307 0.03565891472868217
263 0.035555555555555556
3147 0.03550295857988166
3679 0.03545051698670606
3888 0.03533026113671275
3897 0.03524229074889868
328 0.03523489932885906
889 0.035114503816793895
910 0.03504043126684636
909 0.03498542274052478
1854 0.03492063492063492
498 0.03492063492063492
310 0.03474320241691843
2558 0.03459119496855346
294 0.034482758620689655
273 0.034334763948497854
2017 0.034334763948497854
3218 0.034328358208955224
4031 0.03417533432392273
198 0.034129692832764506
3513 0.0340599455040872
3813 0.03400309119010819
3479 0.0339943342776204
2168 0.03389830508474576
3549 0.033773861967694566
414 0.03374233128834356
143 0.03367496339677892
572 0.03358778625954199
2926 0.033576642335766425
181 0.03350083752093802
2732 0.033478893740902474
3932 0.033426183844011144
77 0.033386327503974564
3985 0.03338391502276176
99 0.033381712626995644
1627 0.03319502074688797
1693 0.033182503770739065
3105 0.03308270676691729
3401 0.03305785123966942
260 0.033045977011494254
2838 0.03296703296703297
3629 0.03296703296703297
467 0.032915360501567396
732 0.03289473684210526
887 0.03284072249589491
286 0.03283582089552239
3580 0.03271028037383177
3986 0.032670454545454544
3354 0.03259259259259259
2930 0.03255813953488372
6 0.032507739938080496
270 0.03249630723781388
107 0.032407407407407406
3008 0.032407407407407406
3128 0.032407407407407406
275 0.03231017770597738
3885 0.032305433186490456
3933 0.032305433186490456
333 0.03225806451612903
749 0.03203342618384401
3720 0.032
798 0.0319634703196347
112 0.031791907514450865
2456 0.031746031746031744
3530 0.031746031746031744
4036 0.03167420814479638
3923 0.031446540880503145
3949 0.03142857142857143
3536 0.03129890453834116
3567 0.03129657228017884
401 0.031292517006802724
3995 0.031201248049921998
348 0.03110419906687403
1043 0.03110419906687403
874 0.0310192023633678
882 0.030973451327433628
1996 0.030959752321981424
3695 0.030911901081916538
3045 0.03089887640449438
894 0.030894308943089432
771 0.030864197530864196
3954 0.030791788856304986
3141 0.03074670571010249
552 0.030627871362940276
3121 0.030598052851182198
115 0.030534351145038167
2321 0.030523255813953487
4009 0.030497592295345103
20 0.030303030303030304
1224 0.030261348005502064
3585 0.03021978021978022
2799 0.030063291139240507
3963 0.030042918454935622
3725 0.029914529914529916
3606 0.029874213836477988
2528 0.029871977240398292
3539 0.029850746268656716
3682 0.029787234042553193
3665 0.0297339593114241
2808 0.02972972972972973
296 0.0296875
4020 0.02967359050445104
818 0.029641185647425898
4002 0.029595015576323987
167 0.029411764705882353
4038 0.029411764705882353
775 0.029329608938547486
3053 0.02924791086350975
3676 0.029166666666666667
825 0.029154518950437316
736 0.029141104294478526
3455 0.02911208151382824
2245 0.028925619834710745
1760 0.02886002886002886
472 0.02886002886002886
3723 0.028831562974203338
877 0.02877697841726619
3744 0.028744326777609682
4004 0.02865761689291101
4000 0.02865329512893983
833 0.028616852146263912
899 0.02857142857142857
3861 0.02857142857142857
2487 0.02857142857142857
1218 0.028528528528528527
3745 0.02844950213371266
1442 0.028273809523809524
806 0.028273809523809524
225 0.0282574568288854
3880 0.028169014084507043
343 0.028148148148148148
3283 0.028148148148148148
3787 0.028125
2671 0.028
3311 0.027982326951399118
214 0.027950310559006212
2621 0.027950310559006212
3427 0.027941176470588237
3425 0.027932960893854747
822 0.027906976744186046
218 0.027868852459016394
3565 0.02786377708978328
2788 0.027855153203342618
3473 0.027816411682892908
3863 0.027777777777777776
293 0.02773497688751926
3063 0.02773497688751926
3502 0.02773497688751926
3437 0.027696793002915453
480 0.027649769585253458
2439 0.027565084226646247
3537 0.027548209366391185
3538 0.027548209366391185
3624 0.02753623188405797
177 0.027522935779816515
88 0.027496382054992764
2622 0.02748091603053435
3700 0.02748091603053435
3727 0.0273972602739726
1788 0.027375201288244767
3743 0.027314112291350532
3325 0.02727272727272727
2 0.027259684361549498
1050 0.027210884353741496
4013 0.02710413694721826
3487 0.02702702702702703
351 0.026988636363636364
1372 0.026986506746626688
3465 0.026986506746626688
3446 0.02695035460992908
2431 0.02694610778443114
3848 0.026856240126382307
25 0.026785714285714284
2076 0.026785714285714284
2263 0.026785714285714284
3638 0.026729559748427674
329 0.02666666666666667
2565 0.026627218934911243
189 0.02661064425770308
1607 0.026573426573426574
1711 0.0265210608424337
150 0.026509572901325478
264 0.026509572901325478
3775 0.0264797507788162
2721 0.026462395543175487
2805 0.026438569206842923
3925 0.026438569206842923
1171 0.02635431918008785
768 0.02635431918008785
1889 0.02631578947368421
3477 0.02631578947368421
124 0.026272577996715927
1368 0.026200873362445413
1403 0.026194144838212634
133 0.026153846153846153
3376 0.02607361963190184
3717 0.026016260162601626
912 0.02601156069364162
592 0.02601156069364162
686 0.02601156069364162
3489 0.025974025974025976
369 0.025956284153005466
3551 0.025899280575539568
19 0.025889967637540454
501 0.025835866261398176
3659 0.025815217391304348
61 0.025787965616045846
863 0.02576489533011272
3091 0.02575107296137339
804 0.02572347266881029
78 0.025682182985553772
3946 0.025682182985553772
131 0.0256797583081571
4019 0.02564102564102564
3413 0.025602409638554216
3776 0.02553191489361702
3649 0.025495750708215296
832 0.025449101796407185
1016 0.025437201907790145
1544 0.025411061285500747
3994 0.025411061285500747
3844 0.02538787023977433
3905 0.02533532041728763
2034 0.025222551928783383
4033 0.025222551928783383
476 0.025167785234899327
573 0.025078369905956112
3610 0.025078369905956112
3908 0.025078369905956112
71 0.025073746312684365
111 0.025036818851251842
1731 0.025036818851251842
3028 0.025036818851251842
4021 0.025036818851251842
3874 0.025034770514603615
312 0.025
52 0.024965325936199722
93 0.024922118380062305
3830 0.024817518248175182
955 0.02478134110787172
3398 0.02478134110787172
3302 0.02476780185758514
2490 0.02476780185758514
3309 0.024691358024691357
3816 0.024602026049204053
245 0.024495677233429394
327 0.024495677233429394
4026 0.024390243902439025
251 0.024350649350649352
393 0.0243161094224924
3701 0.0243161094224924
2178 0.024251069900142655
326 0.024205748865355523
3130 0.024205748865355523
283 0.024154589371980676
3982 0.024132730015082957
2650 0.024113475177304965
3263 0.024024024024024024
2513 0.024024024024024024
3648 0.023952095808383235
102 0.023923444976076555
857 0.02391629297458894
3531 0.023872679045092837
3155 0.02384500745156483
184 0.023809523809523808
1264 0.023809523809523808
4006 0.023809523809523808
80 0.0237741456166419
3519 0.023743016759776536
202 0.023709902370990237
2313 0.023703703703703703
320 0.023696682464454975
468 0.02364394993045897
3759 0.023633677991137372
4032 0.023622047244094488
890 0.02359882005899705
3698 0.02358490566037736
3992 0.023564064801178203
173 0.023510971786833857
678 0.023480662983425413
3516 0.023474178403755867
3675 0.023474178403755867
740 0.02335766423357664
3939 0.02332814930015552
3960 0.023323615160349854
443 0.023255813953488372
3637 0.023255813953488372
3699 0.023255813953488372
1808 0.023222060957910014
729 0.02321981424148607
247 0.02318840579710145
2983 0.02318840579710145
309 0.023121387283236993
1933 0.023121387283236993
1053 0.023076923076923078
3904 0.023076923076923078
220 0.023054755043227664
707 0.02302158273381295
903 0.023006134969325152
3823 0.023004059539918808
630 0.022970903522205207
3314 0.02295552367288379
2885 0.022935779816513763
1055 0.022935779816513763
2113 0.022935779816513763
1915 0.022889842632331903
227 0.022865853658536585
2217 0.022865853658536585
3626 0.0228310502283105
2776 0.02280130293159609
2486 0.02275960170697013
3912 0.022757697456492636
92 0.022727272727272728
856 0.022727272727272728
3758 0.022727272727272728
3901 0.022727272727272728
3747 0.02269503546099291
2541 0.022690437601296597
1000 0.022658610271903322
859 0.022653721682847898
1701 0.02263083451202263
454 0.02262443438914027
255 0.022569444444444444
3481 0.022508038585209004
1546 0.022488755622188907
790 0.0224
2570 0.0224
3868 0.022388059701492536
3981 0.022388059701492536
28 0.022354694485842028
3690 0.022354694485842028
3875 0.022328548644338118
3541 0.022288261515601784
3907 0.022257551669316374
41 0.022222222222222223
1254 0.022222222222222223
84 0.022151898734177215
3641 0.022146507666098807
3988 0.022091310751104567
3003 0.022058823529411766
876 0.022058823529411766
2614 0.022058823529411766
424 0.02204724409448819
839 0.021994134897360705
243 0.021929824561403508
2851 0.021929824561403508
3442 0.02188782489740082
3757 0.021875
433 0.0218408736349454
3657 0.02177293934681182
816 0.02170767004341534
2703 0.02170767004341534
3548 0.02170767004341534
3774 0.021645021645021644
829 0.021638330757341576
3256 0.02157164869029276
86 0.021551724137931036
36 0.021538461538461538
3919 0.021505376344086023
746 0.02148997134670487
201 0.021487603305785124
1 0.02145922746781116
3767 0.021447721179624665
582 0.02142857142857143
1111 0.0214190093708166
3898 0.021374045801526718
1642 0.021337126600284494
1964 0.02127659574468085
120 0.021246458923512748
68 0.021244309559939303
1097 0.021244309559939303
3269 0.021244309559939303
2634 0.021244309559939303
4030 0.021241830065359478
1840 0.021207177814029365
347 0.02118003025718608
616 0.02113821138211382
3392 0.021116138763197588
3636 0.021116138763197588
3432 0.02109704641350211
3441 0.021021021021021023
3652 0.021021021021021023
1133 0.020989505247376312
3478 0.020958083832335328
3791 0.020933977455716585
1138 0.020833333333333332
3739 0.020804438280166437
76 0.020802377414561663
262 0.020802377414561663
516 0.020802377414561663
533 0.0208
32 0.020766773162939296
1937 0.02074074074074074
712 0.020710059171597635
3752 0.020710059171597635
261 0.0206794682422452
725 0.02066772655007949
625 0.020618556701030927
3447 0.020618556701030927
3222 0.0205761316872428
194 0.020558002936857563
302 0.02054794520547945
1739 0.020537124802527645
865 0.020537124802527645
1838 0.020527859237536656
846 0.020527859237536656
675 0.02050473186119874
3806 0.020497803806734993
5 0.020440251572327043
3812 0.020440251572327043
3647 0.020437956204379562
689 0.02040816326530612
3594 0.02040816326530612
3680 0.020378457059679767
3708 0.0203125
3953 0.0203125
939 0.020260492040520984
3867 0.02023121387283237
2771 0.02021772939346812
577 0.020186335403726708
796 0.020123839009287926
2360 0.020123839009287926
3511 0.020123839009287926
3847 0.020123839009287926
3599 0.020114942528735632
3336 0.020061728395061727
3805 0.02003338898163606
617 0.020030816640986132
2051 0.020030816640986132
2618 0.020030816640986132
83 0.020028612303290415
3975 0.020028612303290415
499 0.02
2734 0.02
2341 0.019971469329529243
3793 0.019971469329529243
1905 0.019943019943019943
886 0.019938650306748466
3924 0.019938650306748466
3961 0.019933554817275746
2349 0.01991465149359886
2836 0.019908116385911178
720 0.01990049751243781
789 0.019886363636363636
3950 0.019877675840978593
266 0.019830028328611898
878 0.01977401129943503
3010 0.019769357495881382
249 0.019736842105263157
51 0.01971830985915493
3556 0.019696969696969695
2824 0.019696969696969695
1749 0.019637462235649546
4037 0.0196078431372549
2884 0.01951951951951952
1779 0.019490254872563718
237 0.019461077844311378
688 0.019417475728155338
1023 0.019402985074626865
578 0.019390581717451522
3862 0.019390581717451522
166 0.019374068554396422
583 0.019363762102351315
518 0.019345238095238096
2156 0.019345238095238096
3661 0.019345238095238096
3833 0.019345238095238096
24 0.01929260450160772
3864 0.019287833827893175
769 0.01925925925925926
791 0.019230769230769232
3628 0.019230769230769232
3327 0.019174041297935103
2375 0.019174041297935103
3560 0.01914580265095729
4005 0.019138755980861243
3970 0.01908957415565345
1178 0.019077901430842606
1486 0.01904761904761905
3895 0.01904761904761905
180 0.01901743264659271
1566 0.019005847953216373
505 0.019005847953216373
3598 0.019005847953216373
1045 0.0189873417721519
100 0.01897810218978102
2358 0.018957345971563982
3445 0.018957345971563982
662 0.01889763779527559
2700 0.01889763779527559
422 0.018893387314439947
3529 0.018867924528301886
3694 0.018838304552590265
623 0.01881331403762663
3625 0.01881331403762663
3532 0.01878612716763006
985 0.018779342723004695
2455 0.018779342723004695
3535 0.018779342723004695
2933 0.01875
2466 0.01875
3819 0.01875
788 0.018731988472622477
990 0.01870503597122302
486 0.01870503597122302
3581 0.018691588785046728
1493 0.01866251944012442
2656 0.018651362984218076
459 0.01862464183381089
3883 0.01862464183381089
2167 0.018604651162790697
339 0.018575851393188854
3872 0.018575851393188854
3782 0.018575851393188854
3338 0.018571428571428572
2725 0.018518518518518517
3615 0.018518518518518517
2505 0.01848998459167951
3139 0.018433179723502304
2207 0.018433179723502304
101 0.018413597733711047
3059 0.018413597733711047
563 0.01839464882943144
658 0.018387553041018388
53 0.018363939899833055
1756 0.01834862385321101
2982 0.01834862385321101
135 0.018335684062059238
1696 0.018333333333333333
2997 0.018333333333333333
2015 0.0183206106870229
94 0.018309859154929577
745 0.018292682926829267
231 0.0182370820668693
1555 0.018154311649016642
242 0.01812688821752266
1585 0.01812688821752266
3382 0.01812688821752266
3672 0.01812688821752266
3738 0.01809954751131222
3061 0.01808066759388039
1960 0.018072289156626505
795 0.0180623973727422
3588 0.0180623973727422
3664 0.018018018018018018
349 0.017991004497751123
2214 0.017991004497751123
3601 0.017991004497751123
3920 0.017991004497751123
3671 0.017980636237897647
618 0.017973856209150325
3792 0.017964071856287425
2517 0.017937219730941704
640 0.01791044776119403
2342 0.017857142857142856
3857 0.017857142857142856
3673 0.017830609212481426
920 0.01780821917808219
1317 0.017804154302670624
3508 0.017777777777777778
2952 0.017770597738287562
289 0.01775147928994083
54 0.01772525849335303
1328 0.01772525849335303
3412 0.01772525849335303
828 0.017713365539452495
599 0.017699115044247787
3057 0.017699115044247787
1394 0.017673048600883652
2314 0.017673048600883652
3476 0.01764705882352941
2041 0.01762114537444934
3917 0.017595307917888565
767 0.01757188498402556
3405 0.01757188498402556
3972 0.017569546120058566
379 0.017543859649122806
3740 0.017543859649122806
862 0.017518248175182483
3571 0.017518248175182483
2962 0.01751592356687898
3308 0.01749271137026239
2126 0.017467248908296942
2837 0.01746031746031746
3803 0.01746031746031746
117 0.01741654571843251
597 0.01741654571843251
708 0.017366136034732273
2651 0.017350157728706624
2893 0.017341040462427744
3290 0.01733102253032929
719 0.017316017316017316
782 0.017316017316017316
3586 0.01729559748427673
2361 0.01729106628242075
2865 0.017266187050359712
589 0.017241379310344827
803 0.017241379310344827
2371 0.017241379310344827
2406 0.01721664275466284
3825 0.01721664275466284
1200 0.017214397496087636
2844 0.017214397496087636
3521 0.017214397496087636
1197 0.017191977077363897
3916 0.017191977077363897
739 0.0171875
1814 0.017118402282453638
3653 0.017107309486780714
197 0.017080745341614908
1860 0.017069701280227598
217 0.017054263565891473
853 0.017054263565891473
3318 0.017045454545454544
2031 0.017045454545454544
163 0.01702127659574468
2857 0.01702127659574468
2382 0.017001545595054096
1831 0.01694915254237288
861 0.01694915254237288
3808 0.01694915254237288
2320 0.016923076923076923
956 0.016897081413210446
1807 0.01687116564417178
2678 0.01687116564417178
2769 0.01687116564417178
190 0.016845329249617153
1797 0.016845329249617153
3927 0.016845329249617153
2422 0.016819571865443424
228 0.01680672268907563
1326 0.01680672268907563
1896 0.01680672268907563
554 0.016793893129770993
3595 0.016793893129770993
3634 0.01676829268292683
1664 0.01675041876046901
3991 0.016722408026755852
3504 0.016713091922005572
3540 0.016666666666666666
2426 0.016666666666666666
3979 0.01664145234493192
1371 0.016541353383458645
704 0.016541353383458645
620 0.01652892561983471
149 0.016516516516516516
1193 0.016516516516516516
1177 0.01649175412293853
130 0.016483516483516484
3368 0.016467065868263474
3829 0.016467065868263474
3470 0.016442451420029897
1476 0.016420361247947456
2677 0.016417910447761194
168 0.01639344262295082
923 0.01639344262295082
631 0.01639344262295082
734 0.01639344262295082
1684 0.01637107776261937
108 0.01634472511144131
2441 0.01634472511144131
888 0.016339869281045753
1057 0.016320474777448073
3205 0.016320474777448073
3967 0.016320474777448073
3632 0.01631321370309951
1564 0.01624815361890694
2709 0.01624815361890694
3083 0.01624815361890694
1936 0.01620745542949757
4018 0.016200294550810016
2450 0.016181229773462782
70 0.016176470588235296
702 0.016176470588235296
3300 0.016172506738544475
2193 0.016129032258064516
3612 0.016129032258064516
992 0.016105417276720352
1667 0.016105417276720352
3768 0.016105417276720352
1151 0.0160857908847185
929 0.01608187134502924
3506 0.01608187134502924
3945 0.01607717041800643
2820 0.01606425702811245
315 0.016058394160583942
466 0.016058394160583942
797 0.016051364365971106
3964 0.016051364365971106
632 0.01601164483260553
2735 0.01601164483260553
311 0.015988372093023256
1106 0.015988372093023256
777 0.015988372093023256
1270 0.015965166908563134
619 0.015965166908563134
3328 0.015965166908563134
763 0.015895953757225433
1308 0.015873015873015872
681 0.015873015873015872
26 0.01584786053882726
1713 0.01584786053882726
3899 0.01584786053882726
3921 0.01584786053882726
1909 0.015827338129496403
213 0.015822784810126583
3278 0.015822784810126583
3756 0.015822784810126583
3891 0.01579778830963665
3655 0.015772870662460567
1910 0.015748031496062992
3583 0.015748031496062992
3124 0.015736766809728183
3754 0.015736766809728183
346 0.015723270440251572
2049 0.015723270440251572
3310 0.015714285714285715
1719 0.015698587127158554
800 0.015698587127158554
1228 0.015691868758915834
3443 0.015691868758915834
434 0.01567398119122257
116 0.015625
3561 0.015625
3369 0.015625
3153 0.015602836879432624
2548 0.015602836879432624
770 0.015570934256055362
1601 0.015558698727015558
3983 0.015536723163841809
1725 0.015527950310559006
357 0.015514809590973202
2503 0.015503875968992248
1629 0.015492957746478873
3869 0.015492957746478873
2316 0.015479876160990712
743 0.015471167369901548
2668 0.015471167369901548
3892 0.015471167369901548
3349 0.015463917525773196
1511 0.015455950540958269
3321 0.015455950540958269
2373 0.015455950540958269
159 0.015432098765432098
1847 0.015432098765432098
407 0.015432098765432098
2959 0.015432098765432098
1705 0.015408320493066256
2173 0.015408320493066256
1505 0.015384615384615385
621 0.015384615384615385
2699 0.015384615384615385
3564 0.015384615384615385
187 0.015363128491620111
1378 0.015363128491620111
308 0.015360983102918587
1252 0.015360983102918587
742 0.015360983102918587
3592 0.015360983102918587
1961 0.015360983102918587
534 0.015337423312883436
3678 0.015337423312883436
1803 0.01532033426183844
2697 0.01532033426183844
3822 0.015313935681470138
781 0.015299026425591099
39 0.01529051987767584
735 0.015267175572519083
3937 0.015256588072122053
1234 0.01524390243902439
2781 0.015197568389057751
3208 0.015197568389057751
3596 0.015174506828528073
1747 0.015151515151515152
427 0.015151515151515152
3630 0.015128593040847202
1162 0.015105740181268883
2238 0.015105740181268883
162 0.015089163237311385
3231 0.015082956259426848
2873 0.015060240963855422
3466 0.015060240963855422
1118 0.015037593984962405
2968 0.015015015015015015
3602 0.015015015015015015
64 0.014970059880239521
3350 0.014970059880239521
3952 0.014970059880239521
3818 0.014950166112956811
3809 0.014945652173913044
188 0.014925373134328358
1187 0.014925373134328358
151 0.014903129657228018
1562 0.014903129657228018
509 0.014900662251655629
3509 0.014900662251655629
1134 0.01488095238095238
584 0.01488095238095238
588 0.01488095238095238
160 0.014858841010401188
1152 0.014858841010401188
1977 0.014858841010401188
3790 0.014858841010401188
1383 0.01485148514851485
539 0.01483679525222552
682 0.01483679525222552
3500 0.01483679525222552
17 0.014814814814814815
1567 0.014814814814814815
3941 0.014814814814814815
3677 0.014792899408284023
636 0.014778325123152709
127 0.014771048744460856
361 0.014749262536873156
787 0.014749262536873156
579 0.014727540500736377
703 0.014684287812041116
840 0.014684287812041116
691 0.01466275659824047
280 0.014641288433382138
2610 0.014641288433382138
3099 0.014634146341463415
2980 0.014619883040935672
1672 0.01461038961038961
3426 0.014577259475218658
1759 0.014563106796116505
355 0.01455604075691412
615 0.01455604075691412
1640 0.014539579967689823
3724 0.014534883720930232
2365 0.014516129032258065
1594 0.01451378809869376
654 0.01451378809869376
3644 0.01447178002894356
3786 0.01447178002894356
1360 0.014450867052023121
119 0.01443001443001443
644 0.01443001443001443
3639 0.014423076923076924
1356 0.01440922190201729
3389 0.01440922190201729
961 0.0144
3696 0.014388489208633094
568 0.01437699680511182
3162 0.014367816091954023
609 0.014347202295552367
697 0.014347202295552367
3178 0.014347202295552367
3815 0.014347202295552367
3190 0.014336917562724014
634 0.014331210191082803
643 0.014326647564469915
731 0.014326647564469915
3562 0.014326647564469915
590 0.014308426073131956
2999 0.014308426073131956
3826 0.014308426073131956
3593 0.01430615164520744
996 0.014285714285714285
496 0.014285714285714285
2170 0.014285714285714285
3295 0.014265335235378032
1452 0.014245014245014245
3082 0.014245014245014245
3910 0.014240506329113924
3584 0.01422475106685633
2682 0.014218009478672985
3223 0.014204545454545454
3769 0.014204545454545454
1558 0.014184397163120567
1568 0.014184397163120567
786 0.014184397163120567
1441 0.014173228346456693
2256 0.014164305949008499
1319 0.014150943396226415
3814 0.014150943396226415
3915 0.014150943396226415
1660 0.014124293785310734
2481 0.014124293785310734
3346 0.014084507042253521
2848 0.014064697609001406
2534 0.014064697609001406
3503 0.014064697609001406
455 0.0140625
3772 0.0140625
3827 0.0140625
2807 0.014018691588785047
3722 0.014018691588785047
3337 0.013996889580093312
3523 0.013996889580093312
1041 0.013975155279503106
2927 0.013975155279503106
1077 0.013953488372093023
1911 0.013953488372093023
317 0.01394700139470014
169 0.01393188854489164
950 0.01393188854489164
576 0.01393188854489164
423 0.013927576601671309
3623 0.013910355486862442
3922 0.013910355486862442
598 0.013888888888888888
1478 0.013869625520110958
705 0.01386748844375963
848 0.01386748844375963
2922 0.01386748844375963
3526 0.013850415512465374
991 0.013824884792626729
1232 0.013803680981595092
2921 0.013803680981595092
3914 0.013803680981595092
1908 0.013782542113323124
3440 0.013769363166953529
1415 0.013761467889908258
2452 0.013761467889908258
1226 0.013740458015267175
1615 0.013740458015267175
2726 0.013740458015267175
226 0.013719512195121951
1548 0.013719512195121951
843 0.013719512195121951
2710 0.013719512195121951
2129 0.013719512195121951
3930 0.013719512195121951
937 0.0136986301369863
3737 0.013679890560875513
3080 0.013677811550151976
232 0.013671875
139 0.01366120218579235
7 0.013657056145675266
397 0.013657056145675266
2822 0.013657056145675266
1670 0.013636363636363636
3733 0.013636363636363636
1424 0.01361573373676248
1676 0.01361573373676248
622 0.013595166163141994
3721 0.013595166163141994
2898 0.013595166163141994
2453 0.013595166163141994
1656 0.013574660633484163
1073 0.01355421686746988
830 0.013550135501355014
204 0.013533834586466165
3948 0.013533834586466165
2724 0.013533834586466165
2972 0.013533834586466165
3329 0.013533834586466165
1498 0.013513513513513514
2066 0.013513513513513514
3710 0.013513513513513514
300 0.013490725126475547
1038 0.01347305389221557
3770 0.01347305389221557
3505 0.013452914798206279
85 0.013432835820895522
785 0.013432835820895522
140 0.013392857142857142
1992 0.013392857142857142
281 0.013377926421404682
3608 0.013377926421404682
1991 0.01337295690936107
3493 0.013353115727002967
3795 0.013353115727002967
106 0.013313609467455622
2686 0.013313609467455622
1924 0.013313609467455622
2107 0.013313609467455622
3518 0.013313609467455622
485 0.013311148086522463
2099 0.01327433628318584
605 0.013254786450662739
1131 0.013245033112582781
1518 0.013235294117647059
626 0.013235294117647059
633 0.013235294117647059
3248 0.013235294117647059
3687 0.013235294117647059
1136 0.013215859030837005
3019 0.013215859030837005
3619 0.013215859030837005
2146 0.013201320132013201
477 0.013196480938416423
3326 0.013196480938416423
1450 0.013177159590043924
3929 0.013177159590043924
3706 0.013157894736842105
2879 0.013136288998357963
1507 0.013119533527696793
481 0.013119533527696793
1829 0.013114754098360656
206 0.013100436681222707
258 0.013100436681222707
3229 0.013100436681222707
3838 0.01309328968903437
1338 0.01308139534883721
2889 0.013071895424836602
1626 0.013062409288824383
3464 0.013062409288824383
3969 0.013050570962479609
3569 0.013043478260869565
57 0.013029315960912053
3766 0.013029315960912053
2105 0.013024602026049204
3157 0.013008130081300813
2397 0.013008130081300813
1212 0.01300578034682081
2255 0.01300578034682081
1606 0.012987012987012988
724 0.012987012987012988
815 0.012987012987012988
3221 0.012987012987012988
3836 0.01297016861219196
3843 0.012968299711815562
1625 0.012965964343598054
3621 0.012949640287769784
2967 0.012949640287769784
3341 0.012949640287769784
635 0.01293103448275862
758 0.01293103448275862
2693 0.01293103448275862
2747 0.01293103448275862
3779 0.012924071082390954
1168 0.01291248206599713
1174 0.01291248206599713
1708 0.01291248206599713
3138 0.012893982808022923
3957 0.012875536480686695
670 0.012861736334405145
1599 0.012857142857142857
1825 0.012857142857142857
3409 0.012857142857142857
2412 0.012841091492776886
3866 0.012841091492776886
3555 0.01282051282051282
1058 0.012802275960170697
813 0.0128
2448 0.0128
1822 0.01278409090909091
3087 0.01276595744680851
3107 0.01276595744680851
784 0.012759170653907496
2846 0.012738853503184714
2688 0.012718600953895072
3613 0.012718600953895072
699 0.012711864406779662
3938 0.012711864406779662
766 0.012693935119887164
2152 0.012693935119887164
2405 0.012693935119887164
1934 0.012678288431061807
3461 0.012678288431061807
3881 0.012678288431061807
2964 0.01267605633802817
3707 0.012658227848101266
269 0.012640449438202247
3216 0.01263823064770932
3850 0.01263823064770932
1552 0.012618296529968454
3693 0.012618296529968454
1295 0.012598425196850394
3030 0.012598425196850394
3488 0.012598425196850394
3512 0.012598425196850394
3890 0.012587412587412588
1144 0.012578616352201259
3285 0.012569832402234637
257 0.012558869701726845
3590 0.012558869701726845
216 0.012539184952978056
2767 0.012539184952978056
3579 0.012539184952978056
1034 0.012534818941504178
821 0.012534818941504178
2841 0.012534818941504178
1384 0.012519561815336464
66 0.0125
3173 0.0125
951 0.0125
824 0.0125
2197 0.012482662968099861
3642 0.012482662968099861
303 0.0124804992199688
595 0.0124804992199688
1154 0.012461059190031152
727 0.012422360248447204
96 0.012403100775193798
650 0.012403100775193798
3456 0.012403100775193798
3735 0.012403100775193798
382 0.01238390092879257
3524 0.01238390092879257
299 0.012364760432766615
1087 0.012364760432766615
747 0.012364760432766615
35 0.012362637362637362
836 0.012362637362637362
820 0.012345679012345678
2667 0.012345679012345678
1307 0.012326656394453005
574 0.012326656394453005
3255 0.012326656394453005
3858 0.012326656394453005
2159 0.012307692307692308
649 0.01228878648233487
1406 0.01228878648233487
2854 0.01228878648233487
987 0.01227830832196453
3684 0.01227830832196453
2411 0.012269938650306749
3831 0.012269938650306749
172 0.01225114854517611
718 0.01225114854517611
170 0.012232415902140673
1536 0.012228260869565218
1440 0.012213740458015267
3361 0.012213740458015267
3435 0.012213740458015267
196 0.012195121951219513
2488 0.012195121951219513
3931 0.012195121951219513
1037 0.0121765601217656
774 0.0121765601217656
2286 0.0121765601217656
799 0.012139605462822459
2813 0.012139605462822459
2730 0.012139605462822459
933 0.012121212121212121
1362 0.012121212121212121
2935 0.012121212121212121
146 0.012102874432677761
1758 0.012102874432677761
2843 0.012102874432677761
1283 0.012084592145015106
647 0.012084592145015106
2008 0.012084592145015106
3472 0.012084592145015106
3431 0.012080536912751677
3712 0.012066365007541479
154 0.012048192771084338
1274 0.012048192771084338
1363 0.012048192771084338
429 0.012048192771084338
2829 0.012048192771084338
3457 0.012048192771084338
3491 0.012048192771084338
1858 0.012030075187969926
67 0.01199400299850075
321 0.01199400299850075
313 0.011986301369863013
1013 0.011976047904191617
406 0.011976047904191617
3674 0.011976047904191617
2795 0.011976047904191617
2899 0.011976047904191617
3620 0.011976047904191617
528 0.01195814648729447
3486 0.01195814648729447
693 0.011940298507462687
2641 0.011940298507462687
3499 0.011940298507462687
3685 0.011940298507462687
3020 0.011922503725782414
3032 0.011922503725782414
3876 0.011922503725782414
46 0.011904761904761904
1216 0.011904761904761904
522 0.011904761904761904
1770 0.01188707280832095
324 0.011869436201780416
998 0.011869436201780416
3404 0.011869436201780416
126 0.011851851851851851
3559 0.011851851851851851
1527 0.011834319526627219
1569 0.011834319526627219
3839 0.011834319526627219
3719 0.011816838995568686
3878 0.011816838995568686
1098 0.011799410029498525
667 0.011799410029498525
1965 0.011799410029498525
2978 0.011784511784511785
1654 0.011782032400589101
2230 0.011782032400589101
1880 0.011764705882352941
842 0.011764705882352941
3007 0.011747430249632892
3217 0.011747430249632892
3794 0.011747430249632892
31 0.011730205278592375
3587 0.011730205278592375
1634 0.01171303074670571
3374 0.01171303074670571
2075 0.01171303074670571
3622 0.01171303074670571
2729 0.011705685618729096
3902 0.011686143572621035
1089 0.01167883211678832
661 0.01167883211678832
72 0.011666666666666667
529 0.011661807580174927
627 0.011661807580174927
254 0.011644832605531296
1912 0.011627906976744186
917 0.011627906976744186
1474 0.011627906976744186
1624 0.011627906976744186
560 0.011627906976744186
2669 0.011611030478955007
2784 0.011611030478955007
2789 0.011611030478955007
3763 0.011608623548922056
1088 0.011594202898550725
3515 0.011594202898550725
664 0.011589403973509934
547 0.011577424023154847
849 0.011577424023154847
628 0.011570247933884297
2335 0.011570247933884297
3 0.011560693641618497
1534 0.011560693641618497
3936 0.011560693641618497
2803 0.011532125205930808
1311 0.011510791366906475
1733 0.011510791366906475
3264 0.011510791366906475
3239 0.011494252873563218
38 0.011477761836441894
344 0.011477761836441894
2181 0.011477761836441894
2791 0.011475409836065573
1157 0.011461318051575931
1543 0.011461318051575931
728 0.011456628477905073
3136 0.011456628477905073
240 0.011444921316165951
246 0.011437908496732025
1095 0.011428571428571429
1301 0.011419249592169658
3072 0.011419249592169658
913 0.011412268188302425
1698 0.011412268188302425
3510 0.011412268188302425
2706 0.011396011396011397
2089 0.011382113821138212
3001 0.011379800853485065
284 0.011363636363636364
964 0.011363636363636364
1021 0.011363636363636364
540 0.011363636363636364
713 0.011363636363636364
3367 0.011363636363636364
2785 0.011347517730496455
3882 0.011315417256011316
3821 0.011308562197092083
3971 0.011308562197092083
1127 0.011299435028248588
435 0.011299435028248588
1674 0.011283497884344146
810 0.011283497884344146
2809 0.011272141706924315
838 0.011254019292604502
817 0.011251758087201125
69 0.011235955056179775
3298 0.011235955056179775
3554 0.011235955056179775
3783 0.011235955056179775
279 0.011217948717948718
1781 0.011204481792717087
2819 0.011204481792717087
2435 0.011182108626198083
457 0.011164274322169059
2130 0.011164274322169059
3731 0.011164274322169059
694 0.011157601115760111
2772 0.011157601115760111
3944 0.011157601115760111
1866 0.011128775834658187
3557 0.011128775834658187
1396 0.011126564673157162
2883 0.011111111111111112
2474 0.011111111111111112
901 0.011093502377179081
322 0.011075949367088608
1998 0.011075949367088608
2100 0.011075949367088608
2545 0.011065006915629323
1348 0.011058451816745656
701 0.011058451816745656
2070 0.011034482758620689
3811 0.011023622047244094
2674 0.0110062893081761
3604 0.0110062893081761
297 0.01098901098901099
469 0.01098901098901099
3633 0.010954616588419406
2403 0.010954616588419406
2818 0.01094391244870041
3433 0.0109375
1064 0.0109204368174727
431 0.0109204368174727
1935 0.0109204368174727
1249 0.01088646967340591
3962 0.01088646967340591
3715 0.01088646967340591
1579 0.010884353741496598
1704 0.010869565217391304
1648 0.010852713178294573
497 0.010852713178294573
3244 0.010852713178294573
3617 0.010852713178294573
2932 0.01084010840108401
1500 0.010835913312693499
3514 0.010835913312693499
421 0.010819165378670788
3851 0.010819165378670788
1165 0.010802469135802469
553 0.010802469135802469
744 0.010802469135802469
2694 0.010802469135802469
2515 0.010802469135802469
1387 0.01078582434514638
2284 0.01078582434514638
844 0.01078582434514638
3492 0.01078582434514638
814 0.010769230769230769
973 0.010752688172043012
432 0.010752688172043012
2946 0.010752688172043012
3238 0.010752688172043012
3291 0.010752688172043012
3402 0.010752688172043012
3497 0.010752688172043012
1304 0.010736196319018405
869 0.010736196319018405
3111 0.010736196319018405
2823 0.010736196319018405
3498 0.010736196319018405
1533 0.010719754977029096
1620 0.010719754977029096
555 0.010719754977029096
2766 0.010719754977029096
3259 0.010719754977029096
3835 0.010719754977029096
2192 0.010703363914373088
3482 0.010703363914373088
2868 0.010687022900763359
1919 0.010687022900763359
637 0.010670731707317074
471 0.010670731707317074
3589 0.010670731707317074
3656 0.010670731707317074
1494 0.0106544901065449
1743 0.0106544901065449
3305 0.0106544901065449
2711 0.010638297872340425
3528 0.010638297872340425
1183 0.010624169986719787
1815 0.010624169986719787
827 0.010624169986719787
1904 0.010622154779969651
3643 0.010622154779969651
277 0.010606060606060607
3591 0.010606060606060607
138 0.01059001512859304
2744 0.01059001512859304
2357 0.01059001512859304
2587 0.01059001512859304
908 0.010574018126888218
1445 0.010574018126888218
764 0.010574018126888218
3475 0.010574018126888218
144 0.010558069381598794
398 0.010558069381598794
2957 0.010558069381598794
3533 0.010558069381598794
3750 0.010542168674698794
2048 0.010542168674698794
3824 0.010542168674698794
1857 0.010526315789473684
685 0.010526315789473684
1236 0.010510510510510511
2790 0.010510510510510511
3728 0.010494752623688156
958 0.010479041916167664
1421 0.010479041916167664
1794 0.010479041916167664
2856 0.010479041916167664
75 0.01046337817638266
1425 0.01046337817638266
2424 0.01046337817638266
3773 0.01046337817638266
1001 0.010447761194029851
2644 0.010447761194029851
3753 0.010447761194029851
14 0.010432190760059613
2701 0.010432190760059613
2831 0.010432190760059613
2811 0.010416666666666666
3859 0.010416666666666666
3893 0.010416666666666666
1443 0.010401188707280832
1898 0.010401188707280832
462 0.010401188707280832
557 0.010401188707280832
657 0.010401188707280832
783 0.010401188707280832
3576 0.010401188707280832
2231 0.010385756676557863
2401 0.010385756676557863
2523 0.01037037037037037
3483 0.01037037037037037
3968 0.01037037037037037
295 0.010355029585798817
3429 0.010355029585798817
2080 0.010355029585798817
3689 0.010355029585798817
1051 0.0103397341211226
121 0.01032448377581121
368 0.01032448377581121
1018 0.010309278350515464
752 0.010309278350515464
1010 0.010294117647058823
2444 0.010294117647058823
2657 0.010294117647058823
2815 0.010279001468428781
3203 0.010279001468428781
3807 0.010279001468428781
3959 0.010279001468428781
1268 0.010263929618768328
772 0.010263929618768328
3067 0.010263929618768328
2780 0.010248901903367497
3303 0.010248901903367497
1687 0.01023391812865497
3817 0.01023391812865497
252 0.010218978102189781
2948 0.010218978102189781
3266 0.010218978102189781
3469 0.010218978102189781
3956 0.010218978102189781
3978 0.01020408163265306
974 0.010174418604651164
1726 0.010174418604651164
2296 0.010174418604651164
2317 0.010174418604651164
2826 0.010159651669085631
3900 0.010159651669085631
1850 0.01015228426395939
2961 0.010144927536231883
3780 0.010144927536231883
128 0.010130246020260492
1339 0.010130246020260492
1353 0.010130246020260492
1537 0.010130246020260492
1975 0.010130246020260492
3705 0.010130246020260492
2236 0.01011804384485666
2384 0.010115606936416185
3307 0.010115606936416185
3568 0.010115606936416185
1410 0.010101010101010102
396 0.010101010101010102
3495 0.010071942446043165
2760 0.010071942446043165
2727 0.010071942446043165
1922 0.010071942446043165
152 0.010057471264367816
1337 0.010057471264367816
2989 0.010050251256281407
3323 0.010050251256281407
45 0.010043041606886656
2228 0.010043041606886656
1258 0.010033444816053512
2497 0.01001669449081803
3542 0.010014306151645207
3958 0.010014306151645207
1951 0.01
3279 0.01
3005 0.009971509971509971
229 0.00995732574679943
1044 0.00995732574679943
690 0.00995732574679943
721 0.00995732574679943
1787 0.009943181818181818
780 0.009933774834437087
1192 0.009929078014184398
556 0.009929078014184398
3741 0.009915014164305949
129 0.009900990099009901
1332 0.009900990099009901
823 0.009900990099009901
3627 0.009887005649717515
222 0.009873060648801129
3683 0.009873060648801129
1436 0.009859154929577466
3207 0.009852216748768473
285 0.009845288326300985
1671 0.009845288326300985
1007 0.009836065573770493
753 0.009831460674157303
587 0.009819967266775777
2918 0.009819967266775777
332 0.009817671809256662
118 0.00980392156862745
272 0.00980392156862745
408 0.00980392156862745
3873 0.00980392156862745
3242 0.009790209790209791
3449 0.009790209790209791
445 0.009776536312849162
3520 0.00975609756097561
3840 0.009749303621169917
1477 0.00974025974025974
3654 0.00974025974025974
185 0.009735744089012517
1203 0.009735744089012517
812 0.009724473257698542
3462 0.009724473257698542
470 0.009722222222222222
612 0.009722222222222222
2036 0.009708737864077669
3563 0.009708737864077669
1740 0.009695290858725761
1468 0.009681881051175657
3042 0.009681881051175657
3060 0.00966183574879227
2000 0.009655172413793104
1802 0.00964630225080386
2763 0.00964630225080386
2612 0.00964630225080386
754 0.009630818619582664
531 0.009615384615384616
575 0.009615384615384616
2353 0.009615384615384616
3896 0.009615384615384616
1541 0.009602194787379973
235 0.0096
334 0.0096
1472 0.0096
1267 0.009584664536741214
1358 0.009584664536741214
3365 0.009584664536741214
44 0.009575923392612859
3317 0.009562841530054645
3452 0.009562841530054645
646 0.009554140127388535
2900 0.009554140127388535
475 0.009538950715421303
837 0.009538950715421303
3965 0.009538950715421303
3143 0.009523809523809525
16 0.009508716323296355
695 0.009508716323296355
3667 0.009508716323296355
1545 0.00949367088607595
819 0.00949367088607595
148 0.009478672985781991
1901 0.009478672985781991
653 0.009478672985781991
2986 0.009478672985781991
3582 0.00946372239747634
50 0.009448818897637795
793 0.009448818897637795
3024 0.009433962264150943
716 0.009421265141318977
3161 0.009419152276295133
3660 0.009419152276295133
199 0.009408602150537635
22 0.009404388714733543
205 0.009404388714733543
2894 0.009404388714733543
2676 0.009395973154362415
3333 0.009389671361502348
2540 0.009389671361502348
2632 0.009389671361502348
304 0.009375
330 0.009375
3145 0.009375
3156 0.009375
3315 0.009375
186 0.0093603744149766
1266 0.009345794392523364
1281 0.009345794392523364
3448 0.009345794392523364
1728 0.00933125972006221
1806 0.00933125972006221
452 0.00933125972006221
3609 0.00933125972006221
3293 0.00933125972006221
73 0.009316770186335404
1819 0.009302325581395349
3186 0.009302325581395349
3095 0.009302325581395349
3312 0.009302325581395349
2715 0.009296148738379814
1141 0.009287925696594427
3090 0.009287925696594427
236 0.00927357032457496
2378 0.00927357032457496
2459 0.00927357032457496
2291 0.009259259259259259
400 0.009244992295839754
2537 0.009244992295839754
3496 0.009244992295839754
898 0.009230769230769232
2870 0.009230769230769232
535 0.009216589861751152
2954 0.009216589861751152
3275 0.009216589861751152
1921 0.009216589861751152
2648 0.009216589861751152
3501 0.009202453987730062
2685 0.009202453987730062
3276 0.009202453987730062
2001 0.009188361408882083
665 0.009188361408882083
3140 0.009188361408882083
2141 0.009188361408882083
1504 0.009174311926605505
2675 0.009174311926605505
3411 0.009174311926605505
2119 0.009174311926605505
3668 0.009174311926605505
156 0.00916030534351145
1773 0.00916030534351145
2866 0.00916030534351145
2297 0.00916030534351145
596 0.009146341463414634
794 0.009146341463414634
3416 0.0091324200913242
3423 0.0091324200913242
1366 0.00911854103343465
3603 0.00911854103343465
3778 0.00911854103343465
48 0.009104704097116844
1565 0.009104704097116844
1894 0.009104704097116844
360 0.009104704097116844
2975 0.009104704097116844
3736 0.009104704097116844
239 0.00909090909090909
345 0.00909090909090909
1008 0.00909090909090909
3764 0.00909090909090909
3837 0.00909090909090909
571 0.009077155824508321
792 0.009077155824508321
3947 0.009077155824508321
203 0.00906344410876133
1257 0.00906344410876133
1261 0.00906344410876133
410 0.00906344410876133
2923 0.00906344410876133
1999 0.00906344410876133
3044 0.00904977375565611
3428 0.00904977375565611
809 0.009036144578313253
3171 0.009036144578313253
3871 0.009036144578313253
483 0.009022556390977444
629 0.009022556390977444
1121 0.009009009009009009
1882 0.009009009009009009
603 0.009009009009009009
3713 0.009009009009009009
1595 0.008995502248875561
2203 0.008995502248875561
841 0.008995502248875561
59 0.008982035928143712
1297 0.008982035928143712
3410 0.008982035928143712
446 0.008968609865470852
3151 0.008955223880597015
805 0.00894187779433681
3233 0.00894187779433681
2673 0.00894187779433681
2878 0.00894187779433681
3176 0.00894187779433681
3215 0.00894187779433681
3463 0.00894187779433681
3942 0.00894187779433681
3605 0.008928571428571428
3832 0.008928571428571428
1354 0.008915304606240713
490 0.008915304606240713
2728 0.008915304606240713
1238 0.008902077151335312
680 0.008902077151335312
3265 0.008902077151335312
2911 0.008902077151335312
2934 0.008902077151335312
87 0.008888888888888889
178 0.008888888888888889
376 0.008888888888888889
1433 0.008888888888888889
611 0.008888888888888889
3211 0.008888888888888889
1032 0.008875739644970414
1553 0.008875739644970414
2664 0.008875739644970414
2739 0.008875739644970414
1080 0.008862629246676515
1090 0.008862629246676515
3021 0.008862629246676515
354 0.008849557522123894
158 0.008836524300441826
2742 0.008836524300441826
3175 0.008836524300441826
1697 0.008823529411764706
808 0.008823529411764706
826 0.008823529411764706
3331 0.008823529411764706
2810 0.008823529411764706
2645 0.008823529411764706
1981 0.008816120906801008
1217 0.00881057268722467
1893 0.00881057268722467
3760 0.00881057268722467
342 0.008797653958944282
1273 0.008797653958944282
3146 0.008797653958944282
3177 0.008797653958944282
3064 0.008787346221441126
1631 0.008784773060029283
2647 0.008784773060029283
2014 0.008784773060029283
1408 0.008771929824561403
3393 0.008771929824561403
3566 0.008771929824561403
2759 0.008759124087591242
3397 0.008759124087591242
4003 0.008759124087591242
931 0.008746355685131196
2758 0.008746355685131196
3227 0.008746355685131196
2531 0.008746355685131196
1666 0.008733624454148471
1497 0.00872093023255814
3164 0.00872093023255814
3976 0.00872093023255814
1033 0.008695652173913044
1104 0.008695652173913044
1275 0.008695652173913044
687 0.008695652173913044
938 0.008683068017366137
1927 0.008683068017366137
3796 0.008683068017366137
1333 0.008670520231213872
1513 0.008670520231213872
542 0.008670520231213872
850 0.008658008658008658
2082 0.008658008658008658
1876 0.008645533141210375
1923 0.008645533141210375
3458 0.008645533141210375
2562 0.008633093525179856
1299 0.008620689655172414
3017 0.008620689655172414
105 0.00860832137733142
1972 0.00860832137733142
1412 0.008595988538681949
3507 0.008571428571428572
350 0.008547008547008548
2272 0.008547008547008548
3150 0.008534850640113799
666 0.008522727272727272
2794 0.008522727272727272
1914 0.008522727272727272
331 0.008517887563884156
3015 0.008517887563884156
549 0.00851063829787234
922 0.0084985835694051
381 0.008486562942008486
2750 0.008486562942008486
2849 0.008486562942008486
2859 0.008486562942008486
3422 0.008486562942008486
1142 0.00846262341325811
601 0.008460236886632826
1812 0.008450704225352112
1645 0.008438818565400843
1703 0.008426966292134831
1347 0.008415147265077139
1488 0.008415147265077139
733 0.008415147265077139
2002 0.008415147265077139
2662 0.008415147265077139
1695 0.008403361344537815
593 0.008403361344537815
2145 0.008375209380234505
2683 0.008368200836820083
1917 0.008368200836820083
82 0.008356545961002786
484 0.008356545961002786
3133 0.008356545961002786
3166 0.008356545961002786
2416 0.008356545961002786
2171 0.008344923504867872
2692 0.008344923504867872
1897 0.008333333333333333
3394 0.008333333333333333
3415 0.008333333333333333
2821 0.008321775312066574
3631 0.008310249307479225
900 0.008305647840531562
977 0.008298755186721992
2004 0.008298755186721992
142 0.008287292817679558
2491 0.008287292817679558
405 0.008287292817679558
924 0.008275862068965517
1516 0.008264462809917356
2684 0.008210180623973728
3103 0.008210180623973728
3635 0.00819672131147541
1392 0.008183306055646482
418 0.008183306055646482
2665 0.008174386920980926
372 0.008169934640522876
1616 0.00816326530612245
2990 0.00816326530612245
1944 0.00816326530612245
711 0.008156606851549755
1246 0.008130081300813009
449 0.008130081300813009
513 0.008130081300813009
1469 0.008116883116883116
1641 0.008103727714748784
3197 0.008103727714748784
165 0.008090614886731391
2847 0.008090614886731391
3241 0.008090614886731391
1988 0.008090614886731391
3304 0.008077544426494346
1855 0.008064516129032258
1244 0.008051529790660225
1416 0.008025682182985553
430 0.008025682182985553
3574 0.008025682182985553
1035 0.008012820512820512
762 0.008
1139 0.007989347536617843
366 0.007987220447284345
389 0.007987220447284345
2663 0.007987220447284345
3270 0.007974481658692184
1140 0.007961783439490446
1529 0.007961783439490446
2027 0.007961783439490446
3165 0.007961783439490446
2708 0.007961783439490446
1694 0.00794912559618442
1745 0.00794912559618442
2388 0.00794912559618442
981 0.0079155672823219
1374 0.007911392405063292
1780 0.007911392405063292
211 0.007898894154818325
1014 0.007898894154818325
1763 0.007898894154818325
3212 0.007898894154818325
1646 0.007886435331230283
2160 0.007886435331230283
1221 0.007874015748031496
1296 0.007874015748031496
508 0.007874015748031496
2298 0.007874015748031496
2845 0.007874015748031496
3484 0.007874015748031496
2351 0.007863695937090432
1277 0.007861635220125786
495 0.007861635220125786
811 0.007861635220125786
831 0.007861635220125786
3692 0.007861635220125786
2318 0.007861635220125786
2897 0.007849293563579277
1561 0.007836990595611285
1575 0.007836990595611285
510 0.007836990595611285
2445 0.00782472613458529
1314 0.0078003120124804995
1444 0.0078003120124804995
3168 0.0078003120124804995
2670 0.0078003120124804995
1487 0.00778816199376947
1658 0.00778816199376947
696 0.00778816199376947
3550 0.00778816199376947
2939 0.00778816199376947
2162 0.00778816199376947
1085 0.007776049766718507
3387 0.007776049766718507
176 0.007763975155279503
1094 0.007763975155279503
684 0.007763975155279503
3611 0.007763975155279503
3852 0.007763975155279503
1702 0.007751937984496124
660 0.007751937984496124
2953 0.007751937984496124
3129 0.007751937984496124
2628 0.007751937984496124
994 0.007739938080495356
1473 0.0077279752704791345
773 0.0077279752704791345
3855 0.0077279752704791345
3320 0.007716049382716049
807 0.007704160246533128
3079 0.007704160246533128
2956 0.007704160246533128
27 0.007692307692307693
2117 0.007692307692307693
3046 0.007692307692307693
3081 0.007692307692307693
98 0.007680491551459293
2802 0.007680491551459293
3802 0.007680491551459293
104 0.007668711656441718
1459 0.007668711656441718
570 0.007668711656441718
3344 0.007668711656441718
1978 0.007668711656441718
1343 0.007656967840735069
1748 0.007656967840735069
586 0.007656967840735069
3396 0.007656967840735069
3454 0.00764525993883792
3033 0.00764525993883792
3286 0.00764525993883792
2944 0.007633587786259542
3771 0.007633587786259542
1577 0.007621951219512195
1583 0.007621951219512195
489 0.007621951219512195
3474 0.007621951219512195
1155 0.0076103500761035
2547 0.0076103500761035
519 0.0076103500761035
778 0.0076103500761035
3013 0.0076103500761035
3380 0.0076103500761035
2345 0.0076103500761035
1492 0.0076045627376425855
2514 0.0076045627376425855
2265 0.007598784194528876
3543 0.007598784194528876
65 0.007587253414264037
883 0.007587253414264037
3926 0.007587253414264037
1059 0.007575757575757576
738 0.007575757575757576
3038 0.007575757575757576
2016 0.007575757575757576
1892 0.007564296520423601
2751 0.007564296520423601
966 0.0075528700906344415
3577 0.0075528700906344415
2816 0.0075528700906344415
9 0.007541478129713424
941 0.007541478129713424
1729 0.007541478129713424
2765 0.007541478129713424
2480 0.007541478129713424
765 0.007530120481927711
2941 0.007530120481927711
3558 0.007530120481927711
1352 0.007518796992481203
2740 0.007518796992481203
567 0.007518796992481203
663 0.007518796992481203
3159 0.007518796992481203
29 0.0075075075075075074
1820 0.0075075075075075074
1995 0.0075075075075075074
2702 0.0075075075075075074
3438 0.0075075075075075074
1400 0.0074962518740629685
1422 0.0074962518740629685
2103 0.0074962518740629685
969 0.0074850299401197605
1399 0.0074850299401197605
1805 0.0074850299401197605
1899 0.0074850299401197605
13 0.007473841554559043
268 0.007473841554559043
2738 0.007473841554559043
3170 0.007473841554559043
2611 0.007473841554559043
3702 0.007473841554559043
1637 0.007462686567164179
352 0.007462686567164179
4034 0.007462686567164179
1785 0.007451564828614009
530 0.007451564828614009
3345 0.007451564828614009
3552 0.007451564828614009
3688 0.007451564828614009
3697 0.007451564828614009
2003 0.00744047619047619
248 0.007429420505200594
1531 0.007429420505200594
2660 0.007429420505200594
3371 0.007429420505200594
2091 0.007429420505200594
271 0.00741839762611276
1031 0.00741839762611276
1593 0.00741839762611276
1926 0.00741839762611276
2869 0.00741839762611276
2973 0.00741839762611276
3903 0.00741839762611276
276 0.007407407407407408
1223 0.007407407407407408
737 0.007407407407407408
2947 0.007407407407407408
523 0.0073964497041420114
3373 0.0073964497041420114
3785 0.0073964497041420114
3934 0.0073964497041420114
1928 0.007385524372230428
502 0.007374631268436578
3058 0.007374631268436578
3167 0.007374631268436578
3434 0.007374631268436578
3646 0.007374631268436578
403 0.007363770250368188
3390 0.007363770250368188
2120 0.007363770250368188
3663 0.007363770250368188
1150 0.007352941176470588
444 0.007352941176470588
3877 0.007352941176470588
3886 0.007352941176470588
2661 0.007352941176470588
3137 0.007352941176470588
2251 0.007352941176470588
2327 0.007342143906020558
1974 0.007342143906020558
2202 0.007342143906020558
2259 0.007342143906020558
1482 0.007331378299120235
1618 0.007331378299120235
2400 0.007331378299120235
3578 0.007331378299120235
965 0.007320644216691069
3870 0.007320644216691069
265 0.007309941520467836
1715 0.007309941520467836
3436 0.007309941520467836
2226 0.007309941520467836
2814 0.0072992700729927005
802 0.0072992700729927005
3196 0.0072992700729927005
3335 0.0072992700729927005
3761 0.0072992700729927005
1169 0.007288629737609329
1325 0.007288629737609329
3342 0.007288629737609329
3358 0.007288629737609329
1109 0.00727802037845706
3193 0.00727802037845706
2627 0.00727802037845706
465 0.007267441860465116
600 0.007267441860465116
2945 0.007267441860465116
2965 0.007267441860465116
2280 0.007267441860465116
1263 0.00725689404934688
1784 0.00725689404934688
1884 0.00725689404934688
413 0.00725689404934688
3288 0.00725689404934688
2346 0.00725689404934688
1294 0.007246376811594203
1681 0.007246376811594203
2143 0.007246376811594203
1231 0.00723589001447178
2473 0.00723589001447178
3547 0.00723589001447178
946 0.0072254335260115606
1235 0.0072254335260115606
1798 0.0072254335260115606
2366 0.0072254335260115606
1298 0.007215007215007215
1576 0.007215007215007215
394 0.007215007215007215
2229 0.007215007215007215
1158 0.007204610951008645
2018 0.007204610951008645
365 0.007194244604316547
546 0.007194244604316547
569 0.007194244604316547
3220 0.007194244604316547
212 0.007183908045977011
1248 0.007183908045977011
2783 0.007183908045977011
3909 0.007183908045977011
1525 0.007173601147776184
3188 0.007173601147776184
3187 0.007168458781362007
3525 0.0071633237822349575
3494 0.0071633237822349575
1685 0.00715307582260372
1906 0.00715307582260372
2681 0.00715307582260372
134 0.007142857142857143
1005 0.007142857142857143
2248 0.007142857142857143
1260 0.007132667617689016
1837 0.007132667617689016
3249 0.007132667617689016
2745 0.007122507122507123
507 0.007112375533428165
62 0.007102272727272727
1024 0.007102272727272727
3023 0.007102272727272727
363 0.0070921985815602835
975 0.0070921985815602835
1973 0.0070921985815602835
2985 0.0070921985815602835
2180 0.007082152974504249
2086 0.007082152974504249
1355 0.007072135785007072
1809 0.007072135785007072
183 0.007062146892655367
387 0.007062146892655367
3714 0.007062146892655367
2995 0.007052186177715092
928 0.007042253521126761
943 0.007042253521126761
751 0.007042253521126761
1913 0.007022471910112359
2187 0.0070126227208976155
679 0.0070126227208976155
3485 0.0070126227208976155
2907 0.0070028011204481795
123 0.006944444444444444
1122 0.006915629322268326
1465 0.006915629322268326
1588 0.006915629322268326
132 0.006896551724137931
1451 0.006872852233676976
580 0.006868131868131868
3201 0.006868131868131868
2875 0.006825938566552901
3718 0.006825938566552901
2337 0.0068212824010914054
2895 0.0068212824010914054
1677 0.006811989100817439
3726 0.006802721088435374
995 0.006791171477079796
1186 0.0067842605156037995
1334 0.006775067750677507
2901 0.006700167504187605
3828 0.006700167504187605
1215 0.006688963210702341
1318 0.0066844919786096255
2283 0.006666666666666667
3237 0.0066555740432612314
3289 0.006622516556291391
3703 0.006622516556291391
1535 0.006600660066006601
3154 0.006589785831960461
2903 0.006578947368421052
208 0.006570302233902759
558 0.006568144499178982
2764 0.006568144499178982
3273 0.006568144499178982
3711 0.006568144499178982
779 0.006546644844517185
1300 0.006535947712418301
3158 0.0065252854812398045
3277 0.0065252854812398045
2963 0.006514657980456026
3262 0.0065040650406504065
2377 0.006482982171799027
3104 0.006482982171799027
3406 0.006462035541195477
2273 0.006462035541195477
2834 0.006462035541195477
2462 0.006462035541195477
514 0.0064516129032258064
748 0.00644122383252818
3522 0.00644122383252818
3600 0.00644122383252818
3062 0.006435006435006435
541 0.006430868167202572
1455 0.006420545746388443
2311 0.006420545746388443
3471 0.006420545746388443
1123 0.00641025641025641
388 0.00641025641025641
709 0.00641025641025641
2969 0.00641025641025641
3784 0.0064
880 0.006389776357827476
3762 0.006389776357827476
223 0.006379585326953748
1865 0.006379585326953748
3075 0.006369426751592357
3114 0.006369426751592357
3123 0.006369426751592357
3460 0.006369426751592357
359 0.006359300476947536
416 0.006359300476947536
250 0.006349206349206349
1434 0.006349206349206349
1602 0.006349206349206349
442 0.006349206349206349
2025 0.006349206349206349
1159 0.006339144215530904
1768 0.006339144215530904
2183 0.006339144215530904
1949 0.006339144215530904
3645 0.006339144215530904
1282 0.006329113924050633
1724 0.006329113924050633
722 0.006329113924050633
3459 0.006329113924050633
944 0.006309148264984227
2199 0.006309148264984227
2757 0.006309148264984227
3810 0.006309148264984227
1227 0.006299212598425197
2006 0.006299212598425197
3955 0.006299212598425197
659 0.006289308176100629
723 0.006289308176100629
1796 0.006279434850863423
493 0.006279434850863423
2958 0.006279434850863423
492 0.006269592476489028
2787 0.006269592476489028
1284 0.006259780907668232
1462 0.006259780907668232
2463 0.006259780907668232
715 0.006259780907668232
1496 0.00625
1980 0.00625
945 0.0062402496099844
367 0.0062402496099844
341 0.006230529595015576
1126 0.006230529595015576
2984 0.006230529595015576
1101 0.006220839813374806
2132 0.006220839813374806
3360 0.006201550387596899
963 0.006191950464396285
1895 0.006191950464396285
3142 0.006191950464396285
3236 0.006191950464396285
290 0.0061823802163833074
1124 0.0061823802163833074
3651 0.0061823802163833074
2639 0.0061823802163833074
1346 0.006172839506172839
1512 0.006172839506172839
2718 0.006172839506172839
3068 0.0061633281972265025
1042 0.006153846153846154
3306 0.006153846153846154
2218 0.006153846153846154
2260 0.006153846153846154
504 0.006144393241167435
2432 0.006144393241167435
274 0.006134969325153374
1426 0.006134969325153374
1774 0.006134969325153374
673 0.006134969325153374
2979 0.006134969325153374
2936 0.006134969325153374
1103 0.006125574272588055
1373 0.006125574272588055
1446 0.006125574272588055
537 0.006125574272588055
3366 0.006125574272588055
2919 0.006125574272588055
3210 0.006125574272588055
2572 0.006125574272588055
1628 0.0061162079510703364
395 0.0061162079510703364
672 0.0061162079510703364
3261 0.0061162079510703364
191 0.0061068702290076335
1427 0.0061068702290076335
1501 0.0061068702290076335
1824 0.0061068702290076335
1868 0.0061068702290076335
2072 0.0061068702290076335
458 0.0061068702290076335
2085 0.0061068702290076335
1241 0.006097560975609756
474 0.006097560975609756
3572 0.006097560975609756
3860 0.006097560975609756
1114 0.0060882800608828
1404 0.0060882800608828
2267 0.0060882800608828
2798 0.0060882800608828
2443 0.0060790273556231
2476 0.0060790273556231
3450 0.0060790273556231
1611 0.006069802731411229
3018 0.006069802731411229
3356 0.006069802731411229
2425 0.006069802731411229
3800 0.006069802731411229
3879 0.006069802731411229
113 0.006060606060606061
1420 0.006060606060606061
1520 0.006060606060606061
2640 0.006060606060606061
267 0.006051437216338881
1225 0.006051437216338881
1312 0.006051437216338881
1691 0.006051437216338881
3340 0.006051437216338881
2410 0.006051437216338881
3906 0.006051437216338881
1551 0.006042296072507553
847 0.006042296072507553
2929 0.006042296072507553
3035 0.006042296072507553
21 0.006033182503770739
200 0.006033182503770739
385 0.006033182503770739
868 0.006033182503770739
2872 0.006033182503770739
3043 0.006033182503770739
291 0.006024096385542169
325 0.006024096385542169
1495 0.006024096385542169
2053 0.006024096385542169
2981 0.006024096385542169
2492 0.006024096385542169
3640 0.006024096385542169
1188 0.006015037593984963
1255 0.006015037593984963
2169 0.006015037593984963
314 0.006006006006006006
1020 0.006006006006006006
1680 0.006006006006006006
362 0.006006006006006006
419 0.006006006006006006
2293 0.006006006006006006
3297 0.006006006006006006
1453 0.005997001499250375
3378 0.005997001499250375
1173 0.005988023952095809
1210 0.005988023952095809
1230 0.005988023952095809
1832 0.005988023952095809
1916 0.005988023952095809
2768 0.005988023952095809
3334 0.005988023952095809
954 0.005979073243647235
1167 0.005979073243647235
1259 0.005979073243647235
2782 0.005979073243647235
3077 0.005979073243647235
3480 0.005979073243647235
1321 0.005970149253731343
2417 0.005970149253731343
559 0.005970149253731343
2501 0.005970149253731343
2828 0.005970149253731343
2577 0.005970149253731343
1306 0.005961251862891207
3194 0.005961251862891207
526 0.005952380952380952
1801 0.005952380952380952
487 0.005952380952380952
2800 0.005952380952380952
2242 0.005952380952380952
651 0.005943536404160475
1213 0.005943536404160475
1285 0.005943536404160475
1633 0.005943536404160475
2385 0.005943536404160475
2881 0.005943536404160475
2243 0.005943536404160475
1574 0.005934718100890208
1872 0.005934718100890208
60 0.005925925925925926
1189 0.005925925925925926
1650 0.005925925925925926
1653 0.005925925925925926
2920 0.005925925925925926
2584 0.005925925925925926
479 0.005917159763313609
536 0.005917159763313609
3517 0.005917159763313609
2155 0.005917159763313609
3545 0.005917159763313609
2225 0.005908419497784343
3036 0.005908419497784343
109 0.0058997050147492625
1176 0.0058997050147492625
3845 0.0058997050147492625
1214 0.005891016200294551
2254 0.005891016200294551
1062 0.0058823529411764705
1072 0.0058823529411764705
1419 0.0058823529411764705
1509 0.0058823529411764705
1682 0.0058823529411764705
1848 0.0058823529411764705
2840 0.0058823529411764705
2526 0.0058823529411764705
905 0.005873715124816446
3051 0.005873715124816446
548 0.005865102639296188
2350 0.005865102639296188
2114 0.005856515373352855
2427 0.005856515373352855
1939 0.005847953216374269
3120 0.005847953216374269
645 0.00583941605839416
2525 0.00583941605839416
3174 0.0058309037900874635
1166 0.005822416302765648
3351 0.005822416302765648
1129 0.005813953488372093
2976 0.005813953488372093
3101 0.005813953488372093
3232 0.005813953488372093
3119 0.005805515239477504
1968 0.005805515239477504
3977 0.005805515239477504
2158 0.005797101449275362
63 0.005788712011577424
456 0.005788712011577424
3184 0.005788712011577424
3357 0.005788712011577424
1950 0.005788712011577424
1102 0.005780346820809248
1692 0.005780346820809248
3253 0.005780346820809248
1092 0.005772005772005772
2712 0.005772005772005772
2097 0.005772005772005772
3865 0.005763688760806916
2689 0.0057553956834532375
2061 0.0057553956834532375
3884 0.0057553956834532375
1327 0.005747126436781609
2917 0.005747126436781609
3118 0.005747126436781609
3973 0.005747126436781609
353 0.005738880918220947
2723 0.005738880918220947
3246 0.0057306590257879654
2092 0.0057306590257879654
1395 0.005714285714285714
3414 0.005714285714285714
1069 0.005706134094151213
2864 0.005706134094151213
2994 0.005706134094151213
3343 0.005706134094151213
2270 0.005706134094151213
750 0.005698005698005698
2943 0.005698005698005698
1971 0.005698005698005698
1385 0.005689900426742532
1432 0.005689900426742532
238 0.005681818181818182
1769 0.005681818181818182
323 0.005673758865248227
2696 0.005673758865248227
2797 0.005673758865248227
3573 0.0056657223796034
3841 0.0056657223796034
488 0.005649717514124294
3050 0.005641748942172073
3209 0.005633802816901409
1683 0.005625879043600563
3226 0.005625879043600563
1289 0.0056179775280898875
2955 0.0056179775280898875
1161 0.005610098176718092
1732 0.005610098176718092
2852 0.005610098176718092
2914 0.005610098176718092
3467 0.0055762081784386614
2364 0.005571030640668524
591 0.005555555555555556
3313 0.005555555555555556
340 0.005547850208044383
2157 0.00554016620498615
970 0.0055248618784530384
3272 0.0055248618784530384
3363 0.0055248618784530384
1137 0.005517241379310344
2598 0.005494505494505495
935 0.005471956224350205
936 0.005471956224350205
3913 0.00546448087431694
1316 0.005442176870748299
2102 0.005442176870748299
3097 0.005434782608695652
1481 0.005420054200542005
4035 0.005405405405405406
3034 0.005390835579514825
1941 0.005390835579514825
1878 0.005383580080753701
761 0.005383580080753701
2038 0.005361930294906166
1709 0.00535475234270415
730 0.005312084993359893
3301 0.005312084993359893
2047 0.005305039787798408
3534 0.005256241787122208
1639 0.005172413793103448
2588 0.005128205128205128
141 0.005084745762711864
2222 0.005076142131979695
450 0.005025125628140704
710 0.005025125628140704
1359 0.005016722408026756
2402 0.005016722408026756
976 0.0049833887043189366
3777 0.0049586776859504135
1714 0.0049504950495049506
538 0.004942339373970346
1091 0.004942339373970346
2806 0.004942339373970346
543 0.0049261083743842365
2762 0.0049261083743842365
404 0.004909983633387889
915 0.004901960784313725
374 0.004901960784313725
3202 0.004901960784313725
2390 0.004901960784313725
3804 0.004901960784313725
40 0.004893964110929853
1751 0.004885993485342019
3115 0.004885993485342019
1962 0.004885993485342019
3834 0.004885993485342019
1357 0.004878048780487805
986 0.00487012987012987
2176 0.00487012987012987
3348 0.004862236628849271
3395 0.004862236628849271
298 0.0048543689320388345
1324 0.004846526655896607
1762 0.004846526655896607
3254 0.004846526655896607
1288 0.004838709677419355
1707 0.004838709677419355
1782 0.004838709677419355
2748 0.004838709677419355
1846 0.004830917874396135
3355 0.00482315112540193
3399 0.00482315112540193
1953 0.004815409309791332
2310 0.004815409309791332
1029 0.0048
1143 0.0048
1428 0.0048
3527 0.0048
3607 0.0048
2620 0.004792332268370607
1655 0.004784688995215311
1761 0.004784688995215311
2987 0.004784688995215311
3430 0.004784688995215311
1185 0.004777070063694267
1744 0.004777070063694267
2032 0.0047694753577106515
676 0.0047694753577106515
3797 0.0047694753577106515
3144 0.0047694753577106515
1349 0.004761904761904762
1622 0.004761904761904762
3704 0.004761904761904762
517 0.004754358161648178
1369 0.004746835443037975
2583 0.004746835443037975
2290 0.004746835443037975
3204 0.004739336492890996
164 0.00473186119873817
1844 0.004724409448818898
3734 0.004724409448818898
988 0.0047169811320754715
3076 0.0047169811320754715
1598 0.004709576138147566
2205 0.004709576138147566
1515 0.004702194357366771
1638 0.004702194357366771
834 0.004702194357366771
2396 0.004702194357366771
4010 0.004702194357366771
1377 0.004694835680751174
525 0.004694835680751174
756 0.004694835680751174
2496 0.004694835680751174
1220 0.0046875
2974 0.0046875
1925 0.0046875
1345 0.0046801872074883
1630 0.0046801872074883
2867 0.0046801872074883
940 0.004672897196261682
1286 0.004672897196261682
1959 0.004672897196261682
2993 0.004672897196261682
1686 0.004665629860031105
521 0.004665629860031105
2493 0.004665629860031105
972 0.004658385093167702
2672 0.004658385093167702
2915 0.004658385093167702
3362 0.004658385093167702
2447 0.004651162790697674
415 0.004651162790697674
2315 0.004651162790697674
907 0.0046439628482972135
1976 0.0046439628482972135
473 0.0046439628482972135
2882 0.0046439628482972135
3065 0.0046439628482972135
3084 0.0046439628482972135
428 0.00463678516228748
1737 0.00463678516228748
1738 0.00463678516228748
2033 0.00463678516228748
3951 0.00463678516228748
1839 0.004629629629629629
948 0.004622496147919877
2101 0.004622496147919877
2394 0.004622496147919877
3206 0.004622496147919877
982 0.004615384615384616
1310 0.004615384615384616
1522 0.004615384615384616
2128 0.004615384615384616
2746 0.004615384615384616
1099 0.004608294930875576
1514 0.004608294930875576
2223 0.004608294930875576
448 0.004608294930875576
2233 0.004608294930875576
2658 0.004608294930875576
1464 0.004601226993865031
426 0.004601226993865031
3016 0.004601226993865031
2019 0.004601226993865031
1039 0.004594180704441042
1413 0.004594180704441042
1647 0.004594180704441042
370 0.004594180704441042
373 0.004594180704441042
402 0.004594180704441042
412 0.004594180704441042
3384 0.004594180704441042
1519 0.0045871559633027525
478 0.0045871559633027525
2355 0.004580152671755725
3189 0.004580152671755725
3666 0.004580152671755725
1330 0.0045662100456621
1856 0.0045662100456621
2617 0.0045662100456621
2904 0.0045662100456621
2288 0.0045662100456621
1003 0.004559270516717325
1243 0.004559270516717325
1269 0.004559270516717325
451 0.004559270516717325
511 0.004559270516717325
3294 0.004559270516717325
3381 0.004559270516717325
1777 0.004552352048558422
2719 0.004552352048558422
2876 0.004552352048558422
1052 0.004545454545454545
3575 0.004545454545454545
1508 0.0045385779122541605
1547 0.0045385779122541605
2863 0.0045385779122541605
1986 0.0045385779122541605
1229 0.004531722054380665
1885 0.004531722054380665
3039 0.004531722054380665
3299 0.004531722054380665
2580 0.004531722054380665
1009 0.004524886877828055
3347 0.004524886877828055
2175 0.004524886877828055
1623 0.004518072289156626
438 0.004518072289156626
2659 0.004518072289156626
1609 0.004511278195488722
1845 0.004511278195488722
1862 0.004511278195488722
2925 0.004511278195488722
1470 0.0045045045045045045
2064 0.0045045045045045045
2504 0.0045045045045045045
1065 0.004497751124437781
460 0.004497751124437781
551 0.004497751124437781
1437 0.004491017964071856
2775 0.004491017964071856
2714 0.004491017964071856
3400 0.004491017964071856
1025 0.004484304932735426
1391 0.004484304932735426
1603 0.004484304932735426
2153 0.004484304932735426
2992 0.004484304932735426
1125 0.004477611940298508
2716 0.004477611940298508
2940 0.004477611940298508
3078 0.004477611940298508
2208 0.004477611940298508
2449 0.004477611940298508
3614 0.004477611940298508
3984 0.004477611940298508
1291 0.004464285714285714
1688 0.004464285714285714
1706 0.004464285714285714
2853 0.004464285714285714
2871 0.004464285714285714
1931 0.004464285714285714
2096 0.004464285714285714
1313 0.004457652303120356
1361 0.004457652303120356
2115 0.004457652303120356
2521 0.004457652303120356
420 0.0044444444444444444
1082 0.0044444444444444444
2024 0.0044444444444444444
544 0.0044444444444444444
221 0.004437869822485207
1438 0.004437869822485207
1727 0.004437869822485207
1900 0.004437869822485207
2472 0.004437869822485207
2916 0.004437869822485207
1930 0.004437869822485207
2209 0.004437869822485207
440 0.004431314623338257
639 0.004431314623338257
3225 0.004431314623338257
3257 0.004431314623338257
914 0.004424778761061947
1084 0.004424778761061947
1572 0.004424778761061947
1716 0.004424778761061947
2198 0.004424778761061947
2122 0.004424778761061947
2438 0.004424778761061947
3553 0.004424778761061947
3681 0.004424778761061947
896 0.004418262150220913
1256 0.004418262150220913
1861 0.004418262150220913
2511 0.004418262150220913
759 0.004418262150220913
2037 0.004418262150220913
2581 0.004418262150220913
1342 0.004411764705882353
2328 0.004411764705882353
2877 0.004411764705882353
3002 0.004411764705882353
3192 0.004411764705882353
1958 0.004411764705882353
2234 0.004411764705882353
1817 0.004405286343612335
2755 0.004405286343612335
3375 0.004405286343612335
2182 0.004405286343612335
3940 0.004405286343612335
2368 0.004398826979472141
2950 0.004398826979472141
3026 0.004398826979472141
2654 0.004398826979472141
1344 0.0043859649122807015
1429 0.0043859649122807015
2241 0.0043859649122807015
2616 0.0043859649122807015
1883 0.004379562043795621
3383 0.004379562043795621
2058 0.004379562043795621
1405 0.004373177842565598
3267 0.004373177842565598
2713 0.004366812227074236
3110 0.004366812227074236
3281 0.004366812227074236
1376 0.00436046511627907
1458 0.00436046511627907
1765 0.00436046511627907
2347 0.00436046511627907
2741 0.00436046511627907
3148 0.00436046511627907
2056 0.00436046511627907
2440 0.00436046511627907
1292 0.0043541364296081275
2250 0.0043541364296081275
1952 0.0043541364296081275
3686 0.0043541364296081275
1461 0.004347826086956522
3316 0.004347826086956522
2637 0.004347826086956522
2133 0.004341534008683068
2177 0.004341534008683068
2186 0.004341534008683068
3966 0.004341534008683068
983 0.004335260115606936
1113 0.004335260115606936
1582 0.004335260115606936
3730 0.004335260115606936
1108 0.004329004329004329
1969 0.004329004329004329
2023 0.004329004329004329
2009 0.004322766570605188
2690 0.004322766570605188
1783 0.004316546762589928
2756 0.004316546762589928
2777 0.004316546762589928
2362 0.004316546762589928
2376 0.004316546762589928
1418 0.004310344827586207
891 0.004310344827586207
2991 0.004310344827586207
3191 0.004310344827586207
1204 0.00430416068866571
2494 0.00430416068866571
2539 0.00430416068866571
2698 0.004297994269340974
2743 0.004297994269340974
3195 0.004297994269340974
2195 0.004297994269340974
3842 0.004297994269340974
1573 0.004291845493562232
1994 0.004291845493562232
2679 0.004291845493562232
1983 0.004291845493562232
984 0.004285714285714286
1722 0.004285714285714286
2971 0.004285714285714286
3260 0.004285714285714286
2633 0.004285714285714286
1945 0.0042796005706134095
2007 0.0042796005706134095
2333 0.004273504273504274
3243 0.004273504273504274
463 0.004267425320056899
2087 0.004267425320056899
3102 0.004267425320056899
2138 0.004261363636363636
755 0.004261363636363636
845 0.004261363636363636
854 0.004261363636363636
3943 0.004261363636363636
1190 0.00425531914893617
2339 0.00425531914893617
1012 0.00424929178470255
1047 0.00424929178470255
1351 0.00424929178470255
2039 0.00424929178470255
610 0.00424929178470255
1887 0.004243281471004243
565 0.004243281471004243
3089 0.00423728813559322
614 0.004225352112676056
2609 0.004225352112676056
1659 0.004219409282700422
3112 0.004219409282700422
3419 0.004219409282700422
1799 0.004213483146067416
2013 0.004213483146067416
1075 0.004207573632538569
3755 0.004207573632538569
1790 0.004195804195804196
503 0.004189944134078212
897 0.0041841004184100415
2246 0.0041841004184100415
1888 0.004172461752433936
30 0.004166666666666667
971 0.004166666666666667
1668 0.004166666666666667
1867 0.004166666666666667
2835 0.004166666666666667
1853 0.004160887656033287
2084 0.004160887656033287
153 0.004155124653739612
3052 0.004155124653739612
425 0.004143646408839779
1135 0.004137931034482759
1196 0.0041265474552957355
1550 0.0041265474552957355
1604 0.004120879120879121
1596 0.00411522633744856
1454 0.004098360655737705
3332 0.004092769440654843
2874 0.004087193460490463
2825 0.004076086956521739
3468 0.004043126684636119
1863 0.0039946737683089215
3086 0.003942181340341655
1954 0.003821656050955414
1587 0.003552397868561279
2812 0.0035087719298245615
1006 0.0034423407917383822
1070 0.003430531732418525
1211 0.003401360544217687
700 0.00338409475465313
1401 0.003372681281618887
1556 0.003372681281618887
2057 0.003372681281618887
2566 0.003372681281618887
2247 0.003367003367003367
3214 0.003355704697986577
2414 0.003355704697986577
1019 0.0033444816053511705
56 0.003316749585406302
2210 0.0033003300330033004
1172 0.0032948929159802307
2779 0.0032948929159802307
2793 0.003289473684210526
2363 0.003289473684210526
726 0.003284072249589491
3379 0.003284072249589491
2752 0.003278688524590164
957 0.003257328990228013
2905 0.003257328990228013
2909 0.003257328990228013
3296 0.003257328990228013
3670 0.003257328990228013
1110 0.003246753246753247
338 0.0032414910858995136
2704 0.003236245954692557
1364 0.0032258064516129032
835 0.0032258064516129032
3109 0.0032258064516129032
2116 0.00322061191626409
390 0.00322061191626409
1871 0.003215434083601286
760 0.003215434083601286
1920 0.003215434083601286
2148 0.003215434083601286
1382 0.0032102728731942215
2303 0.0032102728731942215
3098 0.003205128205128205
1942 0.003205128205128205
2252 0.003205128205128205
380 0.0032
2185 0.0032
1207 0.003194888178913738
1251 0.003189792663476874
2398 0.003189792663476874
3047 0.003189792663476874
122 0.0031847133757961785
962 0.0031847133757961785
613 0.0031847133757961785
2576 0.003179650238473768
1435 0.0031746031746031746
1793 0.0031746031746031746
3219 0.0031746031746031746
3391 0.0031746031746031746
2369 0.0031746031746031746
482 0.003169572107765452
2499 0.003169572107765452
2928 0.0031645569620253164
2312 0.0031645569620253164
1506 0.00315955766192733
1015 0.0031545741324921135
1078 0.0031545741324921135
2224 0.0031545741324921135
3011 0.0031545741324921135
2832 0.0031496062992125984
641 0.0031446540880503146
1379 0.0031446540880503146
1290 0.0031397174254317113
1886 0.0031397174254317113
706 0.0031397174254317113
3179 0.0031397174254317113
2282 0.0031397174254317113
2937 0.0031397174254317113
3182 0.0031397174254317113
3185 0.0031397174254317113
1557 0.003134796238244514
436 0.003134796238244514
2196 0.003134796238244514
3113 0.003134796238244514
1963 0.003134796238244514
1130 0.003129890453834116
1393 0.003129890453834116
1549 0.003129890453834116
3093 0.003129890453834116
3224 0.003129890453834116
1380 0.003125
1398 0.003125
1771 0.003125
2737 0.003125
3108 0.003125
3274 0.003125
968 0.0031201248049922
1247 0.0031201248049922
1870 0.0031201248049922
875 0.0031201248049922
1117 0.003115264797507788
1559 0.003110419906687403
409 0.003110419906687403
3388 0.003110419906687403
2578 0.003110419906687403
1955 0.003105590062111801
2720 0.003105590062111801
515 0.0031007751937984496
2489 0.0031007751937984496
892 0.0030959752321981426
2567 0.0030959752321981426
336 0.0030911901081916537
1107 0.0030911901081916537
1262 0.0030911901081916537
1649 0.0030911901081916537
2264 0.0030911901081916537
655 0.0030911901081916537
2343 0.0030911901081916537
2938 0.0030911901081916537
161 0.0030864197530864196
1720 0.0030864197530864196
1875 0.0030864197530864196
602 0.0030864197530864196
2680 0.0030864197530864196
1175 0.0030816640986132513
1322 0.0030816640986132513
1830 0.0030816640986132513
3370 0.0030816640986132513
2118 0.0030816640986132513
2586 0.0030816640986132513
2606 0.0030816640986132513
1040 0.003076923076923077
2289 0.003076923076923077
2642 0.003076923076923077
3213 0.003076923076923077
2022 0.003076923076923077
2140 0.003076923076923077
2601 0.003076923076923077
1066 0.0030721966205837174
1156 0.0030721966205837174
1233 0.0030721966205837174
1250 0.0030721966205837174
1675 0.0030721966205837174
2174 0.0030721966205837174
512 0.0030721966205837174
2770 0.0030721966205837174
997 0.0030627871362940277
1485 0.0030627871362940277
1524 0.0030627871362940277
2028 0.0030627871362940277
1940 0.0030627871362940277
2344 0.0030627871362940277
2221 0.0030627871362940277
1792 0.0030581039755351682
2736 0.0030581039755351682
1004 0.0030534351145038168
1120 0.0030534351145038168
1280 0.0030534351145038168
1341 0.0030534351145038168
1932 0.0030534351145038168
669 0.0030534351145038168
671 0.0030534351145038168
2568 0.0030534351145038168
1480 0.003048780487804878
2502 0.003048780487804878
741 0.003048780487804878
1195 0.0030441400304414
1752 0.0030441400304414
1841 0.0030441400304414
3117 0.0030441400304414
3245 0.00303951367781155
2052 0.00303951367781155
3048 0.00303951367781155
2136 0.00303951367781155
2520 0.00303951367781155
1632 0.0030349013657056147
2151 0.0030349013657056147
2801 0.0030349013657056147
3149 0.0030349013657056147
1184 0.0030303030303030303
1350 0.0030303030303030303
1471 0.0030303030303030303
2212 0.0030303030303030303
1430 0.0030257186081694403
2135 0.0030257186081694403
2890 0.0030257186081694403
3324 0.0030257186081694403
2011 0.0030257186081694403
2232 0.0030257186081694403
2478 0.0030257186081694403
1789 0.0030211480362537764
1881 0.0030211480362537764
2268 0.0030211480362537764
545 0.0030211480362537764
562 0.0030211480362537764
2137 0.0030211480362537764
1011 0.0030165912518853697
417 0.0030165912518853697
2912 0.0030165912518853697
3022 0.0030165912518853697
3199 0.0030165912518853697
2629 0.0030120481927710845
2635 0.0030120481927710845
2194 0.0030120481927710845
1864 0.0030075187969924814
1982 0.0030075187969924814
2131 0.0030075187969924814
2631 0.0030075187969924814
1320 0.003003003003003003
1542 0.003003003003003003
1571 0.003003003003003003
1591 0.003003003003003003
1813 0.003003003003003003
2705 0.003003003003003003
2731 0.003003003003003003
2977 0.003003003003003003
2988 0.003003003003003003
953 0.0029985007496251873
1179 0.0029985007496251873
2858 0.0029985007496251873
2891 0.0029985007496251873
3056 0.0029985007496251873
3069 0.0029985007496251873
3235 0.0029985007496251873
1710 0.0029940119760479044
2530 0.0029940119760479044
2413 0.0029940119760479044
2906 0.0029940119760479044
3088 0.0029940119760479044
3198 0.0029940119760479044
2839 0.0029895366218236174
919 0.0029850746268656717
1335 0.0029850746268656717
1718 0.0029850746268656717
2285 0.0029850746268656717
2722 0.0029850746268656717
3352 0.0029850746268656717
1852 0.0029806259314456036
2372 0.0029806259314456036
566 0.002976190476190476
500 0.002976190476190476
3418 0.002976190476190476
1879 0.0029717682020802376
677 0.0029717682020802376
2827 0.0029717682020802376
2888 0.0029717682020802376
3330 0.0029717682020802376
932 0.002967359050445104
3250 0.002967359050445104
524 0.002962962962962963
2352 0.002962962962962963
2500 0.002962962962962963
2646 0.002962962962962963
1112 0.0029585798816568047
1517 0.0029585798816568047
1833 0.0029585798816568047
1265 0.0029542097488921715
1309 0.0029542097488921715
1502 0.0029542097488921715
1510 0.0029542097488921715
860 0.0029542097488921715
3092 0.0029542097488921715
2519 0.0029498525073746312
3319 0.0029498525073746312
2850 0.0029498525073746312
2908 0.0029498525073746312
1993 0.0029498525073746312
2045 0.0029498525073746312
2271 0.0029498525073746312
993 0.0029455081001472753
1115 0.0029455081001472753
1431 0.0029455081001472753
1673 0.0029455081001472753
2336 0.0029455081001472753
2594 0.0029455081001472753
2626 0.0029455081001472753
2144 0.0029411764705882353
2050 0.0029411764705882353
2112 0.0029411764705882353
2966 0.002936857562408223
2110 0.002936857562408223
3788 0.002936857562408223
1315 0.002932551319648094
1540 0.002932551319648094
3420 0.002932551319648094
2078 0.002932551319648094
1766 0.0029282576866764276
1826 0.0029282576866764276
3339 0.0029282576866764276
2391 0.0029282576866764276
3732 0.0029282576866764276
1457 0.0029239766081871343
1742 0.0029239766081871343
1754 0.0029239766081871343
1811 0.0029239766081871343
2778 0.0029239766081871343
2931 0.0029239766081871343
2262 0.0029239766081871343
1198 0.00291970802919708
1245 0.00291970802919708
2733 0.00291970802919708
2408 0.00291970802919708
967 0.0029154518950437317
1061 0.0029154518950437317
1678 0.0029154518950437317
2042 0.0029154518950437317
1948 0.0029154518950437317
2211 0.0029154518950437317
2227 0.0029154518950437317
2559 0.0029154518950437317
1219 0.002911208151382824
1700 0.002911208151382824
494 0.002911208151382824
652 0.002911208151382824
3359 0.002911208151382824
3364 0.002911208151382824
2585 0.002911208151382824
1503 0.0029069767441860465
2597 0.0029069767441860465
2754 0.0029069767441860465
3132 0.0029069767441860465
2166 0.0029069767441860465
1367 0.002902757619738752
1679 0.002902757619738752
1929 0.002902757619738752
2305 0.002902757619738752
638 0.002898550724637681
3385 0.002898550724637681
2029 0.002898550724637681
2464 0.002898550724637681
2951 0.002894356005788712
2021 0.002894356005788712
2249 0.002894356005788712
2469 0.002894356005788712
224 0.002890173410404624
316 0.002890173410404624
1239 0.002890173410404624
1757 0.002890173410404624
1828 0.002890173410404624
999 0.002886002886002886
1723 0.002886002886002886
2892 0.002886002886002886
1947 0.002886002886002886
2035 0.002886002886002886
1397 0.002881844380403458
1873 0.002881844380403458
1375 0.0028776978417266188
1390 0.0028776978417266188
2458 0.0028776978417266188
506 0.0028776978417266188
2592 0.0028776978417266188
3889 0.0028776978417266188
4008 0.0028776978417266188
1205 0.0028735632183908046
3292 0.0028735632183908046
606 0.0028694404591104736
2338 0.0028694404591104736
2623 0.0028694404591104736
1891 0.0028653295128939827
2468 0.0028653295128939827
2258 0.0028653295128939827
2359 0.0028653295128939827
2495 0.0028653295128939827
2605 0.002857142857142857
2998 0.002857142857142857
1578 0.0028530670470756064
1753 0.002849002849002849
2753 0.002849002849002849
2522 0.002849002849002849
79 0.002844950213371266
1411 0.002844950213371266
1608 0.002844950213371266
2538 0.002844950213371266
2277 0.002844950213371266
1093 0.002840909090909091
2512 0.002840909090909091
2833 0.0028368794326241137
1842 0.0028328611898017
2465 0.0028328611898017
461 0.002828854314002829
906 0.002824858757062147
2860 0.002824858757062147
930 0.0028208744710860366
1869 0.0028208744710860366
2393 0.0028208744710860366
2446 0.0028208744710860366
1584 0.0028129395218002813
2608 0.0028129395218002813
3258 0.0028129395218002813
1076 0.0028089887640449437
2098 0.0028089887640449437
3014 0.002805049088359046
2615 0.0028011204481792717
1903 0.002797202797202797
2319 0.002785515320334262
3009 0.002785515320334262
2409 0.0027739251040221915
1907 0.002770083102493075
2643 0.002770083102493075
3172 0.002770083102493075
375 0.0027662517289073307
34 0.0027434842249657062
3100 0.0027434842249657062
2165 0.0027397260273972603
3228 0.0027247956403269754
2607 0.0027247956403269754
2068 0.002717391304347826
683 0.0027063599458728013
2454 0.0026954177897574125
3618 0.0026954177897574125
1036 0.0026917900403768506
1370 0.0026917900403768506
1201 0.00267379679144385
648 0.0026702269692923898
1943 0.0026666666666666666
2518 0.0026560424966799467
1635 0.0017241379310344827
1874 0.0017064846416382253
959 0.001692047377326565
1818 0.001692047377326565
2536 0.0016891891891891893
2600 0.0016891891891891893
561 0.0016863406408094434
2436 0.0016835016835016834
2374 0.001658374792703151
1278 0.0016501650165016502
2942 0.0016501650165016502
3135 0.0016501650165016502
2470 0.0016474464579901153
3287 0.001644736842105263
3854 0.0016420361247947454
2924 0.0016366612111292963
2460 0.0016339869281045752
1329 0.0016313213703099511
1365 0.0016313213703099511
1721 0.0016313213703099511
378 0.0016260162601626016
1074 0.0016207455429497568
1170 0.0016207455429497568
2652 0.0016207455429497568
1060 0.0016181229773462784
1191 0.0016181229773462784
2389 0.0016181229773462784
1067 0.0016155088852988692
1323 0.0016155088852988692
2059 0.0016155088852988692
520 0.0016129032258064516
2216 0.0016129032258064516
2257 0.0016129032258064516
207 0.001610305958132045
371 0.001610305958132045
3820 0.001610305958132045
2564 0.001607717041800643
2749 0.0016051364365971107
2104 0.0016051364365971107
2109 0.0016051364365971107
2563 0.0016051364365971107
2332 0.0016
2996 0.0016
3116 0.0016
3247 0.0016
3424 0.0016
2387 0.0016
1592 0.001597444089456869
2044 0.001597444089456869
2306 0.001597444089456869
2604 0.001597444089456869
2970 0.001594896331738437
949 0.0015923566878980893
1116 0.0015923566878980893
1734 0.001589825119236884
2073 0.001589825119236884
1054 0.0015873015873015873
2309 0.0015873015873015873
1663 0.001584786053882726
3152 0.001584786053882726
1778 0.0015822784810126582
3125 0.0015822784810126582
1447 0.001579778830963665
1600 0.001579778830963665
491 0.001579778830963665
2065 0.001579778830963665
1979 0.001579778830963665
1990 0.001579778830963665
2532 0.001579778830963665
1613 0.0015772870662460567
3040 0.0015772870662460567
1388 0.0015748031496062992
1523 0.0015748031496062992
1984 0.0015748031496062992
1100 0.0015723270440251573
2430 0.0015723270440251573
1528 0.0015698587127158557
1730 0.0015698587127158557
2529 0.0015698587127158557
103 0.001567398119122257
3000 0.001567398119122257
210 0.001564945226917058
1772 0.001564945226917058
2561 0.001564945226917058
3729 0.001564945226917058
2695 0.0015625
2602 0.0015625
801 0.0015600624024961
2237 0.0015600624024961
2331 0.0015600624024961
1621 0.001557632398753894
2555 0.001557632398753894
2123 0.001557632398753894
2392 0.001557632398753894
1750 0.0015552099533437014
10 0.0015527950310559005
3353 0.0015527950310559005
3421 0.0015527950310559005
1026 0.0015503875968992248
2054 0.0015503875968992248
2134 0.0015503875968992248
2083 0.0015503875968992248
1661 0.0015479876160990713
1665 0.0015479876160990713
1736 0.0015479876160990713
1775 0.0015479876160990713
1836 0.0015479876160990713
692 0.0015479876160990713
1086 0.0015455950540958269
392 0.0015455950540958269
2707 0.0015455950540958269
1957 0.0015455950540958269
1570 0.0015432098765432098
668 0.0015432098765432098
2266 0.0015432098765432098
2012 0.0015432098765432098
2507 0.0015432098765432098
1448 0.0015408320493066256
2067 0.0015408320493066256
2773 0.0015384615384615385
3085 0.0015384615384615385
1340 0.0015360983102918587
2323 0.0015360983102918587
335 0.0015337423312883436
1619 0.0015337423312883436
2498 0.0015337423312883436
2636 0.0015337423312883436
2649 0.0015337423312883436
3134 0.0015337423312883436
2655 0.0015337423312883436
3049 0.0015313935681470138
2069 0.0015313935681470138
1068 0.0015290519877675841
1148 0.0015290519877675841
1589 0.0015290519877675841
3856 0.0015290519877675841
1048 0.0015267175572519084
2149 0.0015267175572519084
2509 0.0015267175572519084
3240 0.0015267175572519084
2467 0.0015267175572519084
2506 0.0015267175572519084
1237 0.001524390243902439
1617 0.001524390243902439
1712 0.001524390243902439
2326 0.001524390243902439
2619 0.001524390243902439
1381 0.0015220700152207
1605 0.0015220700152207
1746 0.0015220700152207
2142 0.0015220700152207
2482 0.0015220700152207
1081 0.001519756838905775
1467 0.001519756838905775
1580 0.001519756838905775
608 0.001519756838905775
2020 0.001519756838905775
926 0.0015174506828528073
1402 0.0015174506828528073
2479 0.0015174506828528073
1182 0.0015151515151515152
3386 0.0015151515151515152
2896 0.0015151515151515152
3106 0.0015151515151515152
2279 0.0015128593040847202
2043 0.0015128593040847202
2407 0.0015128593040847202
1146 0.0015105740181268882
439 0.0015105740181268882
2071 0.0015082956259426848
2062 0.0015082956259426848
2433 0.0015082956259426848
1181 0.0015060240963855422
1460 0.0015060240963855422
1479 0.0015060240963855422
2544 0.0015060240963855422
2552 0.0015060240963855422
1147 0.0015037593984962407
3096 0.0015037593984962407
1717 0.0015015015015015015
1800 0.0015015015015015015
2184 0.0015015015015015015
2625 0.0015015015015015015
3658 0.0015015015015015015
1699 0.0014992503748125937
1795 0.0014992503748125937
1816 0.0014992503748125937
2189 0.0014992503748125937
2244 0.0014992503748125937
1563 0.0014970059880239522
851 0.0014970059880239522
2419 0.0014970059880239522
3054 0.0014970059880239522
3280 0.0014970059880239522
2074 0.0014970059880239522
2383 0.0014970059880239522
2220 0.0014947683109118087
2590 0.0014947683109118087
3027 0.0014925373134328358
2717 0.0014903129657228018
3163 0.0014903129657228018
2005 0.0014903129657228018
55 0.001488095238095238
2040 0.001488095238095238
2090 0.001488095238095238
2274 0.001488095238095238
2276 0.001488095238095238
1449 0.0014858841010401188
358 0.0014858841010401188
2404 0.0014858841010401188
2415 0.0014858841010401188
947 0.001483679525222552
1163 0.001483679525222552
2434 0.001483679525222552
2960 0.0014814814814814814
3377 0.0014814814814814814
2510 0.0014792899408284023
2240 0.0014792899408284023
2556 0.0014792899408284023
1128 0.0014749262536873156
2913 0.0014749262536873156
2201 0.0014749262536873156
3597 0.0014749262536873156
125 0.0014727540500736377
2461 0.0014727540500736377
585 0.0014727540500736377
3408 0.0014727540500736377
43 0.0014705882352941176
918 0.0014705882352941176
2253 0.0014705882352941176
288 0.0014684287812041115
978 0.0014684287812041115
1456 0.0014684287812041115
2542 0.0014684287812041115
2910 0.0014684287812041115
2340 0.0014684287812041115
2557 0.0014684287812041115
2239 0.001466275659824047
2088 0.001466275659824047
2188 0.001466275659824047
2367 0.001466275659824047
2127 0.0014641288433382138
2508 0.0014641288433382138
624 0.0014641288433382138
1017 0.0014619883040935672
3070 0.0014619883040935672
2150 0.00145985401459854
2206 0.00145985401459854
3928 0.00145985401459854
1764 0.0014577259475218659
1877 0.0014577259475218659
2423 0.0014577259475218659
2599 0.0014577259475218659
1153 0.001455604075691412
656 0.001455604075691412
2428 0.001455604075691412
960 0.0014534883720930232
1521 0.0014534883720930232
1644 0.0014534883720930232
2380 0.0014534883720930232
1735 0.001451378809869376
2235 0.001451378809869376
2381 0.001451378809869376
1028 0.0014492753623188406
1303 0.0014492753623188406
1389 0.0014492753623188406
1612 0.0014492753623188406
2325 0.0014492753623188406
1463 0.001447178002894356
1590 0.001447178002894356
1741 0.001447178002894356
2533 0.001447178002894356
2213 0.001447178002894356
1149 0.001445086705202312
1222 0.001445086705202312
1539 0.001445086705202312
1791 0.001445086705202312
3041 0.001445086705202312
3282 0.001445086705202312
2030 0.001445086705202312
2329 0.001445086705202312
1804 0.001443001443001443
3252 0.001440922190201729
902 0.0014388489208633094
527 0.0014388489208633094
2786 0.0014388489208633094
2095 0.0014367816091954023
2399 0.0014347202295552368
2796 0.0014347202295552368
1987 0.0014347202295552368
2324 0.001430615164520744
1199 0.0014285714285714286
1532 0.0014285714285714286
1643 0.0014285714285714286
2330 0.0014285714285714286
2307 0.0014285714285714286
3029 0.0014265335235378032
1160 0.0014245014245014246
1997 0.0014245014245014246
1287 0.001422475106685633
287 0.0014204545454545455
980 0.0014204545454545455
2855 0.0014204545454545455
2484 0.0014204545454545455
1083 0.0014184397163120568
1669 0.0014184397163120568
2475 0.0014184397163120568
2830 0.0014184397163120568
2550 0.0014184397163120568
2554 0.0014184397163120568
989 0.00141643059490085
2161 0.00141643059490085
2190 0.00141643059490085
2442 0.00141643059490085
4024 0.00141643059490085
1096 0.0014144271570014145
1423 0.0014144271570014145
1554 0.0014144271570014145
607 0.0014144271570014145
1946 0.0014144271570014145
952 0.0014124293785310734
1484 0.0014104372355430183
1597 0.0014104372355430183
1821 0.0014104372355430183
2081 0.0014104372355430183
3006 0.0014104372355430183
3031 0.0014104372355430183
3073 0.0014084507042253522
911 0.0014064697609001407
1530 0.0014064697609001407
2589 0.0014064697609001407
2379 0.0014044943820224719
234 0.001402524544179523
2299 0.001402524544179523
4022 0.001402524544179523
2543 0.001394700139470014
2077 0.001394700139470014
921 0.001392757660167131
1279 0.001388888888888889
318 0.0013850415512465374
1490 0.001379310344827586
1636 0.001379310344827586
1859 0.001379310344827586
1271 0.0013736263736263737
305 0.0013698630136986301
11 0.0013679890560875513
2322 0.0013605442176870747
2804 0.0013531799729364006
1276 0.001349527665317139
1652 0.0013192612137203166
2420 0.0012515644555694619
12 0
15 0
18 0
37 0
74 0
114 0
136 0
209 0
215 0
292 0
916 0
925 0
927 0
934 0
942 0
1022 0
1049 0
1056 0
1063 0
1079 0
1119 0
1132 0
1145 0
1164 0
1180 0
1206 0
1209 0
1242 0
1272 0
1293 0
1302 0
1305 0
1331 0
1336 0
1386 0
1407 0
1409 0
1414 0
1417 0
1439 0
1466 0
1475 0
1483 0
1489 0
1491 0
1526 0
1538 0
1560 0
1581 0
1610 0
1614 0
1651 0
1662 0
1689 0
1690 0
1755 0
1767 0
1786 0
1810 0
1823 0
1827 0
1834 0
1835 0
1843 0
1849 0
1851 0
1902 0
2111 0
2292 0
2302 0
2451 0
2471 0
2571 0
2653 0
391 0
447 0
550 0
604 0
674 0
1967 0
2125 0
2191 0
2516 0
2010 0
2026 0
2163 0
2215 0
2294 0
2295 0
2582 0
2666 0
2687 0
2761 0
2842 0
2862 0
2880 0
2887 0
3004 0
3025 0
3071 0
3094 0
3160 0
3169 0
3183 0
3230 0
3234 0
3284 0
3403 0
3417 0
1918 0
1938 0
1966 0
1970 0
1985 0
1989 0
2046 0
2055 0
2060 0
2063 0
2079 0
2093 0
2108 0
2121 0
2124 0
2139 0
2147 0
2154 0
2164 0
2172 0
2179 0
2200 0
2219 0
2261 0
2269 0
2275 0
2278 0
2287 0
2300 0
2304 0
2308 0
2334 0
2348 0
2354 0
2356 0
2370 0
2386 0
2395 0
2418 0
2429 0
2457 0
2477 0
2485 0
2524 0
2546 0
2549 0
2551 0
2553 0
2560 0
2569 0
2573 0
2574 0
2575 0
2579 0
2591 0
2593 0
2596 0
2603 0
2613 0
2624 0
2630 0
2638 0
3451 0
3453 0
3570 0
3650 0
3709 0
3748 0
3765 0
3798 0
3853 0
3935 0
3974 0
4015 0
