3980 0.00395121
0 0.00190666
3437 0.00151711
885 0.00145669
3990 0.00142952
4007 0.00142865
4025 0.00142333
4016 0.0014166
698 0.00141208
4030 0.00138242
4023 0.00135208
686 0.00130045
867 0.00128847
3074 0.0012667
3055 0.00126658
3127 0.00126458
2774 0.00125935
259 0.00124651
870 0.00124529
881 0.00124297
91 0.00123994
8 0.00123775
3998 0.00121091
776 0.00118509
179 0.00118457
4 0.0011611
275 0.00115271
181 0.00114648
874 0.00113514
3181 0.00113513
2930 0.00113401
3131 0.00113088
872 0.00112964
2732 0.00112287
3180 0.00112281
3982 0.00111257
879 0.00109311
2792 0.00109307
2691 0.00109083
3037 0.00109079
49 0.00108603
564 0.00108464
895 0.00108453
364 0.00108343
4027 0.00108114
4031 0.00107671
195 0.00107553
3251 0.00107519
273 0.00107456
328 0.00107343
306 0.00106952
218 0.00106941
78 0.0010674
89 0.00106311
532 0.00105716
319 0.00105207
4017 0.00104418
3147 0.00102641
871 0.00102301
2817 0.0010213
4000 0.0010183
3200 0.0010043
1890 0.00100138
198 0.000998291
3994 0.000986158
2861 0.000985187
143 0.000984746
3999 0.000982078
399 0.000978209
2902 0.000977287
2421 0.000974107
501 0.000971935
219 0.000969356
3616 0.00096925
3372 0.000969139
441 0.000967919
175 0.000962834
4012 0.000958339
4001 0.00095712
3141 0.000956609
4029 0.000955891
95 0.000954958
887 0.000953324
3987 0.000951554
3997 0.000949983
4014 0.00094833
866 0.000942928
873 0.000940148
312 0.000939143
1105 0.000938709
1002 0.000938633
227 0.000935544
147 0.000931862
192 0.000929886
3725 0.000927018
3743 0.000926993
6 0.000926744
4021 0.000923785
3538 0.000915579
453 0.000908482
4009 0.000904908
4004 0.000904181
3986 0.000900934
3053 0.000895954
858 0.000894682
99 0.000890888
414 0.00087943
3799 0.000877677
852 0.000870664
3868 0.000870551
230 0.000869306
3638 0.000868932
2487 0.000866322
757 0.000865419
177 0.000864898
855 0.000864383
717 0.000863125
3995 0.000861835
2281 0.000861193
2595 0.000860278
1586 0.000859532
3439 0.000858824
1046 0.000858572
4038 0.000857623
3546 0.000856894
2483 0.000855994
2670 0.000847415
3473 0.000841575
348 0.000838288
3789 0.000838159
437 0.000836502
3989 0.00083358
581 0.000831584
642 0.000830519
1194 0.000828897
3679 0.000826264
1684 0.000824514
393 0.000824123
3318 0.000820649
3218 0.000820331
3354 0.000820284
3628 0.000820163
3122 0.000819615
3662 0.000817961
41 0.000817792
42 0.000815488
233 0.000814237
282 0.00081419
256 0.000811958
33 0.000809616
244 0.0008085
4026 0.00080743
4020 0.000807252
3846 0.000805037
3746 0.000803932
3268 0.000801969
264 0.000800399
2535 0.000799745
3407 0.00079962
583 0.000794194
2527 0.000793609
3105 0.000793377
110 0.000790073
278 0.000789906
2703 0.000789795
115 0.000787448
3720 0.000785799
3981 0.000785069
3382 0.000776509
3325 0.000775643
643 0.000774627
662 0.000772791
600 0.000772617
225 0.000771619
182 0.000770914
3996 0.000770385
732 0.000769059
2959 0.000769058
658 0.000767763
659 0.00076676
578 0.000762966
894 0.000762887
3490 0.000762419
661 0.000761824
3918 0.000759584
615 0.000759564
1208 0.000757312
627 0.000756981
2972 0.000755504
889 0.000753658
19 0.000748894
681 0.000747037
599 0.000741418
2437 0.000740694
3739 0.000739947
670 0.000739828
3309 0.000738655
2799 0.0007364
4019 0.000734665
3314 0.000734253
326 0.000732695
640 0.000731592
3932 0.000729791
2094 0.000728624
137 0.000728344
3912 0.000725904
23 0.000725827
675 0.000724988
3562 0.00072305
3917 0.000722973
3283 0.000722556
3549 0.000722165
2106 0.000721681
3774 0.000721406
632 0.000721369
3008 0.000719482
4002 0.000718115
476 0.000717211
193 0.000716454
884 0.000716169
2879 0.000714485
3624 0.000713895
876 0.000713785
3898 0.000713287
3988 0.000712899
81 0.000712552
171 0.000712346
3751 0.000711872
806 0.000710265
3423 0.000709164
650 0.00070511
577 0.000704239
3571 0.000704231
343 0.000704171
863 0.00070379
3985 0.000702826
3613 0.000701418
3695 0.00070049
3479 0.000698445
1202 0.000696356
3649 0.000695534
1027 0.000694769
3883 0.000693777
3949 0.000693077
3536 0.000690978
3595 0.000690813
3874 0.000689419
1627 0.000689395
1240 0.000687442
3993 0.00068717
714 0.000685662
3923 0.000684345
798 0.000683954
839 0.000682749
2245 0.00068056
864 0.000680066
174 0.000678098
3567 0.000678001
310 0.00067797
3271 0.000677528
68 0.000677073
2558 0.000675563
1499 0.000672718
3757 0.000672693
729 0.000672551
2982 0.000671522
2889 0.000670239
3701 0.000667536
3836 0.000666855
386 0.000665508
3516 0.000664377
582 0.00066336
3523 0.000660014
2301 0.000658595
351 0.00065456
3481 0.000653252
111 0.000650929
107 0.000650859
1030 0.000649938
3759 0.000648886
3864 0.00064868
3657 0.000648174
3933 0.000647538
3669 0.000646608
3700 0.000645644
3813 0.000645509
878 0.000644906
3957 0.00064397
3892 0.000643795
3911 0.0006416
4018 0.00063738
635 0.000635543
20 0.000633925
116 0.000633894
3742 0.000633677
595 0.000632541
592 0.000631999
3465 0.000631434
833 0.000630895
4013 0.000630868
579 0.000630218
2949 0.000630101
3581 0.000629499
955 0.000629183
3716 0.00062897
3819 0.000628091
3579 0.000627844
157 0.000626923
214 0.000624841
3894 0.000623813
1368 0.000623453
3502 0.00062074
149 0.000619665
1138 0.00061905
1956 0.00061891
3587 0.000617713
3500 0.00061572
822 0.000614267
3446 0.000613024
1889 0.00060731
3675 0.000607305
771 0.000606622
3830 0.000605963
3519 0.000605343
337 0.000604684
3647 0.000603962
3837 0.000603111
3791 0.000601134
145 0.000600301
3863 0.000599481
2699 0.000599417
296 0.000598588
3861 0.000598283
263 0.000597537
2886 0.000597072
90 0.000593813
3708 0.00059367
856 0.000593539
828 0.000592817
3541 0.000590585
979 0.000590301
886 0.000589914
3776 0.000589452
14 0.000589103
665 0.00058909
327 0.000589015
877 0.000588339
226 0.000587321
3975 0.000581527
201 0.00058096
3442 0.000579876
3478 0.00057977
3513 0.000578785
3487 0.00057857
356 0.000575682
804 0.000574412
3747 0.000574276
910 0.000573743
3849 0.000573015
3444 0.000572827
3580 0.000570768
1657 0.000570766
647 0.000570558
3920 0.00056954
1788 0.000569075
861 0.000568776
167 0.00056872
1776 0.00056767
789 0.000566282
1218 0.000566195
1403 0.000565119
893 0.000564888
818 0.000564102
1043 0.000563694
243 0.000562817
3530 0.000562675
3322 0.000562388
2776 0.000561477
3476 0.00056146
888 0.000560349
1111 0.000560245
3126 0.000559471
573 0.000558759
2650 0.000557339
1016 0.000557129
3128 0.000554163
904 0.000553788
3594 0.000553741
3954 0.000553127
713 0.000552922
411 0.000552807
705 0.000552437
58 0.000551866
3749 0.000551402
3787 0.000549204
3551 0.00054903
3639 0.000548953
464 0.000548689
3960 0.000548546
3216 0.000548434
3801 0.000547986
3066 0.000546896
301 0.000546519
2034 0.000544354
144 0.000544245
3963 0.000544236
4005 0.000543832
1071 0.000543816
1253 0.00054351
131 0.00054332
383 0.000541606
909 0.000539026
253 0.000538031
97 0.000537969
3655 0.000537785
3887 0.000537606
3919 0.000537063
3696 0.000536941
93 0.000534502
2204 0.000534407
2349 0.000533715
286 0.000533278
1837 0.000532933
572 0.000532873
28 0.000532368
401 0.000532112
3455 0.000531408
712 0.000531102
3857 0.000530126
467 0.000529787
2167 0.000529777
956 0.000529551
320 0.000529275
4036 0.00052745
3489 0.000525351
2017 0.000522008
346 0.000521603
498 0.000519237
3521 0.000518633
245 0.000518341
3676 0.00051725
882 0.000515831
630 0.000515716
32 0.000514814
1895 0.000514778
2168 0.00051411
2486 0.000514092
3727 0.00051343
47 0.000512268
2170 0.000511537
197 0.000511015
4011 0.000510435
1548 0.000509923
1912 0.000509185
377 0.000508044
1097 0.000507738
1118 0.000507418
281 0.00050568
2320 0.000505317
654 0.00050522
127 0.000505196
3885 0.000504719
4028 0.000504256
1733 0.000504177
102 0.000503971
184 0.000503862
1224 0.000502848
3665 0.000502528
284 0.000502038
3336 0.000501876
3682 0.000501652
1216 0.000500103
384 0.00050007
3652 0.000499935
1177 0.000497581
1798 0.000496697
805 0.000496104
3311 0.000495619
901 0.000495498
552 0.00049549
594 0.000494779
3745 0.000494155
2983 0.000493572
1693 0.000493451
2444 0.000491303
251 0.000490152
92 0.000489917
3629 0.000488498
745 0.000487966
702 0.000485441
3723 0.000485128
3599 0.000484891
3967 0.000484118
3921 0.000482236
36 0.000482125
824 0.000481746
3809 0.000481356
53 0.000480535
2313 0.000479571
782 0.000479485
2076 0.000479069
173 0.00047818
17 0.000477971
249 0.000477153
2456 0.000475422
3531 0.000474433
768 0.000474373
1452 0.000473931
2439 0.000473765
1992 0.000473126
1988 0.000472904
25 0.000471601
3905 0.00047118
3783 0.0004701
736 0.000469537
617 0.000469388
2622 0.000468849
3806 0.00046865
2926 0.000467089
1601 0.000466676
266 0.000466476
1333 0.000466215
963 0.000465804
747 0.000465666
1378 0.000465485
707 0.000464581
3401 0.000464448
101 0.000463413
1254 0.000463329
1533 0.000463318
299 0.000462812
3553 0.000461602
576 0.000461444
86 0.0004614
719 0.000460406
194 0.000460081
3585 0.000459752
3961 0.000458504
180 0.000458394
3544 0.000458065
3740 0.000458012
903 0.00045723
825 0.00045665
3091 0.000456307
2671 0.000456149
3925 0.000455994
1880 0.000455666
2824 0.000453354
4003 0.000451813
2721 0.000451191
271 0.000451108
1787 0.000451067
302 0.000450705
689 0.00044996
3376 0.000449579
3847 0.000449088
694 0.000449008
3610 0.000448251
254 0.000448134
135 0.000448116
2207 0.000447722
1468 0.00044749
1045 0.000446557
100 0.00044634
3504 0.00044634
619 0.000446213
309 0.000445848
616 0.000445371
3028 0.00044485
3825 0.000444002
3814 0.000443918
2217 0.000443696
71 0.00044354
255 0.000443362
2 0.00044315
3584 0.000443141
56 0.00044304
725 0.000442474
912 0.000442412
3991 0.000441956
3083 0.000441401
3897 0.000441376
241 0.000441287
94 0.000440511
3606 0.000440147
3844 0.000439231
119 0.000438972
1197 0.000437348
2450 0.000436816
155 0.000436589
2528 0.000435265
454 0.000435167
775 0.000434616
636 0.0004345
830 0.000433825
823 0.000433458
3728 0.00043267
749 0.000432233
3848 0.000431657
307 0.000431118
3506 0.000430922
3992 0.000429036
242 0.000428423
680 0.000428313
187 0.000428226
1607 0.000427807
653 0.000426804
277 0.000426537
3338 0.000426391
899 0.000426286
2401 0.000425877
1137 0.000425376
2805 0.000425173
2513 0.000424496
322 0.000424295
140 0.000423877
3427 0.000423308
67 0.000423126
781 0.000421995
3529 0.000421915
3867 0.000421856
2263 0.000421514
992 0.000421115
80 0.000420299
3596 0.000419658
628 0.000418832
3945 0.000418544
3710 0.000418511
516 0.000418424
4033 0.000417635
3505 0.000417561
333 0.00041747
1568 0.000417441
1232 0.000416266
457 0.000413806
3508 0.000413767
3908 0.00041164
767 0.000411573
424 0.000411295
3593 0.000411186
4037 0.000411124
3964 0.000410384
551 0.000410337
2426 0.000409008
1687 0.000408495
2113 0.000408059
3722 0.000407927
3938 0.000407519
784 0.000407126
3793 0.000406909
1996 0.000406636
26 0.00040589
2565 0.000405834
3924 0.000405421
3680 0.000405307
3713 0.000403889
746 0.000403871
21 0.000403116
3425 0.000402143
204 0.000400314
618 0.000400228
486 0.000400073
252 0.000399969
1493 0.000399942
2321 0.000399529
3636 0.000399355
3661 0.000398911
678 0.00039864
3447 0.000397494
518 0.000396727
554 0.00039659
724 0.000396178
938 0.000396042
589 0.000395211
112 0.000395187
3690 0.00039512
3545 0.000394857
677 0.000393843
3829 0.00039321
24 0.00039301
260 0.000392478
3637 0.000390924
1319 0.000390869
697 0.000389806
330 0.000389419
46 0.000389266
293 0.000389053
1838 0.000388374
3121 0.000388102
3738 0.000387665
509 0.000387097
239 0.000386518
625 0.000385384
122 0.000384143
3871 0.000383841
162 0.000383025
3548 0.00038284
827 0.000382265
791 0.000382047
152 0.000382032
3904 0.000381811
3812 0.000380923
3951 0.000379938
3626 0.000379879
3835 0.000379366
1648 0.000378988
644 0.000378942
684 0.000378763
609 0.000378437
2548 0.000378373
1136 0.000377698
2515 0.000376894
597 0.00037663
816 0.000376609
3590 0.000373794
64 0.000373504
1307 0.000373356
603 0.000373117
2041 0.000372648
150 0.000371951
1442 0.000371747
3775 0.000371722
703 0.000370754
3753 0.000370318
189 0.000369717
9 0.000369595
3733 0.000369459
770 0.000369364
688 0.000368722
3952 0.000368635
865 0.000367513
108 0.000367489
3592 0.00036697
3906 0.000366546
3537 0.000366336
3907 0.000365955
217 0.000365623
868 0.000363536
2997 0.000362927
188 0.000362535
853 0.000362502
139 0.000362399
695 0.000361755
3664 0.000361579
166 0.00036072
1961 0.00036029
1371 0.000359661
3045 0.000359298
1808 0.000359246
1822 0.000358708
357 0.000358396
3568 0.000358391
203 0.000357903
3758 0.000357594
958 0.000357476
2838 0.000357361
3477 0.000356836
3634 0.000356458
728 0.000356148
834 0.000355808
584 0.000355662
1494 0.000355258
1360 0.000354063
3003 0.000353453
369 0.000353318
1555 0.000352598
3464 0.000352314
1000 0.000351549
3766 0.000351219
3469 0.000350674
3617 0.000350502
800 0.000350049
200 0.000350021
1705 0.000349911
4006 0.000349764
3950 0.000349549
3565 0.00034937
3460 0.00034885
4032 0.000348759
3862 0.000348624
3684 0.000348377
1133 0.000348292
3402 0.000348205
3063 0.000348152
3756 0.00034808
3641 0.000347492
2933 0.000347009
2490 0.000346918
3752 0.000346854
3466 0.000346611
124 0.000346094
2834 0.000345888
3979 0.000345304
3838 0.000343891
796 0.000343742
829 0.000343594
2962 0.000343172
468 0.000342685
443 0.000342677
329 0.000342603
3539 0.000342444
1840 0.00034209
52 0.000342043
1314 0.000341517
3691 0.000341279
3558 0.000341226
1760 0.000340909
472 0.000340377
3717 0.000340261
3560 0.000340214
742 0.000340183
2126 0.000338865
205 0.00033796
3012 0.000337947
3826 0.000337918
1825 0.000337691
3939 0.000337253
842 0.000337051
315 0.000336678
857 0.000336284
3744 0.000336112
304 0.00033562
3698 0.000335168
3850 0.000334512
787 0.000334114
3804 0.000333523
3445 0.000333371
339 0.000333097
98 0.000333089
3443 0.000332741
3633 0.000332712
815 0.000332499
88 0.000332447
605 0.000332228
2412 0.000331472
1905 0.000331202
3833 0.000330976
3604 0.00033058
1055 0.000330574
3761 0.000329508
1050 0.000329295
3644 0.000329226
2255 0.000329049
1174 0.000328882
752 0.000328778
720 0.000328296
3155 0.000328194
623 0.000327917
505 0.000327776
170 0.000327464
3794 0.000327291
3711 0.000327096
2129 0.000326722
3900 0.000326289
2621 0.000326265
797 0.000325998
1951 0.000325693
664 0.000325693
3648 0.000324959
769 0.000324718
3472 0.000324287
220 0.000324246
3956 0.000324122
40 0.000323571
2156 0.000323015
3822 0.000322805
269 0.000322616
247 0.000322616
3685 0.000321731
3705 0.000321356
726 0.000321245
3930 0.000320756
3810 0.000319584
740 0.000319537
908 0.000319535
159 0.000318962
1144 0.000318926
1511 0.000318851
3948 0.000318446
272 0.000318257
611 0.00031825
262 0.000318216
2466 0.000317962
622 0.000317791
1896 0.000317611
1266 0.000317451
3771 0.000317444
3946 0.000317203
682 0.000316454
3823 0.000316327
3927 0.000316226
819 0.00031582
1711 0.000315673
764 0.000315426
3566 0.000315097
1676 0.000314822
2788 0.00031428
3782 0.000314231
1567 0.000314185
199 0.000313986
739 0.000313552
2171 0.000313438
1363 0.000313425
202 0.000313342
172 0.000312484
820 0.000312337
1747 0.00031225
3899 0.000312146
3554 0.000312092
151 0.000312054
3495 0.00031203
1057 0.000312003
1995 0.000311946
1441 0.000311676
3526 0.00031124
1806 0.000310852
773 0.000310618
3901 0.000310466
848 0.000310269
3256 0.000310068
1564 0.000309766
3482 0.000309046
3290 0.000308994
380 0.000308908
2885 0.000308545
3300 0.000308313
734 0.000307961
3486 0.000307234
1252 0.000307201
1797 0.000307142
5 0.00030708
3916 0.000306432
77 0.000306232
51 0.000306048
2364 0.000305999
1615 0.000305696
3781 0.000305227
237 0.000305151
3875 0.000304755
780 0.000304486
1629 0.000304318
261 0.000303731
3659 0.000303691
285 0.000303547
631 0.000303518
3672 0.000303463
2049 0.000303424
3677 0.000303084
2488 0.000302962
2317 0.000302676
3368 0.00030266
3511 0.000302334
7 0.000302207
1328 0.000301975
3077 0.00030164
708 0.000301469
1433 0.000301152
849 0.000301104
3615 0.000301075
3608 0.000300682
3510 0.000300634
786 0.000299923
3851 0.000298743
3468 0.000298591
3498 0.000298529
3611 0.000298464
3808 0.000298433
1960 0.000298126
3598 0.000298061
685 0.000298049
2361 0.000297948
563 0.000297727
2808 0.000297478
186 0.000297326
83 0.000297188
2999 0.000297119
832 0.000297078
3915 0.000296865
774 0.000296278
1410 0.000296189
280 0.000295995
3888 0.000295983
376 0.000295853
61 0.000295587
1472 0.00029507
1980 0.000294955
1972 0.000294173
3983 0.000293508
154 0.000293308
766 0.000293272
3947 0.000292788
3821 0.000292719
810 0.000292433
3694 0.000291675
2839 0.000291565
1544 0.000291464
1973 0.000291342
691 0.00029128
3577 0.000291271
598 0.000291234
890 0.000291003
1064 0.000290994
633 0.000290264
2001 0.000289571
499 0.000289521
3764 0.000289391
1387 0.000289171
2935 0.000288742
3718 0.000288616
3972 0.000288547
1585 0.000288451
2397 0.000288201
2645 0.000287705
2173 0.000287354
1505 0.000286871
283 0.000286728
738 0.000286591
626 0.000286558
325 0.000286246
2006 0.000286241
82 0.000286205
2448 0.000286019
793 0.000285998
332 0.000285728
612 0.000285646
3968 0.000285636
3363 0.000285596
2335 0.000285218
1212 0.000285185
469 0.000284963
727 0.000284947
3790 0.000284759
381 0.000284728
504 0.000284692
1866 0.000284221
3768 0.000284184
2767 0.000283886
483 0.000283205
213 0.000282803
531 0.000282671
2771 0.000282238
2657 0.00028214
3699 0.000282006
1264 0.000281988
3969 0.000281564
3640 0.000281472
3870 0.000281366
3643 0.000281308
3653 0.000281059
3612 0.000281043
1975 0.000281023
389 0.000280906
2365 0.000280874
802 0.000280635
196 0.00028063
3880 0.000280515
803 0.000280287
1936 0.000280041
1270 0.000279837
1277 0.000279778
1562 0.000279725
3632 0.000279475
48 0.000279381
29 0.000279176
718 0.00027915
1854 0.000279025
3569 0.000278999
588 0.000278968
1356 0.000278854
236 0.00027854
2375 0.000278523
790 0.0002785
929 0.000278449
3586 0.0002781
3824 0.000277932
1588 0.000277691
3735 0.000277594
2422 0.000277153
3488 0.000277028
118 0.000276937
2431 0.000276625
228 0.000276455
1701 0.000276209
291 0.00027618
3528 0.000276032
3441 0.000275924
1664 0.000275785
847 0.000275727
2015 0.000275678
2634 0.000275505
412 0.000275504
687 0.000275411
270 0.000275125
758 0.000275095
1486 0.000275007
3663 0.000274808
2236 0.000274685
1927 0.000274524
1085 0.000274335
754 0.000274296
1910 0.000273284
896 0.000273192
313 0.00027303
31 0.000272922
3869 0.000272791
1421 0.000272452
361 0.000272439
1127 0.000271914
1831 0.000271757
113 0.000271631
3470 0.000271553
3456 0.000271305
1087 0.000271287
2152 0.000271259
666 0.00027123
3877 0.000271051
2505 0.000270606
809 0.000270483
1 0.000270473
2284 0.000270318
869 0.000270083
753 0.00026955
1317 0.000269309
3499 0.00026907
2587 0.000268936
2357 0.000268885
3714 0.000268574
2978 0.00026856
3803 0.000268534
811 0.00026807
1297 0.000267338
3405 0.00026722
2411 0.000267173
1186 0.000266953
323 0.000266548
2024 0.000266135
169 0.000265567
2061 0.000265509
2497 0.000265376
3426 0.000265222
760 0.000264556
817 0.000264474
859 0.000264388
1304 0.00026438
190 0.000264308
3792 0.000264266
1998 0.000264242
3061 0.000264006
814 0.000263946
1803 0.00026383
3501 0.000263483
3564 0.000263445
3800 0.000263426
3840 0.000263073
574 0.000262385
3778 0.000262281
3308 0.000261758
3602 0.000261756
1325 0.000261407
846 0.000261364
3535 0.000261045
2614 0.000260943
76 0.000260932
1642 0.000260911
3674 0.000260781
2231 0.000260679
57 0.000260218
422 0.000260173
2342 0.000260083
1593 0.000260058
324 0.000259795
478 0.000259776
2091 0.000259723
1914 0.000259668
862 0.000259586
2160 0.000259376
1814 0.000259336
120 0.000259125
3931 0.000259038
3233 0.000258951
455 0.000258523
3619 0.000258511
795 0.000258496
2314 0.000258416
44 0.000258402
3398 0.000258396
2018 0.000258222
3715 0.000258159
3458 0.000258044
2724 0.000257769
3734 0.000257725
3966 0.00025767
3779 0.000257603
2734 0.000257306
755 0.000257129
522 0.000257122
84 0.000256933
575 0.000256824
1919 0.000256433
937 0.0002564
349 0.000256076
2481 0.000255921
2051 0.00025587
792 0.000255745
2107 0.000255538
696 0.000255489
1990 0.000255388
130 0.00025526
2371 0.000255106
3463 0.000254984
3971 0.000254919
3731 0.000254836
3493 0.000254512
359 0.000254436
3474 0.000254258
1171 0.000254077
850 0.000253958
2754 0.000253816
1469 0.000253525
1274 0.000253304
1974 0.000252837
3872 0.000252768
3392 0.000252682
1033 0.000252601
939 0.000252095
3926 0.00025205
3902 0.000251873
783 0.000251779
168 0.000251626
621 0.000251578
1935 0.000251551
2286 0.000251383
3842 0.00025138
1295 0.00025134
3139 0.000251243
3090 0.000250783
350 0.000250598
2986 0.000250448
342 0.000250164
347 0.000250111
3815 0.000250037
142 0.000249571
3706 0.000249562
3769 0.000249551
2651 0.000249521
1779 0.000249347
2159 0.000249241
2341 0.000249094
1731 0.000248872
475 0.000248769
406 0.000248759
1991 0.000248738
1703 0.000248716
3903 0.000248632
2863 0.000248624
928 0.000248599
1599 0.000248535
2789 0.000248273
3266 0.000248255
1235 0.000248182
3625 0.00024811
2893 0.000248108
373 0.000248057
3 0.000248052
1157 0.000248037
3891 0.000247881
1937 0.000247516
1162 0.000247395
2570 0.000247303
2647 0.000246855
2378 0.000246637
2027 0.000246441
3231 0.000246421
3509 0.000246274
109 0.00024581
397 0.000245727
731 0.000245583
3561 0.000245502
1134 0.000245282
2228 0.00024513
3483 0.000245092
835 0.00024468
2022 0.000244038
2178 0.000243982
3559 0.000243963
3601 0.00024396
3719 0.000243769
1053 0.000243477
840 0.000243331
3576 0.000243298
2640 0.00024299
3449 0.000242912
3802 0.000242723
3737 0.000242623
3532 0.000242614
3448 0.000242219
3162 0.000242158
3797 0.000242065
2538 0.000241834
1098 0.000241509
1860 0.00024115
807 0.000241052
838 0.000241011
3860 0.000240967
3816 0.000240942
3366 0.00024086
2648 0.00024046
3524 0.000240416
663 0.000240368
534 0.000240152
3896 0.000240142
2663 0.000240141
1478 0.000240138
13 0.00024002
1204 0.000239503
3671 0.00023947
785 0.000239352
1424 0.000239258
334 0.000239233
2120 0.000239221
2100 0.000239213
1259 0.000239184
1964 0.00023913
3534 0.000239058
459 0.000238833
3084 0.000238817
3605 0.000238783
539 0.000238717
2922 0.000238678
429 0.000238584
3533 0.000238117
2620 0.000238085
1784 0.000237941
3645 0.00023793
3153 0.000237743
2453 0.000237543
2659 0.00023741
211 0.000237041
1061 0.00023678
477 0.000236673
961 0.000236394
3263 0.00023622
2248 0.00023613
3232 0.000235527
2455 0.000235429
265 0.000235334
1434 0.000235225
748 0.000234764
763 0.00023475
3730 0.000234675
3583 0.000234632
3525 0.000234567
1666 0.000234536
1070 0.000234525
2966 0.00023451
428 0.000234298
73 0.000234218
799 0.000234116
3773 0.000233787
3514 0.000233775
104 0.00023372
2633 0.000233657
2677 0.000233643
3970 0.00023361
3412 0.000233591
129 0.000233372
2447 0.000233346
3327 0.000233299
2534 0.000233287
917 0.000233156
3280 0.00023313
3866 0.000233081
733 0.000233067
2837 0.000233056
1041 0.000232717
3909 0.000232572
3020 0.000231988
3555 0.000231796
533 0.000231785
3248 0.000231525
466 0.000231392
1749 0.000231297
3019 0.000231194
2146 0.000230467
224 0.000230259
1462 0.000230167
3623 0.000229918
2097 0.00022983
3630 0.000229682
2585 0.00022966
990 0.000229617
3556 0.000229192
547 0.000229092
1640 0.000228894
2836 0.000228705
355 0.000228178
1566 0.000227841
2679 0.000227655
3953 0.000227451
470 0.000227346
3057 0.000227286
2951 0.000227248
2865 0.000227218
2316 0.000227188
3692 0.000226854
2503 0.000226516
1383 0.000226332
1628 0.000226294
465 0.000226231
3721 0.000226128
231 0.000226062
3518 0.00022578
2730 0.000225528
1192 0.000225455
3542 0.000225404
2668 0.000224811
2809 0.000224709
2440 0.000224655
2851 0.000224492
133 0.000224419
3827 0.000224008
1978 0.000223802
942 0.000223713
1654 0.000223669
3374 0.000223469
2047 0.000223447
1583 0.000223411
1394 0.000223188
730 0.000222964
3387 0.000222851
396 0.000222837
481 0.000222774
845 0.000222617
3687 0.000222601
1345 0.000222586
2297 0.000222416
3557 0.000222316
2877 0.000222258
657 0.000222166
2004 0.000222062
1104 0.000222043
3459 0.000221974
2474 0.000221909
158 0.000221877
3591 0.000221307
2644 0.00022122
3454 0.000221121
1537 0.000221075
3229 0.000220995
3295 0.000220959
779 0.000220953
2738 0.000220698
3726 0.000220602
3324 0.000220591
2632 0.000220452
777 0.00022032
370 0.000220292
3269 0.000220158
2627 0.000219968
407 0.000219869
1783 0.000219868
529 0.000219851
1957 0.000219807
22 0.000219449
2693 0.000219284
456 0.000219144
1922 0.000219009
1474 0.000218936
2577 0.000218906
3786 0.000218839
3873 0.000218583
3081 0.000218511
1725 0.000218505
788 0.000218438
711 0.000218348
596 0.000218332
185 0.000218273
2841 0.000217973
1014 0.000217871
3702 0.00021782
3646 0.000217804
2583 0.000217574
2202 0.000217327
206 0.000217248
3222 0.000217037
2683 0.000216946
2494 0.000216827
3503 0.00021667
460 0.000216643
3187 0.000216638
62 0.00021651
2928 0.00021638
3540 0.00021632
2035 0.000216199
3369 0.00021617
513 0.000216158
1322 0.000216054
163 0.000216036
3010 0.000215904
620 0.000215832
148 0.00021581
3881 0.000215676
2760 0.000215506
96 0.000215377
1591 0.000215354
2807 0.000215329
3621 0.000214991
480 0.000214886
3635 0.000214826
126 0.000214675
2441 0.000214665
813 0.000214516
1187 0.000214494
1709 0.000214473
1283 0.000214172
3227 0.000214121
2192 0.000213774
1698 0.000213713
2726 0.000213608
3607 0.000213579
639 0.000213102
3026 0.000212922
1088 0.000212825
1338 0.000212695
1719 0.00021269
1236 0.000212685
303 0.000212684
436 0.000212654
2181 0.00021258
2618 0.000212535
3072 0.000212247
3839 0.000212235
1459 0.000212014
3496 0.000211914
1576 0.000211828
3365 0.000211782
977 0.000211772
2238 0.000211729
2927 0.000211664
3207 0.000211645
2786 0.000211573
321 0.000211331
308 0.000211244
2764 0.000211237
1573 0.000211134
808 0.000211109
2225 0.000211061
741 0.000210901
2694 0.000210645
178 0.000210608
2116 0.00021059
427 0.000210548
3080 0.0002105
3622 0.000210419
3168 0.000210072
1193 0.000210058
3855 0.000209869
506 0.000209573
497 0.000209506
1482 0.000209433
2089 0.000209409
3348 0.000209406
1358 0.00020922
2628 0.000209183
679 0.000208822
3000 0.000208655
970 0.000208642
141 0.000208529
3001 0.000208453
2934 0.000208123
555 0.000207951
3807 0.000207782
3082 0.000207548
2023 0.000207522
1931 0.00020727
1770 0.00020726
561 0.000207241
1915 0.000206867
1504 0.000206715
2260 0.000206652
374 0.000206635
1696 0.000206539
2822 0.000206263
3707 0.000206207
2009 0.000206119
701 0.000206063
1596 0.000205899
2884 0.00020582
2459 0.000205809
3320 0.000205786
121 0.000205524
1275 0.000205431
1453 0.000205398
2742 0.000205385
1786 0.000205285
331 0.000205176
117 0.000205152
1298 0.000205039
500 0.000204911
3475 0.000204836
419 0.000204775
489 0.000204771
1154 0.000204697
2782 0.000204642
3078 0.000204617
517 0.000204616
4034 0.000204512
716 0.000204469
1052 0.000204108
2011 0.000204033
2405 0.000203956
354 0.000203931
2757 0.000203787
3397 0.000203752
2626 0.000203655
2944 0.000203386
553 0.000203377
778 0.000203348
1672 0.000203158
1227 0.000203112
765 0.000202989
3841 0.000202381
3831 0.000202336
1857 0.00020226
1089 0.000202179
3130 0.000202174
1909 0.000201942
3059 0.000201902
3660 0.000201725
433 0.000201703
1785 0.000201665
3291 0.000201411
3895 0.000201398
567 0.000201295
1876 0.00020123
59 0.000201153
395 0.000201045
2000 0.000200909
1366 0.000200868
1165 0.000200793
831 0.000200679
372 0.000200463
1742 0.000200458
2820 0.000200422
2157 0.000200378
1067 0.000200117
2906 0.000199781
3154 0.000199777
559 0.000199726
3104 0.000199722
1739 0.000199542
1976 0.000199477
72 0.000199221
484 0.000199103
238 0.000198992
568 0.00019898
493 0.000198663
837 0.000198373
2697 0.000198233
924 0.00019815
156 0.000198109
2669 0.000198091
508 0.00019808
3497 0.000198048
2360 0.000197946
841 0.000197794
1661 0.000197734
222 0.000197609
1802 0.000197587
229 0.000197552
1234 0.000197474
2890 0.000197469
2777 0.000197321
160 0.000197156
2791 0.000197106
3693 0.000197047
216 0.000196945
1023 0.000196698
1958 0.000196678
258 0.000196647
1251 0.0001966
3667 0.000196508
431 0.000196469
794 0.000196452
423 0.000196035
1268 0.000195986
525 0.000195861
3965 0.000195564
232 0.000195516
3434 0.000195458
2660 0.000195404
3962 0.000195252
1729 0.000195228
54 0.000194961
2636 0.000194867
1829 0.000194711
706 0.00019428
2728 0.00019424
3668 0.000194222
3087 0.000194191
3136 0.000194179
438 0.00019413
257 0.000194112
2813 0.000194034
3760 0.000193916
3051 0.000193749
2915 0.000193706
3772 0.000193579
3620 0.000193578
1977 0.000193556
1337 0.000193502
3858 0.000193449
432 0.000193388
3937 0.000193313
3027 0.00019328
85 0.000193278
1634 0.000192989
1479 0.000192879
474 0.000192655
1347 0.000192537
403 0.000192483
3137 0.000192294
3264 0.000192151
2943 0.000191859
3670 0.000191676
1159 0.00019157
3547 0.000191541
2676 0.000191482
3515 0.000191481
274 0.000191463
289 0.000191426
2403 0.000191369
132 0.000191323
1536 0.000191284
3886 0.000191257
1384 0.000191098
3440 0.000191069
3673 0.000191047
2778 0.000191001
1231 0.000190961
3750 0.000190827
2873 0.000190687
2716 0.000190632
2214 0.00019047
70 0.000190427
463 0.000190391
1667 0.000190363
2265 0.000190348
2678 0.000190234
1641 0.000189876
3035 0.000189821
1507 0.000189783
709 0.000189782
128 0.000189764
1415 0.000189671
2337 0.000189535
3252 0.000189499
3976 0.000189424
3828 0.000189274
3522 0.000189274
3119 0.000189166
1630 0.000189163
3214 0.000189084
566 0.000189083
543 0.000188883
1892 0.000188869
3201 0.000188837
3299 0.00018866
2916 0.000188533
2750 0.00018852
3076 0.000188515
39 0.000188432
2656 0.000188356
3285 0.000188333
1743 0.000188208
519 0.000188104
974 0.000188092
2909 0.000187988
3385 0.000187778
223 0.000187744
360 0.000187725
3884 0.000187713
3417 0.000187677
743 0.000187662
2346 0.00018765
1546 0.000187635
930 0.00018758
2864 0.000187579
3910 0.000187307
737 0.000187295
2719 0.00018728
3507 0.000187265
2688 0.000187237
363 0.000187173
300 0.000186707
2867 0.00018668
2800 0.000186651
3642 0.000186479
1515 0.000186053
3485 0.000185949
3095 0.000185888
1888 0.00018579
3226 0.000185764
1221 0.000185433
3116 0.000185216
3362 0.000185162
1844 0.00018513
2382 0.000185092
3056 0.000185035
1178 0.000184958
538 0.000184835
3241 0.000184772
3433 0.000184572
1899 0.000184554
3811 0.000184399
1282 0.000184222
2661 0.000184183
248 0.000184117
2541 0.000184099
1131 0.000184093
546 0.000184014
3310 0.000184011
1475 0.000183991
510 0.000183928
161 0.000183911
3396 0.000183854
1921 0.000183785
2956 0.000183755
2955 0.000183713
3176 0.000183508
1656 0.000183387
3550 0.000183202
3054 0.000183177
2193 0.000183148
1496 0.000183032
353 0.000182913
2988 0.000182836
379 0.000182785
3099 0.000182772
391 0.000182698
212 0.000182425
1355 0.000182349
435 0.000182335
836 0.000182187
3914 0.000182147
3878 0.000182094
1353 0.000181949
2758 0.000181908
3033 0.000181857
1541 0.000181833
3086 0.000181669
985 0.000181647
1820 0.000181606
2821 0.00018151
2843 0.000181471
580 0.000181419
3614 0.0001814
3178 0.000181398
2920 0.00018126
2925 0.000180956
1904 0.000180933
2639 0.000180853
556 0.000180754
1574 0.000180752
1032 0.000180702
3172 0.000180509
2384 0.000180197
2664 0.000180075
693 0.000179598
452 0.000179481
2658 0.000179468
2025 0.000179221
1624 0.000179189
2866 0.00017918
2755 0.000179065
2373 0.000178965
3420 0.000178772
1248 0.000178692
964 0.000178613
1871 0.000178601
1495 0.000178561
2710 0.000178543
2540 0.000178441
1611 0.000178408
1100 0.000178302
3432 0.000178135
1758 0.000178095
38 0.000177865
1073 0.000177771
557 0.000177768
1090 0.000177702
1650 0.000177655
1660 0.00017753
3101 0.000177468
3767 0.000177326
297 0.000177287
1308 0.000177266
2903 0.000177215
3073 0.000177174
366 0.000177166
544 0.000177034
3754 0.000177019
3471 0.000176757
1893 0.00017671
1326 0.000176586
2936 0.000176542
2899 0.000176467
1759 0.000176406
1894 0.000176267
450 0.000176266
3096 0.000176241
3351 0.000176086
1525 0.000175844
3651 0.000175816
378 0.000175722
492 0.000175713
1708 0.000175666
3185 0.000175662
1066 0.000175661
1200 0.000175462
87 0.000175435
2700 0.000175422
1545 0.000175326
3221 0.00017531
3893 0.000175296
246 0.000175254
507 0.000175208
294 0.000175006
2957 0.000174965
3278 0.000174742
3138 0.000174692
1872 0.000174618
3303 0.000174585
1423 0.000174511
772 0.000174511
2979 0.000174308
3002 0.000174135
3246 0.000173679
3941 0.000173636
2277 0.000173492
3770 0.000173432
2793 0.000173352
3876 0.000173328
1113 0.000173278
3428 0.000173222
3383 0.000173181
2910 0.000173081
1348 0.000172909
1106 0.000172831
1099 0.000172713
3394 0.000172608
3573 0.000172571
2766 0.000172501
3780 0.000172485
2870 0.000172403
3805 0.000172095
2829 0.000171942
1636 0.000171788
637 0.000171708
1431 0.000171688
3371 0.00017163
1010 0.000171568
1199 0.000171517
3543 0.000171451
2674 0.000171338
3462 0.000171298
1072 0.000171093
1882 0.000171008
3929 0.000170862
3017 0.000170594
1011 0.000170567
2827 0.000170438
314 0.000170429
1150 0.000170414
1213 0.00017029
2706 0.00017012
2581 0.000170114
417 0.000170022
2291 0.000169945
3958 0.000169667
1148 0.000169638
2795 0.000169467
2435 0.000169425
1911 0.000169413
3578 0.0001694
1476 0.00016933
3331 0.000169256
3150 0.000169137
3818 0.000169008
1531 0.000168783
2682 0.000168737
1426 0.000168665
2081 0.000168559
2849 0.000168523
542 0.00016844
3152 0.00016828
1945 0.000168221
3164 0.000168114
3013 0.000167872
3627 0.000167809
434 0.00016774
3339 0.000167611
3438 0.000167491
3588 0.000167478
2748 0.000167362
2402 0.000167199
1477 0.000167049
3275 0.000167009
503 0.000166911
2256 0.00016691
3329 0.000166895
3424 0.000166859
276 0.000166695
3244 0.000166611
404 0.00016655
2105 0.000166507
1225 0.000166488
2689 0.00016647
722 0.000166431
3389 0.000166429
1189 0.000166423
3184 0.000166244
3527 0.000166221
408 0.000166205
2197 0.000166101
45 0.000166072
2932 0.000166053
3255 0.000166023
3195 0.000165968
843 0.000165931
1352 0.000165893
2975 0.000165846
2960 0.000165816
3852 0.000165815
2199 0.00016573
3360 0.000165685
1228 0.000165682
2729 0.0001654
523 0.000165237
2054 0.000165215
1792 0.000165125
134 0.000165084
2218 0.000164906
3491 0.000164852
1671 0.000164812
1332 0.000164795
1934 0.000164729
2994 0.000164729
1427 0.000164689
1858 0.000164611
367 0.000164581
1726 0.000164561
645 0.000164543
2111 0.000164522
1203 0.000164498
2283 0.000164469
1261 0.00016444
524 0.000164403
2082 0.000164356
400 0.000164346
2780 0.000164244
1450 0.000164235
1109 0.000164222
1716 0.000164086
1413 0.000163998
3609 0.000163973
398 0.000163861
1343 0.000163828
2919 0.000163755
3361 0.000163649
2667 0.00016354
2725 0.000163507
2358 0.000163492
382 0.000163481
2904 0.000163401
3188 0.000163361
2711 0.000163261
3196 0.000163207
2856 0.00016314
1715 0.000163048
991 0.000163008
545 0.000162985
1428 0.00016291
146 0.000162838
1273 0.000162812
3064 0.000162788
413 0.000162741
2858 0.000162735
2862 0.000162698
1080 0.000162646
3656 0.000162506
3302 0.000162408
3107 0.000162265
549 0.000162094
2769 0.000162072
1037 0.000162071
3480 0.000161799
2872 0.000161777
3666 0.00016165
2690 0.00016144
704 0.00016136
3763 0.000161335
345 0.000161199
1594 0.000161182
1129 0.00016116
723 0.000161148
2696 0.000161136
3724 0.000161131
931 0.000161093
30 0.000160992
3052 0.000160921
3132 0.000160889
2333 0.000160794
3174 0.000160769
3943 0.000160722
996 0.000160657
1800 0.0001606
1013 0.000160421
3413 0.000160385
1299 0.000160372
1933 0.000160252
1968 0.000160248
2266 0.000160205
1841 0.000160185
2133 0.000160028
3098 0.00015991
826 0.000159822
3157 0.000159814
1730 0.000159807
3038 0.000159677
1502 0.000159642
514 0.000159615
1168 0.000159545
941 0.000159535
3350 0.000159522
105 0.000159407
2741 0.0001594
1862 0.000159307
1756 0.00015928
1691 0.000159224
2114 0.000159036
2969 0.000159031
2913 0.00015888
3450 0.00015878
1534 0.000158706
2818 0.000158677
3060 0.000158657
3103 0.000158588
1694 0.000158569
3177 0.000158554
387 0.000158467
462 0.000158334
1695 0.000158283
2523 0.000158169
1645 0.000158146
3284 0.00015795
1794 0.000157897
240 0.000157871
3703 0.000157608
3025 0.00015759
444 0.000157462
50 0.000157457
1318 0.000157418
317 0.000157333
1565 0.000157129
3784 0.000157009
2905 0.000156846
586 0.000156834
3346 0.000156826
2888 0.000156626
951 0.000156617
515 0.000156602
948 0.000156568
3274 0.00015645
2328 0.00015644
1019 0.000156332
362 0.000156332
2954 0.000156235
1815 0.00015623
2857 0.000156228
3347 0.000156204
821 0.000156061
3297 0.000156028
2698 0.000155938
1396 0.000155891
3242 0.00015589
2322 0.000155818
1766 0.000155741
1320 0.000155691
2898 0.000155687
2511 0.000155664
2227 0.000155628
1746 0.000155591
3273 0.000155507
2230 0.000155486
75 0.00015544
1139 0.00015534
548 0.000155306
2806 0.000155267
3600 0.000155224
3762 0.000155213
2610 0.000155194
3114 0.000155166
1707 0.000155116
1702 0.000155098
3190 0.000154971
2869 0.000154943
950 0.00015484
311 0.000154832
944 0.000154773
1376 0.000154765
1663 0.000154761
1768 0.000154722
2810 0.000154651
1552 0.000154451
1102 0.000154435
3977 0.000154029
2973 0.000153951
2763 0.000153897
295 0.000153849
2117 0.000153758
520 0.000153702
2846 0.000153668
672 0.000153618
1292 0.000153549
1284 0.000153547
1670 0.000153527
2406 0.000153502
975 0.000153188
479 0.000153158
1807 0.000153109
2087 0.000152982
3343 0.00015293
2992 0.000152911
1847 0.000152888
590 0.00015288
987 0.000152856
1051 0.000152846
2803 0.000152818
3145 0.00015271
3330 0.000152687
3179 0.000152677
1020 0.000152647
2939 0.00015263
923 0.000152622
1257 0.000152567
1120 0.000152518
1036 0.000152455
1082 0.000152449
3048 0.000152388
1379 0.000152369
1999 0.000152326
1443 0.000152255
943 0.000152213
3022 0.000152172
2718 0.000152072
1373 0.000151989
410 0.000151958
762 0.000151784
1824 0.000151714
1114 0.000151672
123 0.000151671
3032 0.000151566
1584 0.000151495
1009 0.000151483
1751 0.000151447
3293 0.000151416
3631 0.000151407
3267 0.000151331
606 0.00015109
2812 0.000151076
2145 0.000151009
3279 0.000150954
2562 0.000150948
1908 0.000150922
409 0.000150853
2543 0.000150847
3062 0.000150819
2826 0.000150802
2772 0.000150698
1021 0.000150689
1923 0.00015067
490 0.000150659
2911 0.00015054
2068 0.00015052
2815 0.000150473
3049 0.000150467
2784 0.000150465
2745 0.000150428
368 0.000150329
2832 0.00015024
1926 0.000150207
2201 0.00015016
1306 0.000150029
3333 0.000149986
1529 0.000149846
3785 0.000149826
35 0.000149748
1714 0.000149702
1445 0.000149628
3882 0.000149286
1804 0.000149181
1258 0.000149103
528 0.000149102
1122 0.000149084
1928 0.000149083
1260 0.000148771
3344 0.000148723
2007 0.00014865
1549 0.000148559
2410 0.00014838
2781 0.000148247
1518 0.000148242
2119 0.000148227
2901 0.000148218
3697 0.000148141
2598 0.000148051
3011 0.000148016
587 0.00014801
1349 0.000148008
2624 0.000147963
415 0.000147928
844 0.000147921
3240 0.000147912
3934 0.000147824
1169 0.00014776
3658 0.000147653
2251 0.000147643
3940 0.000147639
3678 0.00014763
3922 0.000147606
1249 0.000147558
2289 0.000147492
1626 0.000147468
3859 0.000147196
1500 0.000147131
3410 0.0001471
136 0.000147022
3307 0.000147019
2555 0.000146937
2036 0.000146896
954 0.000146838
3143 0.000146796
2743 0.000146788
55 0.000146771
1391 0.00014672
973 0.000146593
2833 0.000146553
2715 0.000146453
2796 0.000146348
1748 0.000146314
570 0.000146281
3182 0.000146102
2464 0.000146059
2279 0.000146036
16 0.000146014
3245 0.000146009
1454 0.000145927
3845 0.000145818
1188 0.000145804
1094 0.000145777
1681 0.000145756
2727 0.000145742
3247 0.000145738
2828 0.000145683
3036 0.000145618
3108 0.000145565
646 0.000145559
1167 0.000145542
344 0.000145518
3777 0.000145434
641 0.000145305
3317 0.000145222
402 0.000145171
3211 0.000145132
1655 0.000145068
3517 0.000144841
3277 0.000144818
3120 0.00014471
340 0.000144674
3149 0.000144664
2985 0.000144586
949 0.000144557
439 0.000144535
1625 0.000144529
2123 0.00014444
1062 0.000144379
2325 0.000144367
2031 0.000144342
2709 0.00014434
1210 0.000144331
1357 0.000144222
3890 0.000144213
1315 0.000144174
1390 0.00014407
1432 0.00014402
2964 0.000143986
2424 0.000143911
936 0.000143815
1425 0.000143721
1732 0.000143471
655 0.000143451
2176 0.000143413
2211 0.000143406
445 0.000143303
1419 0.000143273
3219 0.000143238
1372 0.000143221
1647 0.000143068
3298 0.000142991
2153 0.000142944
1553 0.00014294
1559 0.00014294
2868 0.000142934
1229 0.000142909
3332 0.000142806
1616 0.000142625
2339 0.000142518
2509 0.000142482
2785 0.000142465
2224 0.000142304
2937 0.000142083
1161 0.000142068
1924 0.000141965
3142 0.000141847
2665 0.000141688
1983 0.000141565
2675 0.000141358
2881 0.00014134
2514 0.000141282
2463 0.00014116
1399 0.000141149
2318 0.000141012
3342 0.000140932
3312 0.000140923
421 0.00014092
1763 0.000140904
69 0.000140822
2666 0.000140745
2050 0.000140735
1762 0.000140734
3353 0.000140702
667 0.000140693
1342 0.000140673
2880 0.000140647
1613 0.000140544
2892 0.000140513
3349 0.000140509
1850 0.00014049
1828 0.000140379
1141 0.000140377
3041 0.000140375
3042 0.000140265
2032 0.000140227
3158 0.000140216
660 0.00014019
3220 0.00014018
634 0.000140157
957 0.000140085
165 0.000140061
2347 0.000140044
2993 0.000139996
3173 0.000139988
756 0.000139967
3484 0.00013996
1060 0.000139943
27 0.000139875
651 0.000139805
65 0.000139787
1321 0.000139605
1301 0.000139595
2138 0.000139581
1245 0.000139574
3321 0.000139574
3144 0.000139525
3198 0.000139501
2831 0.000139432
3356 0.000139355
1944 0.000139332
946 0.000139294
2517 0.000139223
2560 0.00013921
2945 0.000139166
1827 0.000139159
1673 0.000139104
3272 0.000139076
473 0.000139066
3270 0.000139064
1237 0.00013902
3169 0.000139001
1185 0.000138985
3205 0.000138966
3239 0.000138927
1993 0.000138776
2416 0.000138706
3572 0.000138516
2070 0.000138438
2149 0.000138437
3403 0.000138226
1158 0.0001382
1878 0.000138194
2187 0.000138175
3111 0.000138139
1497 0.000138113
2853 0.000138052
2085 0.000137965
1108 0.000137915
2739 0.000137807
2974 0.000137795
3834 0.000137768
1959 0.000137735
1005 0.000137701
1569 0.000137633
3452 0.000137476
2162 0.000137367
2968 0.000137367
2931 0.000137332
3512 0.000137295
3335 0.000137237
1686 0.000137196
1527 0.000137095
1833 0.000137089
3683 0.000137085
235 0.000137081
3258 0.000137018
751 0.00013701
2142 0.000136915
3378 0.00013681
1310 0.000136764
1179 0.000136733
491 0.000136512
3936 0.000136452
1554 0.000136272
2735 0.000136234
1446 0.000136134
2642 0.000136116
2229 0.00013608
1058 0.000136076
3089 0.000136031
1382 0.000136014
458 0.000136004
1377 0.000135994
1142 0.000135933
2894 0.000135851
106 0.00013585
394 0.000135842
3253 0.000135543
2282 0.000135536
1215 0.00013549
2093 0.000135476
1778 0.000135421
1035 0.000135347
2871 0.000135337
405 0.000135272
3029 0.000135157
3004 0.000135137
1949 0.000135127
2952 0.000135122
2713 0.00013499
2038 0.00013493
449 0.000134908
3654 0.000134765
649 0.00013474
2374 0.000134715
700 0.000134691
176 0.000134663
352 0.00013462
1680 0.00013462
3030 0.000134554
2946 0.000134539
1577 0.000134482
2233 0.000134475
1018 0.000134401
3140 0.000134397
1720 0.000134345
3395 0.000134315
3843 0.000134294
2604 0.000134276
1946 0.000134258
2779 0.000134197
1078 0.000134109
3328 0.000134108
3208 0.000134075
2686 0.000134028
710 0.000133842
1835 0.000133797
2702 0.0001337
2941 0.000133661
3431 0.000133636
925 0.000133605
418 0.000133533
2625 0.000133474
1901 0.000133466
496 0.000133455
3146 0.000133436
2848 0.000133343
1587 0.000133311
3115 0.000133259
1404 0.000133249
2749 0.000133197
1773 0.000133183
3411 0.000133032
2292 0.000132888
2039 0.000132884
1447 0.00013284
2336 0.000132784
2296 0.000132751
1473 0.000132726
537 0.000132681
2918 0.000132669
2102 0.000132659
1550 0.000132652
2961 0.000132647
2887 0.000132627
1589 0.000132619
2923 0.000132576
2617 0.000132554
1155 0.000132513
2428 0.000132367
1522 0.000132367
2611 0.000132307
902 0.000132279
2206 0.00013226
527 0.000132243
3259 0.000132148
495 0.000132051
3944 0.000131995
1408 0.000131898
1744 0.000131865
3234 0.000131839
3494 0.000131766
3288 0.000131759
1781 0.00013173
3005 0.000131557
2078 0.000131474
2275 0.00013147
2566 0.000131402
2132 0.000131179
2344 0.000131141
2874 0.000131091
2388 0.000131035
1226 0.000130973
2425 0.000130966
2072 0.000130914
2685 0.000130826
3406 0.000130797
3741 0.000130766
1582 0.000130728
1166 0.000130656
1557 0.000130651
3618 0.000130586
3419 0.000130584
2756 0.000130563
1303 0.000130519
2680 0.000130425
1917 0.000130327
1692 0.000130326
2775 0.000130262
2717 0.000130257
898 0.000130241
1464 0.00013023
2744 0.000130182
1813 0.000130179
1101 0.000130105
3563 0.0001299
3341 0.00012986
1962 0.000129805
2924 0.000129761
2507 0.00012974
3755 0.000129684
1279 0.000129587
3817 0.000129548
2066 0.00012953
3416 0.000129514
2940 0.000129433
3384 0.000129424
2607 0.000129361
1718 0.000129351
962 0.000129339
3129 0.000129293
536 0.000129216
1713 0.000129212
2188 0.000129184
1621 0.00012907
2190 0.000129063
1146 0.000129027
2172 0.000129015
3124 0.000128997
3046 0.000128928
425 0.000128749
1704 0.000128699
2069 0.000128699
3123 0.000128614
604 0.000128612
2480 0.000128596
3301 0.00012852
2520 0.000128288
900 0.00012828
2294 0.000128215
2759 0.000128191
2564 0.000128172
2059 0.000128074
2030 0.000128052
3050 0.000128012
1121 0.000127968
690 0.000127885
2240 0.000127845
2896 0.000127841
2443 0.000127817
2200 0.000127811
2184 0.000127794
2241 0.00012779
2037 0.000127767
3034 0.00012775
1001 0.000127537
2331 0.000127494
1612 0.000127494
2895 0.000127487
3913 0.00012746
1761 0.000127418
3345 0.000127408
2500 0.000127345
2914 0.000127318
461 0.000127238
3156 0.000127107
3287 0.000127084
1086 0.000127011
1979 0.000126916
2840 0.000126734
2929 0.000126733
2765 0.000126722
2542 0.000126711
2080 0.000126697
1217 0.000126672
3171 0.000126657
2290 0.000126643
3014 0.000126611
2814 0.000126419
1938 0.000126414
2419 0.000126405
2327 0.000126404
2897 0.000126319
2761 0.000126296
2158 0.000126274
1038 0.000126248
699 0.000126241
3223 0.000126189
2471 0.000126155
1015 0.000126033
3194 0.000125994
2016 0.000125905
3400 0.000125885
3973 0.000125769
3065 0.000125703
2751 0.000125634
2600 0.00012553
3167 0.000125489
1706 0.000125462
1238 0.00012546
1329 0.000125426
3166 0.000125398
2340 0.00012532
1984 0.000125294
3069 0.000125269
2787 0.000125256
3075 0.000125251
916 0.000125232
3236 0.000125202
3415 0.000125152
1622 0.000125055
3689 0.000124986
2150 0.000124954
430 0.000124902
3204 0.00012488
812 0.000124879
3106 0.000124874
2526 0.000124791
940 0.000124727
2242 0.00012469
66 0.000124688
3191 0.000124681
1859 0.000124674
2414 0.000124665
3040 0.000124571
1008 0.000124552
759 0.000124455
2118 0.000124402
2174 0.0001244
2395 0.000124398
2510 0.000124343
2996 0.000124316
2662 0.000124265
1309 0.000124255
485 0.000124218
3068 0.0001241
3113 0.000124047
3224 0.000124025
2630 0.000124024
3165 0.000123975
2950 0.000123855
2244 0.000123841
915 0.000123772
3085 0.000123769
3388 0.000123761
2991 0.000123693
3574 0.000123682
971 0.000123645
1406 0.00012357
1077 0.000123444
2088 0.000123435
1440 0.000123382
3135 0.000123376
3265 0.0001233
1682 0.000123288
2232 0.000123229
1367 0.000123213
721 0.000123212
1610 0.000123181
2590 0.000123115
2461 0.000123059
1492 0.000123012
1093 0.000122975
494 0.000122739
3461 0.000122655
2090 0.00012264
2980 0.000122589
1941 0.000122558
1017 0.000122539
591 0.000122489
2586 0.000122403
1674 0.000122292
268 0.000122271
3237 0.00012224
3043 0.000122231
2875 0.00012213
2948 0.000122075
3118 0.000122072
1512 0.000122032
3213 0.000122011
2921 0.000121974
2773 0.000121838
2673 0.000121811
3520 0.000121764
1294 0.00012166
761 0.000121616
1677 0.000121609
981 0.000121569
1438 0.000121535
3067 0.000121463
2629 0.00012139
2643 0.000121349
3193 0.000121335
2257 0.000121168
3832 0.000121135
1906 0.00012104
1374 0.000120901
3209 0.000120897
2408 0.000120863
3355 0.000120856
1487 0.000120818
2108 0.00012081
2559 0.000120742
2423 0.000120742
3023 0.000120654
2376 0.000120628
2139 0.000120584
988 0.000120534
3978 0.000120532
1683 0.000120502
2797 0.000120489
1839 0.000120413
279 0.000120351
316 0.000120292
2369 0.000120274
1551 0.000120251
1728 0.000120237
1943 0.000120221
965 0.000120205
2122 0.000120124
2615 0.00012012
3435 0.000120116
2720 0.000120036
3381 0.000119902
1812 0.000119878
3206 0.000119865
2073 0.000119863
2958 0.000119791
3102 0.000119776
1561 0.00011968
502 0.00011965
2492 0.000119642
1330 0.000119629
2649 0.000119607
1183 0.000119552
1327 0.0001195
3079 0.000119476
1324 0.00011944
2398 0.000119436
1793 0.000119415
2008 0.000119413
2504 0.000119326
2404 0.000119314
1516 0.00011926
1920 0.00011925
2989 0.000119234
2593 0.000119174
1736 0.00011913
3225 0.000119119
2550 0.000119082
2074 0.000119082
3159 0.00011908
3021 0.000119034
715 0.000119016
2601 0.000118994
1246 0.000118795
2326 0.000118795
2271 0.000118795
986 0.000118711
3100 0.000118659
1006 0.000118641
3212 0.000118573
1455 0.000118513
1604 0.000118375
2278 0.000118352
2844 0.00011823
512 0.000118171
1985 0.000118141
3292 0.000118109
3070 0.000118091
1740 0.000118043
290 0.000118003
1540 0.000117796
3047 0.000117782
3257 0.000117766
2099 0.000117757
2451 0.000117739
2847 0.000117718
2641 0.000117705
2143 0.00011769
2226 0.000117639
1132 0.000117618
1873 0.000117576
2223 0.000117557
298 0.000117538
1126 0.000117511
1750 0.000117395
103 0.000117304
2790 0.000117293
913 0.000117288
2338 0.000117272
2071 0.000117255
1799 0.000117255
1311 0.000117205
2967 0.000117183
392 0.000117169
3186 0.000117164
3377 0.000117155
3364 0.0001171
2434 0.000117011
562 0.000116996
2020 0.00011698
2309 0.000116928
2637 0.000116906
2352 0.000116816
2125 0.000116788
560 0.000116663
1948 0.000116636
1153 0.000116489
3161 0.000116483
1471 0.000116453
2130 0.000116437
2112 0.000116434
2825 0.000116334
3340 0.000116328
669 0.000116218
2323 0.000116165
1190 0.000116112
3681 0.000116016
1649 0.000115975
1947 0.000115955
2243 0.000115921
905 0.000115854
1699 0.000115823
1598 0.000115821
2491 0.000115819
2770 0.000115803
2708 0.000115802
3058 0.000115701
3373 0.000115586
2597 0.000115585
1823 0.000115574
2345 0.000115562
1971 0.00011555
2332 0.000115546
2324 0.000115538
1420 0.000115532
1633 0.000115517
2747 0.000115516
1269 0.000115448
1986 0.000115198
2209 0.000115171
2619 0.000115147
2104 0.000115082
2203 0.000115056
2276 0.000115039
3016 0.000114989
2363 0.000114974
3404 0.000114972
2247 0.000114937
2319 0.00011493
2354 0.000114897
2268 0.000114884
1868 0.000114867
558 0.000114837
1048 0.000114818
3390 0.000114803
318 0.000114755
1950 0.000114667
2460 0.000114603
2521 0.000114576
2553 0.000114557
2064 0.000114541
1965 0.000114453
3018 0.000114431
341 0.00011441
984 0.000114394
735 0.00011435
1801 0.000114308
2220 0.000114253
3589 0.000114215
683 0.000114126
2912 0.000113842
1184 0.000113792
1767 0.000113731
2010 0.000113686
3795 0.000113658
2033 0.00011361
968 0.000113605
1902 0.000113556
1346 0.000113555
2701 0.000113544
2977 0.000113338
3276 0.000113261
2095 0.000113154
3254 0.000113112
1678 0.000112973
2762 0.000112854
2043 0.000112671
1211 0.000112663
1918 0.000112553
2212 0.000112421
1903 0.000112295
998 0.000112264
1865 0.000112257
3393 0.000112248
3391 0.000112206
2938 0.000112145
3148 0.000112028
3313 0.000111934
535 0.000111895
1191 0.000111845
1361 0.000111818
2783 0.000111793
426 0.000111749
2180 0.000111736
969 0.000111684
3261 0.000111665
530 0.000111642
2308 0.000111566
1869 0.000111566
2823 0.000111444
1638 0.000111383
1281 0.000111352
526 0.00011133
2101 0.000111219
2655 0.000111163
1635 0.000111157
2052 0.000111016
1412 0.000110938
1076 0.000110931
1488 0.000110923
471 0.00011087
487 0.000110868
2381 0.000110814
2045 0.000110814
2731 0.000110789
3422 0.000110747
2539 0.000110532
1448 0.000110426
593 0.000110366
2602 0.000110244
920 0.000110163
2567 0.000110008
1059 0.000109975
2246 0.000109932
2372 0.0001099
1514 0.00010986
2183 0.000109852
1867 0.000109842
1107 0.000109841
2300 0.000109825
2005 0.000109808
3457 0.000109754
2014 0.000109627
2753 0.000109494
2103 0.000109448
3294 0.000109351
3316 0.000109318
1296 0.000109107
2377 0.000109067
138 0.000109054
2882 0.000109001
221 0.000108924
2084 0.000108815
1170 0.000108759
1350 0.000108673
3110 0.000108658
2984 0.000108654
2854 0.000108571
3430 0.00010847
2161 0.000108369
3796 0.000108329
1461 0.000108319
1543 0.000108257
2028 0.000108128
2684 0.000108113
540 0.000108048
1526 0.000108002
1741 0.000107983
3296 0.000107939
1966 0.00010792
3959 0.000107913
446 0.000107884
1881 0.000107755
1861 0.000107468
2794 0.000107457
1897 0.000107414
451 0.00010734
1817 0.000107194
2458 0.000107175
880 0.000107171
1422 0.000107093
2672 0.000107051
1250 0.000107047
3215 0.000107046
2124 0.000107026
2140 0.00010699
388 0.000106895
2334 0.000106875
3262 0.000106867
982 0.000106855
2040 0.000106853
2141 0.000106847
989 0.000106812
2819 0.000106777
1503 0.000106775
2253 0.000106717
2433 0.000106678
2501 0.00010664
1688 0.000106618
2121 0.000106603
3889 0.000106597
2736 0.000106539
2638 0.000106539
914 0.000106503
2131 0.000106475
2525 0.000106462
2537 0.000106454
1025 0.000106392
3189 0.000106377
2394 0.000106335
2971 0.000106289
191 0.000106175
2299 0.000106022
1508 0.000105909
3117 0.000105786
1392 0.000105776
1444 0.000105684
1606 0.000105684
3688 0.000105635
3358 0.000105617
2681 0.000105604
3203 0.000105543
976 0.000105533
2409 0.000105511
2250 0.000105426
980 0.000105298
2351 0.000105287
2947 0.000105276
2182 0.000105211
2362 0.00010521
993 0.000105209
2029 0.000105188
2907 0.000105154
1757 0.000105139
1849 0.00010511
1717 0.000105094
1547 0.000105047
1004 0.000104945
3736 0.000104895
2612 0.000104873
2109 0.000104811
2557 0.000104797
267 0.000104688
79 0.000104579
2976 0.000104454
1316 0.000104448
2222 0.000104242
933 0.000104221
3409 0.000104131
2270 0.000104062
3582 0.000104058
1331 0.000103996
420 0.000103972
1578 0.000103958
2438 0.000103937
2469 0.000103867
2578 0.000103821
3315 0.00010381
1913 0.000103791
1369 0.000103781
2551 0.000103773
2370 0.000103773
1852 0.000103747
338 0.000103572
2531 0.000103418
541 0.000103354
488 0.000103342
2533 0.000103278
1842 0.000103216
1619 0.000103212
3942 0.000103205
2482 0.000103182
3044 0.000103131
3492 0.000103117
1721 0.000103105
2272 0.000103015
1501 0.00010301
3097 0.000102974
1418 0.000102953
3007 0.0001028
1449 0.00010261
1256 0.000102442
1012 0.00010242
3732 0.000102398
1675 0.000102386
2508 0.000102382
2196 0.000102368
1603 0.000102302
1884 0.000102284
1679 0.000102265
2169 0.000102238
2561 0.000102235
2623 0.000102201
1115 0.000102192
511 0.000102171
1930 0.000102114
3414 0.000101909
2603 0.000101882
10 0.000101845
3352 0.00010184
1791 0.000101796
2302 0.000101698
1124 0.000101632
1214 0.000101536
3249 0.000101534
1879 0.000101493
2990 0.000101491
2707 0.000101465
2056 0.000101458
2267 0.000101445
1083 0.000101443
2312 0.00010143
1816 0.000101367
1863 0.000101321
1230 0.000101237
3386 0.000101084
1354 0.00010101
3228 0.000100961
1244 0.000100953
2545 0.000100891
3337 0.000100843
3109 0.000100714
1465 0.000100591
1597 0.000100559
1247 0.000100556
3289 0.000100549
1029 0.000100549
1620 0.00010052
2042 0.000100513
1563 0.000100462
2436 0.000100432
2348 0.000100386
2512 0.000100355
2592 0.000100354
1042 0.000100325
2830 0.000100319
375 0.00010019
1489 0.000100177
1818 0.000100157
1592 0.000100078
4022 0.000100068
2484 9.99992e-05
2077 9.99992e-05
2485 9.99858e-05
2970 9.99198e-05
2012 9.98906e-05
1764 9.98187e-05
2801 9.9763e-05
1044 9.97604e-05
2687 9.97224e-05
2399 9.96343e-05
2582 9.95908e-05
1065 9.93437e-05
4024 9.92906e-05
2389 9.92304e-05
3160 9.91651e-05
1173 9.902e-05
2900 9.89552e-05
1483 9.87558e-05
1780 9.87401e-05
1790 9.87295e-05
1602 9.87169e-05
2475 9.87074e-05
1456 9.86366e-05
2135 9.8618e-05
482 9.85664e-05
3217 9.85075e-05
2366 9.8466e-05
1727 9.8462e-05
2154 9.84487e-05
1689 9.84487e-05
2216 9.83429e-05
3304 9.82867e-05
1416 9.82854e-05
2235 9.81005e-05
3260 9.80879e-05
2859 9.79929e-05
2166 9.79152e-05
2479 9.78097e-05
1939 9.77827e-05
1271 9.77497e-05
1575 9.77237e-05
1745 9.75518e-05
2573 9.73973e-05
4035 9.73829e-05
4010 9.73266e-05
2768 9.71835e-05
2495 9.7143e-05
3133 9.71381e-05
3197 9.71146e-05
2845 9.71066e-05
3359 9.70706e-05
416 9.69885e-05
919 9.69346e-05
3024 9.68693e-05
2616 9.68073e-05
2478 9.67327e-05
2995 9.67167e-05
1530 9.67016e-05
1175 9.6685e-05
3039 9.66077e-05
3418 9.66042e-05
3286 9.65918e-05
1491 9.65713e-05
3326 9.65598e-05
2723 9.65404e-05
1079 9.6536e-05
2086 9.64776e-05
2446 9.64744e-05
4015 9.64608e-05
2452 9.64339e-05
2546 9.63999e-05
4008 9.638e-05
2965 9.63742e-05
2165 9.63014e-05
1498 9.62307e-05
3238 9.60226e-05
2396 9.60114e-05
2498 9.59704e-05
1848 9.5936e-05
1467 9.59217e-05
2417 9.58982e-05
2608 9.57227e-05
2733 9.56823e-05
1929 9.56506e-05
1520 9.56089e-05
1267 9.56088e-05
1735 9.55322e-05
1662 9.55318e-05
2549 9.55286e-05
2953 9.54432e-05
3093 9.54193e-05
1970 9.54156e-05
614 9.53665e-05
2083 9.53493e-05
1300 9.51814e-05
1481 9.51268e-05
2516 9.49915e-05
1222 9.48763e-05
2588 9.48451e-05
1375 9.48367e-05
2155 9.48128e-05
2589 9.47925e-05
2468 9.47386e-05
3984 9.45793e-05
3552 9.45598e-05
3334 9.44621e-05
2359 9.44052e-05
2712 9.42475e-05
2835 9.42425e-05
2304 9.42076e-05
3788 9.4147e-05
2075 9.41118e-05
1870 9.4042e-05
3429 9.40312e-05
2273 9.40125e-05
3175 9.39981e-05
1789 9.39058e-05
2013 9.38976e-05
1600 9.3848e-05
1125 9.38438e-05
1291 9.38105e-05
1436 9.37335e-05
3603 9.36754e-05
3015 9.3496e-05
1997 9.348e-05
2128 9.32048e-05
1982 9.32032e-05
967 9.3113e-05
960 9.30717e-05
2878 9.30305e-05
1140 9.30296e-05
2134 9.30047e-05
1409 9.30045e-05
3379 9.29448e-05
1608 9.28972e-05
2151 9.28956e-05
1156 9.2838e-05
2355 9.28289e-05
3306 9.28286e-05
1509 9.27806e-05
1117 9.27622e-05
2430 9.26942e-05
1223 9.26442e-05
3305 9.25939e-05
2752 9.24471e-05
3151 9.23659e-05
1429 9.23422e-05
1451 9.23113e-05
1110 9.23008e-05
3319 9.22227e-05
2062 9.22097e-05
1359 9.20911e-05
1243 9.20698e-05
1875 9.20244e-05
1241 9.20134e-05
1916 9.19907e-05
1809 9.19529e-05
1669 9.19181e-05
2413 9.18542e-05
2356 9.18347e-05
2261 9.17021e-05
1255 9.16745e-05
1220 9.15131e-05
1738 9.14993e-05
1385 9.12911e-05
1024 9.12691e-05
1313 9.10695e-05
2254 9.10593e-05
2264 9.10569e-05
2144 9.10031e-05
2386 9.09185e-05
2063 9.09032e-05
2115 9.08025e-05
995 9.07972e-05
3243 9.07845e-05
1722 9.07435e-05
2563 9.07233e-05
2737 9.06747e-05
1081 9.05009e-05
1523 9.04662e-05
440 9.04055e-05
3575 9.03217e-05
1954 9.01949e-05
2127 9.01448e-05
1810 9.01435e-05
1305 9.01184e-05
1205 9.00886e-05
1370 9.0079e-05
2400 9.00663e-05
2191 8.99784e-05
2654 8.99684e-05
2046 8.99109e-05
2816 8.98994e-05
2385 8.97443e-05
1435 8.97329e-05
2883 8.97294e-05
2221 8.96056e-05
569 8.95646e-05
2019 8.94897e-05
3357 8.93675e-05
2368 8.92685e-05
1003 8.9232e-05
1617 8.90866e-05
1339 8.90839e-05
2850 8.90026e-05
1953 8.89645e-05
2274 8.84893e-05
1590 8.8379e-05
1400 8.82212e-05
1128 8.8187e-05
1288 8.81436e-05
1886 8.81272e-05
2575 8.80625e-05
3088 8.8043e-05
1668 8.80105e-05
1830 8.7878e-05
2556 8.77175e-05
2367 8.75694e-05
3380 8.73467e-05
2472 8.7249e-05
2053 8.72466e-05
1955 8.71943e-05
1907 8.71395e-05
1302 8.71246e-05
2467 8.706e-05
3281 8.70262e-05
2631 8.68867e-05
2891 8.68762e-05
2646 8.68703e-05
2259 8.671e-05
3399 8.66821e-05
922 8.66136e-05
1480 8.65943e-05
2092 8.65901e-05
2391 8.65362e-05
1845 8.64695e-05
2499 8.64377e-05
1898 8.63063e-05
1388 8.62441e-05
2420 8.62382e-05
2194 8.61513e-05
966 8.60886e-05
601 8.57577e-05
183 8.56424e-05
1981 8.54993e-05
2705 8.53909e-05
997 8.53847e-05
2148 8.53693e-05
1712 8.5325e-05
1007 8.53112e-05
3865 8.53032e-05
1609 8.52572e-05
1095 8.52048e-05
1335 8.51868e-05
1181 8.51854e-05
2506 8.51516e-05
1364 8.47836e-05
2473 8.46856e-05
1595 8.46551e-05
3467 8.46347e-05
2186 8.45845e-05
2594 8.45598e-05
2942 8.45444e-05
1405 8.45378e-05
565 8.44642e-05
1149 8.44208e-05
1643 8.44195e-05
1665 8.43684e-05
2189 8.43582e-05
1209 8.43314e-05
1864 8.42969e-05
2307 8.42748e-05
2987 8.41337e-05
2981 8.39567e-05
676 8.39135e-05
2529 8.38478e-05
2415 8.37223e-05
2876 8.3584e-05
2652 8.35476e-05
3009 8.35187e-05
1639 8.35164e-05
2262 8.34943e-05
2343 8.34549e-05
1402 8.33588e-05
1031 8.33496e-05
3210 8.32596e-05
1034 8.32283e-05
935 8.30716e-05
994 8.30499e-05
897 8.29661e-05
2714 8.27348e-05
1646 8.27325e-05
2390 8.27165e-05
947 8.25802e-05
2002 8.25702e-05
1558 8.25519e-05
1795 8.24503e-05
3421 8.21773e-05
2418 8.21491e-05
60 8.17992e-05
1885 8.17388e-05
1123 8.17348e-05
1685 8.16086e-05
2445 8.15918e-05
921 8.15623e-05
1940 8.15342e-05
2552 8.1322e-05
3170 8.13019e-05
1490 8.12711e-05
1752 8.1271e-05
1334 8.08025e-05
1163 8.06083e-05
1207 8.05831e-05
1341 8.04466e-05
2392 8.03333e-05
3436 8.02933e-05
854 8.01067e-05
1513 8.00372e-05
1631 8.0022e-05
250 7.97536e-05
1618 7.96321e-05
3686 7.9579e-05
2591 7.95162e-05
1570 7.94539e-05
2917 7.93965e-05
2489 7.93882e-05
744 7.91906e-05
3375 7.91794e-05
1286 7.90823e-05
1470 7.88965e-05
1460 7.88669e-05
1883 7.88334e-05
1538 7.87563e-05
927 7.87549e-05
1160 7.87101e-05
1772 7.86467e-05
1201 7.83171e-05
1855 7.81245e-05
2998 7.80573e-05
521 7.78525e-05
983 7.785e-05
1312 7.77853e-05
448 7.77246e-05
1637 7.77133e-05
1344 7.76962e-05
1826 7.75604e-05
164 7.74917e-05
208 7.74712e-05
2234 7.73008e-05
1579 7.72991e-05
2003 7.70588e-05
1765 7.70367e-05
1528 7.69392e-05
1056 7.69095e-05
1075 7.68831e-05
3092 7.67497e-05
2653 7.66834e-05
2329 7.66764e-05
2574 7.66583e-05
953 7.65748e-05
2026 7.6457e-05
1381 7.6353e-05
945 7.61624e-05
1437 7.60289e-05
2379 7.5972e-05
2908 7.59719e-05
3712 7.59659e-05
3163 7.59628e-05
978 7.59611e-05
1130 7.58868e-05
1623 7.58546e-05
906 7.57914e-05
1242 7.57297e-05
1521 7.56978e-05
371 7.56283e-05
2584 7.52255e-05
2432 7.5206e-05
2110 7.51508e-05
1151 7.50698e-05
3250 7.50672e-05
2215 7.50018e-05
1280 7.49974e-05
1290 7.49233e-05
2315 7.48541e-05
1380 7.48083e-05
3192 7.44445e-05
2449 7.4172e-05
1026 7.39755e-05
629 7.39386e-05
1457 7.39061e-05
3199 7.38987e-05
2532 7.3772e-05
2804 7.37185e-05
2164 7.36765e-05
2477 7.36583e-05
2098 7.36509e-05
2060 7.36333e-05
1853 7.33323e-05
1644 7.3259e-05
1846 7.30763e-05
1932 7.29512e-05
2237 7.28899e-05
63 7.27844e-05
2502 7.23929e-05
1103 7.22819e-05
1819 7.21526e-05
1398 7.21162e-05
3367 7.21084e-05
1605 7.20864e-05
2580 7.20747e-05
1580 7.20098e-05
952 7.20013e-05
1049 7.2e-05
390 7.19122e-05
1963 7.18709e-05
2462 7.18664e-05
3955 7.18619e-05
1658 7.18301e-05
2579 7.18178e-05
2179 7.18072e-05
2704 7.16891e-05
1734 7.12305e-05
1697 7.1202e-05
1272 7.11671e-05
1198 7.11065e-05
1877 7.10502e-05
2058 7.10092e-05
1632 7.09876e-05
1172 7.09774e-05
336 7.08163e-05
2811 7.07897e-05
2740 7.07338e-05
1774 7.05516e-05
2067 7.03343e-05
1782 7.03185e-05
1659 7.02294e-05
1753 7.01926e-05
2198 7.0161e-05
2554 7.005e-05
648 6.99282e-05
2350 6.98021e-05
2147 6.95742e-05
1571 6.94063e-05
2298 6.92671e-05
1994 6.92396e-05
305 6.9183e-05
1182 6.91666e-05
1458 6.91509e-05
1925 6.91266e-05
2306 6.89366e-05
2695 6.87133e-05
750 6.84704e-05
2692 6.84507e-05
2280 6.84486e-05
1485 6.84273e-05
3112 6.82997e-05
1832 6.82936e-05
1519 6.82912e-05
1539 6.82853e-05
1323 6.82198e-05
1805 6.82058e-05
2963 6.82019e-05
2213 6.81407e-05
1796 6.80414e-05
442 6.76961e-05
2387 6.76582e-05
2518 6.74534e-05
1040 6.74378e-05
2746 6.74369e-05
1891 6.73593e-05
1340 6.73551e-05
3323 6.72326e-05
2055 6.7156e-05
1152 6.71137e-05
1510 6.69707e-05
2096 6.68497e-05
2057 6.66433e-05
2393 6.65791e-05
2519 6.6367e-05
1112 6.62999e-05
2136 6.62903e-05
1289 6.62858e-05
1989 6.62769e-05
2353 6.62724e-05
1074 6.5616e-05
1535 6.54526e-05
1135 6.53851e-05
2609 6.53728e-05
1351 6.53333e-05
1653 6.52907e-05
2137 6.52632e-05
2210 6.52467e-05
1836 6.49584e-05
932 6.45974e-05
1196 6.45535e-05
34 6.44738e-05
1952 6.38203e-05
2454 6.35818e-05
1092 6.34573e-05
671 6.34556e-05
1068 6.34348e-05
2476 6.28835e-05
2288 6.28492e-05
2310 6.27891e-05
1777 6.25415e-05
1900 6.25033e-05
2407 6.23558e-05
3704 6.16963e-05
851 6.16739e-05
1047 6.14762e-05
1614 6.14557e-05
2048 6.11075e-05
2205 6.09096e-05
1285 6.07708e-05
1365 6.06311e-05
1572 6.05491e-05
1506 6.03288e-05
3370 6.02878e-05
1856 6.02162e-05
3879 6.01993e-05
1942 6.00408e-05
1754 5.98005e-05
999 5.96734e-05
1397 5.96634e-05
2429 5.96617e-05
365 5.93423e-05
1393 5.90634e-05
1851 5.90337e-05
2219 5.881e-05
2330 5.87818e-05
1724 5.87411e-05
1091 5.85438e-05
2305 5.83222e-05
3854 5.82278e-05
1430 5.82133e-05
1143 5.80235e-05
2303 5.78998e-05
1028 5.77827e-05
2293 5.77808e-05
1542 5.776e-05
2606 5.77148e-05
2568 5.74372e-05
959 5.70848e-05
1652 5.68604e-05
1219 5.68505e-05
2547 5.68379e-05
1287 5.67859e-05
926 5.6637e-05
892 5.65712e-05
3235 5.63117e-05
2635 5.62207e-05
1195 5.59732e-05
2465 5.59594e-05
1265 5.59053e-05
1811 5.58742e-05
934 5.58392e-05
1069 5.49313e-05
1147 5.47598e-05
1263 5.45927e-05
2572 5.43931e-05
1022 5.43739e-05
2576 5.41354e-05
1532 5.40834e-05
1411 5.40337e-05
2239 5.39446e-05
2177 5.3802e-05
883 5.37233e-05
891 5.37075e-05
1887 5.36136e-05
2493 5.35436e-05
2530 5.31836e-05
1054 5.31754e-05
2536 5.29332e-05
2802 5.29157e-05
2571 5.28299e-05
1769 5.25693e-05
288 5.23222e-05
1737 5.21624e-05
2044 5.21489e-05
1116 5.20002e-05
1484 5.15648e-05
2163 5.12586e-05
875 5.08793e-05
2605 5.04397e-05
1336 5.02723e-05
2249 4.97086e-05
1987 4.94215e-05
3202 4.94158e-05
1293 4.92295e-05
2852 4.91332e-05
2496 4.91182e-05
972 4.89419e-05
3765 4.87216e-05
571 4.86472e-05
1710 4.85804e-05
1063 4.84528e-05
2285 4.83672e-05
1401 4.83234e-05
1180 4.82363e-05
385 4.80688e-05
1771 4.77249e-05
1407 4.73707e-05
2252 4.67425e-05
3094 4.66366e-05
1843 4.64186e-05
2380 4.63876e-05
907 4.63824e-05
2287 4.62527e-05
1700 4.60576e-05
3597 4.57139e-05
1084 4.54071e-05
1517 4.5324e-05
125 4.50587e-05
2295 4.50191e-05
1278 4.46348e-05
2522 4.39454e-05
1723 4.35803e-05
2427 4.29714e-05
2175 4.27234e-05
2185 4.26983e-05
2065 4.26659e-05
3134 4.26622e-05
2544 4.26571e-05
1524 4.26407e-05
1389 4.26219e-05
1414 4.25069e-05
3408 4.17647e-05
2383 4.17047e-05
2258 4.15918e-05
652 4.15711e-05
3928 4.10427e-05
2208 4.03085e-05
2855 3.89046e-05
1164 3.87836e-05
1362 3.8756e-05
207 3.84624e-05
2798 3.84338e-05
153 3.78917e-05
1821 3.77818e-05
610 3.76991e-05
2311 3.68526e-05
1556 3.60119e-05
673 3.58824e-05
234 3.56387e-05
1039 3.5088e-05
1395 3.49833e-05
1874 3.41188e-05
2860 3.38427e-05
2613 3.31102e-05
1239 3.27269e-05
2599 3.24193e-05
2021 3.11293e-05
1775 2.9494e-05
3125 2.92982e-05
1439 2.9024e-05
1233 2.87959e-05
2722 2.79325e-05
860 2.67453e-05
656 2.62777e-05
1969 2.51698e-05
3282 2.49116e-05
607 2.20893e-05
674 2.20832e-05
2524 2.19034e-05
613 2.11367e-05
638 2.0197e-05
585 2.01861e-05
602 1.92494e-05
668 1.92464e-05
608 1.92435e-05
1417 1.9188e-05
1463 1.91261e-05
801 1.9058e-05
692 1.90171e-05
1755 1.83592e-05
624 1.83008e-05
2442 1.79384e-05
1690 1.76196e-05
3006 1.66402e-05
1967 1.65735e-05
447 1.56463e-05
1651 1.55332e-05
1176 1.5515e-05
358 1.47948e-05
550 1.29131e-05
335 1.20648e-05
210 1.20634e-05
287 1.20575e-05
15 1.20537e-05
1276 1.18382e-05
11 1.11195e-05
74 1.11167e-05
215 1.10672e-05
114 1.10621e-05
18 1.01804e-05
12 1.01762e-05
292 1.01743e-05
3451 9.27412e-06
3570 9.27326e-06
209 9.23826e-06
3853 8.37752e-06
3709 8.35947e-06
43 8.29414e-06
37 8.29414e-06
1262 8.1846e-06
3820 7.44287e-06
3650 7.42887e-06
3974 7.42799e-06
3856 6.50847e-06
3798 6.50415e-06
3748 6.48922e-06
3453 6.48922e-06
3071 6.02598e-06
3935 5.57789e-06
3729 5.56219e-06
918 4.30153e-06
2470 4.29642e-06
1096 4.2926e-06
2596 4.29102e-06
2569 4.29102e-06
2457 4.29102e-06
2079 4.29102e-06
3183 4.14286e-06
1834 3.35942e-06
1119 3.35942e-06
2269 3.35819e-06
2195 3.35819e-06
3230 3.2013e-06
3031 3.2013e-06
2842 3.2013e-06
1581 2.42625e-06
1560 2.42625e-06
1466 2.42625e-06
1386 2.42625e-06
1206 2.42625e-06
1145 2.42625e-06
911 2.42625e-06
