3980 0.00331337
0 0.00165793
3990 0.00144613
885 0.00144401
4016 0.00144317
4025 0.0014404
4007 0.0014392
179 0.00132822
698 0.00131213
2774 0.00129481
3437 0.00129247
3074 0.00129221
3127 0.00129094
3055 0.00128962
259 0.00127089
8 0.00127061
867 0.00126879
91 0.00126092
870 0.00125413
881 0.00124847
49 0.0012057
3037 0.00119794
2792 0.00119786
2691 0.00119487
4030 0.00118355
4023 0.00117447
776 0.00117116
532 0.00113086
3180 0.00112585
2732 0.00112304
181 0.00112069
4 0.00111933
874 0.00111637
275 0.00111511
3131 0.00111376
2930 0.0011125
3181 0.00111246
564 0.00111163
872 0.00110942
879 0.00110422
364 0.00109674
4027 0.00109211
686 0.00109088
1890 0.00108523
319 0.00108492
89 0.00108481
895 0.00108321
3998 0.00107718
3251 0.00106396
2421 0.00104852
3987 0.00104778
4012 0.00104648
3147 0.00104359
4001 0.00104358
2817 0.00104357
4029 0.00103908
306 0.00103413
328 0.00103411
195 0.00103164
192 0.00103081
273 0.00103025
218 0.00103008
3999 0.00102942
78 0.00102901
219 0.00102649
453 0.00102047
1002 0.00101937
1105 0.00101784
871 0.00101458
4031 0.00100872
3200 0.00100743
143 0.000998868
198 0.000998783
4017 0.000993488
95 0.000992054
3616 0.000988539
2861 0.000981412
757 0.00097964
3372 0.000976101
501 0.000971408
441 0.000970375
399 0.000969029
2902 0.000968158
3982 0.000965625
4000 0.000960959
3141 0.000956271
1046 0.000955568
6 0.000955283
1586 0.000952914
2483 0.000952023
2595 0.000951901
147 0.000950019
866 0.000949837
230 0.000948697
175 0.00094771
581 0.000943358
642 0.000941733
717 0.000940293
855 0.000940084
873 0.000936852
887 0.000936707
852 0.000935949
244 0.000930521
312 0.000930325
1194 0.000927567
233 0.000925984
282 0.000924578
3846 0.000922711
33 0.000921607
256 0.000921525
42 0.000920093
227 0.000918172
3746 0.000916885
3407 0.000911721
3268 0.000911721
858 0.000905875
3789 0.000903039
437 0.000902436
2487 0.000902111
3799 0.000899375
2281 0.000898244
3053 0.000888827
3638 0.000886852
2527 0.000882889
3439 0.000881682
3994 0.000879018
99 0.00087815
3725 0.000874074
414 0.000863887
182 0.000861378
177 0.000852859
3538 0.000849856
3546 0.000849365
3743 0.000847426
3989 0.000845773
2535 0.000842416
3720 0.000838231
393 0.000837687
4004 0.000835624
3679 0.000835218
3997 0.000833756
1208 0.000830825
4014 0.000827907
264 0.000827329
3986 0.000826463
348 0.000825742
3122 0.000822909
110 0.000821996
3218 0.000821756
3868 0.000819198
4021 0.000818948
3662 0.000815495
3105 0.000815025
3354 0.000813962
81 0.000807487
4038 0.000803773
2437 0.000802178
2106 0.000799377
4009 0.000797458
278 0.000795849
3996 0.000795336
884 0.000786033
894 0.000786023
1240 0.000784497
2670 0.000782711
1202 0.000779829
3628 0.000779471
3995 0.000777186
23 0.000776909
19 0.000775821
225 0.000773233
2094 0.000771416
171 0.000771199
3318 0.000770447
3473 0.00076973
1627 0.000768028
41 0.00076801
1027 0.000767871
4020 0.00076111
3751 0.00076062
174 0.000758734
889 0.000753429
732 0.000752844
3490 0.000752363
3932 0.000749793
193 0.000749739
386 0.000747521
864 0.000745266
2703 0.000743397
115 0.000739189
2799 0.000735506
798 0.000733103
3271 0.000732275
2558 0.000730939
876 0.000729869
476 0.000727431
3536 0.000727416
4026 0.000725985
3923 0.000723381
1499 0.00072188
3918 0.000721313
3981 0.000720746
3949 0.000718373
863 0.000717963
3624 0.000717867
3325 0.000717145
2959 0.000714678
806 0.000713606
137 0.000711276
3382 0.000710007
157 0.000709556
3549 0.000706149
3742 0.00070265
3774 0.000700961
2301 0.000700304
2972 0.000700117
2245 0.000698817
3562 0.000696578
3898 0.000694558
3669 0.000693386
3813 0.000692002
1030 0.000691442
3700 0.000690773
3917 0.000690695
583 0.000689639
3695 0.000689456
3911 0.000686749
3883 0.000686413
3864 0.000686189
351 0.00068614
3309 0.000686032
714 0.000684624
839 0.000682958
627 0.000682527
3613 0.000681506
310 0.00067998
326 0.000679529
658 0.000678451
3739 0.000678391
3479 0.00067731
1684 0.000677271
600 0.0006765
3649 0.000676082
3912 0.000675349
3008 0.000675215
68 0.000674051
3283 0.000673985
661 0.000673867
662 0.00067386
729 0.000673784
4002 0.000673436
90 0.00067267
3985 0.000672623
3314 0.000670941
3571 0.00066986
955 0.000669025
145 0.000668926
343 0.000668789
4019 0.000667673
3423 0.000666967
2949 0.000666105
3988 0.000665284
833 0.00066391
615 0.000662607
1956 0.000661828
640 0.000661573
3502 0.000661443
3861 0.000658172
578 0.000656955
356 0.000656684
1368 0.000655629
3993 0.00065423
2982 0.000653658
1138 0.000653372
659 0.000653085
675 0.000650128
643 0.000649615
3757 0.000647183
3716 0.00064586
2879 0.000645779
3836 0.000645677
878 0.000644571
681 0.00064428
3595 0.000643127
3567 0.000643061
3701 0.000642684
1889 0.000641248
3481 0.000640291
3516 0.000637901
301 0.000637818
3874 0.000635617
904 0.0006345
1776 0.000633063
3894 0.000632754
111 0.000632007
670 0.000631908
599 0.0006311
3849 0.000629564
1657 0.000628987
3523 0.000627338
3444 0.000626493
3957 0.000624621
337 0.000624
2886 0.000623887
910 0.000623849
58 0.000623273
650 0.000622604
411 0.000621825
327 0.000620935
3933 0.000619624
2889 0.000619253
3954 0.000619186
1071 0.00061828
3487 0.000617256
1253 0.000616766
3801 0.00061621
383 0.000614826
3647 0.000614309
3759 0.00061426
3446 0.000614028
3581 0.000612576
3887 0.000611432
979 0.000611106
20 0.000610443
822 0.000610275
632 0.000609862
286 0.000607863
464 0.000607349
201 0.000606711
296 0.000606193
167 0.000605969
3513 0.000604976
592 0.000604613
97 0.000604538
886 0.000604375
3530 0.000604063
3587 0.000604006
401 0.000603921
263 0.000603612
253 0.000601864
582 0.000601476
893 0.00060123
3579 0.000600408
3500 0.000599801
3819 0.000599201
3322 0.000598668
1788 0.000598388
3657 0.000598035
577 0.000597979
3465 0.00059761
3787 0.000597133
771 0.000595705
2034 0.000595451
3892 0.000595274
3551 0.000595096
804 0.000593579
3863 0.000592659
1111 0.000592496
3126 0.00059203
3791 0.000591194
1218 0.000590502
4013 0.000590461
877 0.000590312
1043 0.000589662
2776 0.00058955
3519 0.000588497
116 0.000587772
377 0.000585759
243 0.000585005
572 0.000584623
47 0.000584543
214 0.000583989
2204 0.000583949
3478 0.000582821
107 0.000582078
1403 0.000581948
1016 0.000580932
3749 0.000580884
149 0.00058068
3837 0.000579867
467 0.000579503
635 0.000579258
579 0.000577939
2017 0.000577639
3675 0.000576656
3128 0.000576536
3885 0.000575973
856 0.000574746
1224 0.000574688
2168 0.0005725
3963 0.000571675
3489 0.000571147
3676 0.00057103
4018 0.000571002
3066 0.000570828
3580 0.000570353
861 0.00056806
226 0.000567891
3708 0.000566072
3216 0.000565567
3776 0.000565492
3830 0.00056535
2699 0.000565275
888 0.000564728
3541 0.000563822
1693 0.000562939
498 0.000562048
93 0.000560734
4036 0.000559552
384 0.000557799
3594 0.000557793
2167 0.00055764
14 0.000557487
818 0.000556605
3975 0.000556033
3652 0.000555531
909 0.000554914
2456 0.000553732
552 0.000553448
131 0.000553303
4005 0.000552552
144 0.000551438
2650 0.000550775
3747 0.000550227
3727 0.000547458
789 0.000547392
3960 0.000546813
3655 0.000545656
245 0.000545529
3665 0.000544936
3745 0.000543792
3920 0.000542894
712 0.000542523
3476 0.000541575
3919 0.000540422
595 0.000539021
956 0.000538873
127 0.000537169
173 0.000535431
3639 0.000535263
828 0.000535113
573 0.000535068
4028 0.000533478
3682 0.000531157
1177 0.000527743
3336 0.00052756
3696 0.00052488
32 0.000522701
3857 0.000521526
3455 0.000520838
3723 0.000519029
3544 0.00051873
594 0.000517816
630 0.00051711
2486 0.000516856
665 0.000516824
2349 0.000516672
2439 0.000516621
197 0.000516604
4011 0.000516586
3091 0.000516383
102 0.000515014
346 0.000513264
284 0.000512058
882 0.000510795
3442 0.000509116
320 0.000508841
2320 0.000508434
1254 0.000508271
3504 0.000507016
251 0.00050486
3961 0.000504109
2824 0.000503965
28 0.000503129
71 0.0005029
2671 0.000501604
2983 0.000501599
241 0.000500389
2721 0.000500264
281 0.000499793
2313 0.000499702
2444 0.000498985
647 0.000498657
3610 0.000498649
3806 0.000498631
184 0.000498547
255 0.000497759
1992 0.000497357
155 0.000496362
2926 0.000496238
702 0.000494945
36 0.000494929
3897 0.000494054
3531 0.000493717
2170 0.000493498
912 0.000493034
3967 0.000491361
775 0.000490133
3401 0.000489861
2076 0.00048923
3925 0.000488947
768 0.000488709
3847 0.000487072
3376 0.000485993
899 0.000485296
749 0.000484847
736 0.000484598
1733 0.000484345
3028 0.000483626
782 0.000483043
1607 0.000481678
3809 0.000481648
307 0.000480412
2528 0.000479099
825 0.000478447
3599 0.000477193
3629 0.000475623
2217 0.000474621
3311 0.000474423
707 0.000473904
3606 0.000472905
92 0.000472732
100 0.000472487
53 0.000471371
454 0.000471185
3905 0.000468987
2805 0.000468623
1548 0.000468384
1912 0.000468083
2263 0.000467789
1988 0.000467531
3083 0.000465817
2450 0.000465161
1045 0.000464853
3783 0.000464852
1895 0.000464106
1837 0.00046365
901 0.000463324
3848 0.00046302
3338 0.000462919
1197 0.00046272
3521 0.000461943
3844 0.000461932
135 0.000461266
3427 0.000460404
94 0.000459657
2565 0.000459278
1118 0.000459278
2622 0.000459144
725 0.000458382
1097 0.000457845
101 0.000456068
309 0.000456017
86 0.000455386
249 0.00045534
1996 0.000454028
689 0.000453727
2207 0.00045337
2321 0.000453171
3585 0.00045283
3553 0.000452732
617 0.000452626
299 0.000452316
654 0.000452197
3740 0.000452118
180 0.00045063
3921 0.000450459
713 0.000450291
3908 0.000449146
119 0.000448873
2 0.000447853
1798 0.000447611
616 0.000446179
266 0.000445646
424 0.000444619
25 0.000443849
3121 0.000442996
194 0.000442503
3825 0.000442009
2113 0.000441896
3814 0.000441727
17 0.000441542
260 0.000441407
1216 0.000441122
3991 0.00044037
112 0.00043856
302 0.000437948
3661 0.00043694
1838 0.000435519
293 0.00043456
767 0.000434333
551 0.000433537
3637 0.000432855
1452 0.000432302
2513 0.000431476
1687 0.000430407
457 0.000430344
1333 0.000429632
254 0.000429373
745 0.000429205
3425 0.00042826
1442 0.000427598
3447 0.000426992
3775 0.000426487
805 0.000426134
705 0.000425793
719 0.000425095
1378 0.000424722
518 0.000424339
1533 0.00042359
140 0.000423084
150 0.0004229
333 0.000422643
242 0.000421592
516 0.000420503
619 0.000418598
486 0.000418311
4033 0.000417331
3992 0.000417181
56 0.000416892
746 0.000416853
1880 0.000414914
3626 0.000414874
903 0.000413934
80 0.000413516
166 0.000412339
3904 0.000412139
2401 0.000412026
3733 0.000411929
3548 0.000411914
64 0.000410765
3537 0.000410335
1787 0.000409933
791 0.000409172
1468 0.000408956
3508 0.000408521
2548 0.000408509
865 0.000407857
187 0.000407647
554 0.000407393
2041 0.000407159
3505 0.000406474
868 0.000406429
3728 0.00040563
2426 0.000405422
3812 0.000405357
3045 0.000404684
653 0.000404656
680 0.000404572
124 0.00040408
3592 0.000403084
46 0.000403049
963 0.000403044
576 0.00040299
3690 0.000402839
3003 0.000402395
3584 0.000401027
3477 0.000400316
1000 0.000400294
3506 0.00039973
277 0.000399604
618 0.000399591
204 0.000399396
3964 0.000399009
189 0.000398935
3710 0.000398582
2838 0.000398377
4003 0.000397006
1601 0.000396787
3565 0.000395872
636 0.000395786
217 0.000395376
3722 0.00039533
4037 0.00039311
3867 0.000393056
1760 0.000392266
24 0.000391869
1137 0.000391503
3952 0.000391337
509 0.00039129
824 0.000391243
3829 0.00039034
1808 0.000390035
1133 0.00038981
3713 0.000389548
152 0.000389486
1822 0.000389317
3950 0.000389226
770 0.000388917
52 0.000388726
1568 0.000387772
1840 0.000387543
625 0.000387256
3691 0.000386483
468 0.000386401
443 0.000386298
584 0.000386221
3560 0.000385135
205 0.00038478
992 0.000384285
2515 0.000383367
3945 0.000382674
3744 0.000382469
3717 0.000382465
1961 0.000382414
162 0.000382114
369 0.000379744
3636 0.00037729
108 0.000375713
938 0.00037565
330 0.000375414
3539 0.000375055
3907 0.000374907
1050 0.000374856
472 0.000374432
678 0.000374063
3793 0.000373847
2997 0.000373831
271 0.000373786
1307 0.000373719
857 0.000373689
2933 0.000373605
747 0.000373358
3871 0.000373251
3596 0.000373012
122 0.000372884
2962 0.0003719
677 0.000371618
3979 0.000371204
322 0.000370058
684 0.000369914
1136 0.00036989
628 0.000369459
3664 0.000368218
816 0.000368092
3402 0.000367586
796 0.000367095
1705 0.00036685
3063 0.000366142
597 0.000364642
1711 0.000364286
3545 0.000363954
3835 0.000363891
3738 0.000363543
3766 0.000363378
3938 0.000362858
247 0.000362763
3698 0.000362369
769 0.000362178
139 0.000362028
269 0.000361409
644 0.000361331
3469 0.000360245
784 0.000360091
4006 0.000358939
3946 0.000358505
3012 0.000358414
1494 0.00035777
3939 0.000357203
2621 0.000356974
697 0.000356712
3529 0.000356519
1493 0.000356181
3781 0.000356098
609 0.000355979
1057 0.000355894
1319 0.000355704
1360 0.000355501
694 0.000355112
3593 0.000355092
9 0.000354967
2788 0.000354851
589 0.000354772
3590 0.000354639
262 0.000354613
2490 0.000354346
3924 0.000354303
21 0.000354001
339 0.000353718
77 0.000353172
4032 0.000352613
603 0.000352119
1055 0.000352026
3906 0.000351967
724 0.00035179
3464 0.00035151
3290 0.000351119
740 0.000351102
958 0.000350747
3641 0.000350713
1905 0.000350433
357 0.000350257
1797 0.000349887
3566 0.000349674
781 0.00034945
220 0.000349394
3680 0.000349379
1252 0.000349355
1896 0.000348695
252 0.000348409
5 0.000348246
688 0.000348114
1232 0.000347929
505 0.000347876
3443 0.000347655
239 0.000347397
2808 0.000347274
3823 0.000347217
3753 0.000347149
3875 0.000347058
202 0.000346713
1371 0.0003467
823 0.000346399
2255 0.000346078
728 0.000346025
3617 0.000345696
3155 0.000345625
3466 0.00034509
3771 0.000344502
1555 0.000344338
26 0.000343923
67 0.000343308
830 0.00034327
3901 0.0003428
3916 0.000341976
695 0.000341741
3659 0.000341457
2885 0.000341346
3634 0.000341162
237 0.000341102
1825 0.000340766
1266 0.000340252
3460 0.000339527
304 0.000338593
2412 0.000338453
2156 0.000338251
3808 0.000338104
88 0.000337284
3956 0.000336784
787 0.000336129
3752 0.000336018
3833 0.000336011
3644 0.000335446
2834 0.000334789
1564 0.000334724
742 0.000334534
3850 0.000334188
51 0.000333151
3633 0.00033244
1441 0.000332311
3758 0.00033225
3558 0.000332053
1676 0.000331641
832 0.000331402
720 0.000330623
3472 0.000330526
1806 0.000330142
1144 0.000330049
1567 0.000329735
1270 0.000329482
622 0.000329458
834 0.000329349
827 0.000329349
1648 0.000328819
3826 0.000328799
2126 0.000328752
908 0.00032861
3711 0.000328606
1387 0.000328478
1174 0.000327676
3495 0.000327268
3761 0.000327162
682 0.000326978
664 0.000326976
3951 0.000326754
3445 0.000326633
3672 0.000326627
61 0.000326286
7 0.000325796
1264 0.000324842
1585 0.000324758
786 0.000324459
1505 0.000324359
3888 0.000324351
83 0.000324212
3077 0.000324006
283 0.000323768
3482 0.000323629
3862 0.00032345
380 0.00032336
1854 0.000323317
3486 0.000323198
154 0.000323017
3300 0.000322968
3694 0.000322663
3794 0.000321486
703 0.000321216
159 0.000320757
3838 0.000320753
793 0.000320459
3568 0.000318754
1486 0.000318741
3368 0.000318595
1511 0.000318399
2466 0.000318396
929 0.000317236
853 0.000316743
631 0.000316658
611 0.000316508
3810 0.00031575
739 0.000315724
3526 0.000315405
499 0.000315166
623 0.000313791
2771 0.000313741
3756 0.000313706
3927 0.000313525
3554 0.000313482
2999 0.000313465
3685 0.000312827
3648 0.000312767
3899 0.000312643
2015 0.00031245
228 0.000312438
170 0.000312237
842 0.000311663
1314 0.000311568
270 0.000311556
3632 0.000311308
1064 0.000311257
848 0.000311205
3256 0.000310966
151 0.000310848
1562 0.000310724
261 0.000310675
3598 0.000310576
1664 0.000310546
531 0.000310472
1701 0.000310093
2431 0.00031005
3822 0.000309586
3653 0.000309235
3608 0.000309193
2634 0.000309098
726 0.000309026
200 0.000308854
890 0.000308545
120 0.000308017
2505 0.000307767
389 0.000307542
790 0.000306857
1960 0.000306635
1087 0.000306286
1297 0.000306192
1615 0.000305755
381 0.000305264
685 0.000304787
329 0.000304534
504 0.000304509
3061 0.000303688
802 0.000303563
800 0.000303512
605 0.00030349
819 0.000303221
1831 0.000303093
2422 0.000302991
76 0.000302804
691 0.000302779
2375 0.000302673
1995 0.000301612
3930 0.000301396
1642 0.000301216
3705 0.000300912
3405 0.000300831
3308 0.000300824
3900 0.000300772
1866 0.000300476
190 0.000300468
1421 0.000300304
734 0.000300197
3612 0.000299807
1212 0.000299713
1410 0.000299636
829 0.000299488
1747 0.000299474
3684 0.000298753
1544 0.000298679
1629 0.000298532
1433 0.000298509
2129 0.000298476
3677 0.000298011
3511 0.000297909
3510 0.000297769
1328 0.000297752
3824 0.000296662
1317 0.000296621
1356 0.000296581
1951 0.00029615
2978 0.000296113
3699 0.000295919
478 0.0002958
2935 0.000295798
280 0.00029573
2049 0.000295599
3619 0.000294962
2789 0.000294832
1171 0.000294439
3468 0.000294361
1910 0.000293714
1936 0.000293022
3586 0.000292578
2173 0.000292263
469 0.000292039
3821 0.000291808
3782 0.000291733
48 0.00029165
2335 0.000291585
3947 0.00029128
31 0.000291171
285 0.000291117
188 0.000290814
315 0.000290788
172 0.000290614
626 0.000290512
1980 0.000289764
1053 0.000289713
1127 0.000289443
869 0.000289333
272 0.000288988
3972 0.00028897
3231 0.000288682
1975 0.000288499
2734 0.000288138
563 0.000288023
612 0.000287693
3615 0.000287169
598 0.00028672
1860 0.000286714
2893 0.000286699
199 0.000286553
2361 0.000286177
3983 0.000286103
633 0.000285971
1295 0.000285946
1974 0.000285791
708 0.000285769
40 0.00028567
203 0.000285591
29 0.000285214
2614 0.00028519
2317 0.000285078
939 0.000285019
2481 0.000284976
3870 0.000284788
727 0.000284774
2364 0.000284631
1814 0.000284569
1157 0.00028442
937 0.00028427
349 0.000284102
3803 0.000283936
1363 0.000283778
3611 0.000283645
846 0.000283594
118 0.000283121
2051 0.000282746
168 0.000282718
2651 0.0002823
2645 0.00028223
2488 0.000282041
3880 0.000281733
3768 0.000281726
2448 0.000281663
1972 0.000281584
3718 0.000281431
1937 0.000281379
1134 0.000280822
422 0.000280559
3869 0.000280192
3915 0.00028015
1599 0.000280081
2160 0.000280006
3816 0.000279844
2767 0.000279828
3969 0.000279777
1703 0.000279613
130 0.000279594
797 0.000279165
753 0.000279154
1731 0.00027859
3604 0.000278551
3139 0.000278337
2724 0.000278258
534 0.000278009
718 0.000277977
3398 0.000277848
376 0.00027749
815 0.000277403
3564 0.0002772
2171 0.00027702
522 0.000276848
3498 0.000276557
859 0.000276435
347 0.000276392
574 0.000276301
3470 0.000276275
2357 0.000275982
1325 0.000275883
2286 0.00027532
1098 0.000275266
98 0.000275187
2397 0.000274915
3643 0.000274832
773 0.000274698
2411 0.000274328
196 0.00027432
3602 0.000274131
3764 0.000274088
323 0.000273942
1162 0.000273754
3392 0.000273663
862 0.0002733
2587 0.000272967
820 0.000272945
2284 0.000272508
1588 0.000272441
2152 0.000272351
3535 0.000272087
3266 0.000271985
2236 0.000271976
2341 0.000271938
361 0.00027185
2657 0.000271481
803 0.000271284
3561 0.000271239
2107 0.000271214
3968 0.000271118
1304 0.000270846
3441 0.000270807
213 0.000270807
2497 0.000270432
82 0.000270283
2371 0.000269848
3735 0.000269819
236 0.000269751
186 0.000269585
1277 0.000269446
3 0.000269228
2178 0.000269181
3891 0.000269003
3640 0.000268957
3488 0.000268854
2922 0.000268851
3779 0.000268836
3872 0.000268707
3931 0.000268614
429 0.000268526
3792 0.000268308
849 0.000268226
795 0.000267616
2570 0.000267398
928 0.000267054
811 0.000267026
57 0.000266957
588 0.000266907
621 0.000266829
752 0.00026676
3569 0.000266174
313 0.000266018
3671 0.000265755
3714 0.000265687
3706 0.000265591
3790 0.000265577
758 0.000265458
1472 0.000265319
3970 0.000265008
1478 0.000264928
3533 0.000264756
2001 0.000264738
850 0.000264351
3778 0.000264234
780 0.000263701
2100 0.000263587
1383 0.000263439
3499 0.000263096
1 0.000263002
3020 0.000263
406 0.000262936
961 0.000262741
3663 0.00026262
1779 0.000262256
2006 0.000262219
1593 0.000262172
666 0.000262087
809 0.00026179
332 0.000261573
1654 0.000261539
2538 0.000261432
466 0.000261279
3840 0.000260997
3483 0.000260829
2693 0.000260808
2453 0.000260778
3804 0.000260691
3525 0.000260423
3719 0.000260318
2839 0.000260172
324 0.000259928
459 0.000259895
766 0.000259819
687 0.000259708
3456 0.000259671
1666 0.000259424
359 0.000259245
2455 0.00025922
596 0.000258911
539 0.000258618
764 0.000258256
1803 0.000258244
1061 0.000258212
2809 0.000257926
2677 0.000257882
3877 0.000257454
575 0.000257388
169 0.00025722
44 0.000257151
129 0.000257113
3815 0.000256668
3057 0.000256427
291 0.000256421
3971 0.000256346
2365 0.000255771
3953 0.000255696
3454 0.000255693
2248 0.000255588
2620 0.000255
1434 0.000254929
3153 0.000254702
3731 0.000254631
3734 0.000254571
1394 0.000253936
755 0.00025354
2228 0.000253164
84 0.000252811
350 0.000252768
533 0.00025273
738 0.000252419
2316 0.000252317
1274 0.000252162
774 0.000251753
142 0.000251736
477 0.000251642
3509 0.000251568
1469 0.000251404
1474 0.000251222
3229 0.000251075
428 0.000250953
1033 0.000250883
754 0.000250825
2726 0.000250759
3263 0.000250683
2342 0.000250605
810 0.000250589
1640 0.000249871
2640 0.000249733
1973 0.000249633
2836 0.000249365
3827 0.000249347
2018 0.000249309
785 0.000248754
455 0.000248541
1749 0.000248521
3555 0.000248471
3674 0.000248434
3583 0.000247974
1990 0.000247818
3948 0.000247755
3769 0.000247728
3227 0.000247712
1998 0.000247527
206 0.000247454
1566 0.000247376
2534 0.000247353
2663 0.000247205
663 0.000247017
373 0.000246941
1919 0.00024636
113 0.000246242
1927 0.000246236
3896 0.000246197
3528 0.000246169
3851 0.000246097
3524 0.000245984
3715 0.000245951
483 0.000245814
3374 0.000245461
1085 0.000245429
792 0.000245352
3366 0.0002452
3269 0.000244718
3621 0.000244696
133 0.000244648
733 0.00024456
3556 0.000244526
547 0.00024451
231 0.000244414
178 0.00024421
2837 0.000244161
3162 0.000243947
2231 0.000243851
3625 0.000243557
1193 0.000243254
3090 0.000243053
799 0.000242894
1186 0.00024274
3532 0.000242671
3019 0.000242213
3501 0.000242185
3010 0.000242116
3187 0.000242083
2668 0.000241793
2503 0.000241716
2146 0.000241688
990 0.000241641
1698 0.000241625
3645 0.000241465
3630 0.00024133
3474 0.00024123
1041 0.000241077
817 0.000240916
696 0.000240751
3514 0.00024072
412 0.000240685
480 0.000240657
3903 0.000240548
3842 0.000240404
847 0.000240351
1259 0.000240284
3449 0.000240244
2120 0.000239682
1709 0.000239667
3327 0.000239571
3726 0.000239368
2632 0.000239199
3080 0.000238894
397 0.000238854
2314 0.000238302
96 0.000238207
3800 0.000238147
2865 0.000238021
73 0.000237943
2024 0.00023777
3248 0.000237737
2648 0.000237491
3802 0.0002374
2022 0.000237375
1537 0.000237319
3605 0.000237143
2202 0.000237122
2441 0.000237103
3081 0.000236965
22 0.00023676
3493 0.000236607
2760 0.000236605
3966 0.00023658
427 0.000235894
3576 0.000235831
2884 0.000235819
2647 0.000235781
1978 0.000235509
657 0.000235501
481 0.000235368
355 0.00023526
3737 0.000234921
158 0.000234858
2841 0.000234455
3412 0.00023441
3458 0.000234121
470 0.000234112
475 0.000233731
325 0.000233713
1784 0.00023371
2951 0.000233352
3222 0.000233174
3577 0.000232757
2851 0.00023178
3542 0.000231649
1696 0.000231531
216 0.000231502
407 0.000231398
1089 0.000231387
783 0.000231351
104 0.000231164
117 0.000231034
2644 0.000230925
3807 0.000230839
807 0.000230803
3601 0.000230711
760 0.000230266
3459 0.000230202
1088 0.000230116
2091 0.000229862
1922 0.000229587
3503 0.000229551
3078 0.00022933
1909 0.000229275
3797 0.000228975
3839 0.000228952
121 0.000228906
3463 0.000228892
2035 0.000228865
342 0.000228711
3001 0.000228665
529 0.000228633
3866 0.000228248
1283 0.00022776
3902 0.000227671
2583 0.000227669
3623 0.000227656
1914 0.000227306
3233 0.000227256
3059 0.000227187
3622 0.000227156
2214 0.000227064
109 0.000226634
3926 0.000226629
2474 0.00022651
2764 0.000226109
2730 0.00022595
2447 0.000225886
3496 0.000225044
1915 0.000224972
1187 0.000224837
2116 0.00022482
3072 0.000224739
779 0.000224476
1719 0.00022447
265 0.000224156
813 0.000224062
163 0.000223944
2004 0.000223931
334 0.000223912
2934 0.00022391
1366 0.000223856
3607 0.000223855
211 0.000223771
3773 0.000223719
3518 0.000223608
419 0.000223565
126 0.000223408
3702 0.000223404
3295 0.000223227
1236 0.000223076
2181 0.000223041
1154 0.000222978
222 0.000222976
433 0.000222951
2728 0.000222945
788 0.000222866
1739 0.000222655
835 0.000222541
1424 0.000222481
1165 0.000222456
917 0.00022227
2405 0.000222221
2061 0.000222112
2577 0.000222098
229 0.000222074
2238 0.000221975
489 0.000221741
679 0.000221675
896 0.000221481
2822 0.000221481
3534 0.000221266
3559 0.000221186
1358 0.000221162
2807 0.000220979
2440 0.000220809
3881 0.000220713
1964 0.000220531
1583 0.00022045
2791 0.000220344
1783 0.000220287
1935 0.000220275
841 0.000220172
2403 0.00022006
3280 0.000220059
3660 0.000219976
1104 0.000219974
838 0.00021975
160 0.000219314
970 0.000219264
2541 0.000219227
1876 0.000218921
2754 0.000218728
2159 0.000218682
508 0.00021858
2378 0.000218111
1023 0.000217937
2628 0.000217607
2192 0.000217422
3772 0.000217267
2027 0.000217202
711 0.000217193
3646 0.000217171
3909 0.000217095
1384 0.000216984
1829 0.000216898
568 0.000216626
321 0.000216436
463 0.000216328
3207 0.000215805
2633 0.000215748
559 0.000215451
3540 0.000215221
2820 0.000215079
748 0.000215058
1178 0.000215021
1725 0.000214989
620 0.000214943
396 0.000214642
814 0.000214564
1337 0.00021455
3673 0.00021454
3855 0.000214185
13 0.000213853
3168 0.000213761
2678 0.000213756
303 0.00021358
3786 0.000213479
3591 0.000213364
3692 0.000213254
354 0.000213197
3095 0.000213162
1234 0.000213152
2225 0.000213119
1345 0.000213033
3965 0.000212932
3130 0.000212869
2382 0.000212836
1785 0.000212835
1628 0.000212826
1268 0.000212704
1958 0.000212345
141 0.000212053
2618 0.000211978
2863 0.000211702
1338 0.000211606
3365 0.00021154
70 0.000211353
2659 0.000210826
510 0.000210814
460 0.00021081
1977 0.000210258
1574 0.000210242
1536 0.000210112
372 0.000209762
3324 0.000209709
1546 0.000209708
294 0.000209546
731 0.000209151
1931 0.000209025
3886 0.000208905
555 0.000208904
156 0.000208789
1353 0.000208783
224 0.000208664
379 0.000208552
1504 0.000208551
3860 0.000208496
1213 0.000208038
3547 0.000208029
2494 0.000207976
3448 0.000207976
845 0.00020785
763 0.000207797
3831 0.000207694
3858 0.000207538
3084 0.000207442
1667 0.000207425
2688 0.000207378
836 0.000206966
3811 0.000206879
3432 0.000206662
450 0.000206491
1462 0.000206405
289 0.000206095
639 0.000205957
185 0.00020582
2697 0.000205782
506 0.000205681
39 0.000205569
3635 0.000205496
2011 0.000205474
2813 0.000205301
3214 0.000205151
1204 0.000205074
3730 0.000204864
62 0.000204754
3557 0.000204656
3440 0.00020437
840 0.000204169
1672 0.000204144
132 0.000203974
1348 0.000203547
3667 0.000203497
3522 0.000203475
2337 0.000203319
985 0.000203217
544 0.000202978
1624 0.000202788
1844 0.000202692
701 0.000202595
513 0.000202553
3515 0.000202521
2360 0.000202356
1192 0.000202332
2957 0.000202126
2627 0.000202125
977 0.0002021
1656 0.000201687
1010 0.000201638
1991 0.000201607
2023 0.000201447
1770 0.000201423
3687 0.000201326
3310 0.000201295
730 0.000201232
238 0.000201196
743 0.000200987
1453 0.000200904
553 0.00020089
1634 0.000200833
3086 0.000200817
3420 0.00020081
1759 0.000200715
3914 0.000200709
1090 0.000200576
3264 0.000200528
2626 0.000200519
3878 0.000200242
2097 0.00020021
2658 0.000200131
148 0.000200123
3426 0.000200072
3873 0.000200068
2089 0.000199706
2786 0.000199598
3369 0.00019956
1070 0.00019951
3770 0.000199496
3176 0.000199414
543 0.000199179
54 0.000199113
1591 0.000199113
3136 0.000198934
1636 0.000198886
3668 0.000198877
3394 0.000198823
1630 0.000198811
1476 0.000198794
232 0.000198638
2944 0.000198526
3929 0.000198411
3721 0.000198373
2265 0.000198369
1326 0.00019827
709 0.00019824
1200 0.000198012
1014 0.000197904
1541 0.000197827
403 0.000197689
3116 0.000197569
1743 0.000197448
2843 0.000197419
808 0.000197177
3895 0.000197167
1415 0.000196918
1248 0.000196901
2656 0.00019683
2585 0.000196691
944 0.000196299
1073 0.000195917
308 0.000195894
2954 0.000195848
974 0.000195724
3507 0.000195694
3937 0.00019567
1251 0.000195525
1459 0.000195463
2899 0.000195455
741 0.000195371
3620 0.000195298
2903 0.000195214
3707 0.000195075
2157 0.000194911
1355 0.000194743
2986 0.000194667
3958 0.000194529
2979 0.000194464
1758 0.000194442
2821 0.000194362
1660 0.00019425
3363 0.000194064
2877 0.00019403
1477 0.000193992
2975 0.000193966
3278 0.000193879
1479 0.000193728
777 0.000193693
3976 0.000193661
2700 0.000193564
3497 0.000193522
2682 0.000193496
3383 0.000193481
2581 0.00019343
3475 0.000193427
1534 0.00019334
716 0.000193272
2193 0.000193263
3099 0.000193179
2358 0.000193083
1957 0.000192891
3884 0.000192697
2277 0.000192662
1641 0.000192639
3178 0.000192627
3154 0.000192589
300 0.000192373
991 0.000192248
778 0.000192031
3241 0.00019193
3750 0.000191915
1322 0.000191647
561 0.000191636
1150 0.000191613
1308 0.000191542
3693 0.000191367
1106 0.000191329
3164 0.000191284
3138 0.000191215
1792 0.000191206
1802 0.00019119
2114 0.00019101
2710 0.000190846
258 0.000190819
431 0.000190793
497 0.000190781
1507 0.000190752
765 0.000190622
3805 0.000190519
3076 0.000190495
831 0.000190304
1531 0.000190208
493 0.000189997
331 0.000189908
964 0.000189881
1450 0.000189736
128 0.000189721
2636 0.000189645
3614 0.000189509
924 0.000189446
2000 0.000189418
525 0.00018941
3550 0.000189385
257 0.000189348
3962 0.000189238
3910 0.000189093
1235 0.000188894
2966 0.000188852
3760 0.000188557
2009 0.000188497
2766 0.000188482
2725 0.000188439
2402 0.000188411
274 0.000188339
1708 0.000188303
3320 0.000188238
507 0.00018819
3941 0.000188169
3588 0.000188162
3221 0.000188085
3651 0.000188034
1726 0.000188034
2373 0.000187939
1518 0.000187914
3424 0.000187867
474 0.000187771
3670 0.000187669
3434 0.000187665
2690 0.000187556
2818 0.000187452
2955 0.000187402
794 0.000187344
87 0.000187184
3232 0.00018715
837 0.000187143
1545 0.000187133
2260 0.000187115
1052 0.000186944
436 0.000186924
1847 0.000186818
3600 0.000186777
1858 0.000186758
85 0.00018662
3428 0.000186541
3893 0.00018654
4034 0.000186428
38 0.000186244
423 0.000186206
72 0.00018619
3285 0.000186145
2738 0.000185973
2696 0.000185819
1072 0.00018581
519 0.000185789
367 0.000185776
3026 0.000185054
1857 0.000184983
59 0.000184955
2639 0.000184737
370 0.000184718
1482 0.000184712
3724 0.000184571
465 0.000184371
3361 0.000184365
3244 0.000184156
3767 0.00018411
435 0.000184086
3002 0.000183959
3275 0.000183944
996 0.000183804
3389 0.000183759
3438 0.00018318
1275 0.000183124
546 0.000183058
2523 0.000182846
1032 0.000182808
2297 0.000182802
942 0.000182781
556 0.000182717
2782 0.000182547
2927 0.000182455
2856 0.000182427
314 0.000182284
704 0.000181742
1611 0.000181642
2694 0.000181577
1670 0.000181575
1893 0.000181456
1576 0.000181406
1231 0.000181404
400 0.000181379
957 0.000181371
3703 0.000181288
1892 0.000181264
3876 0.00018114
2047 0.000180782
1933 0.000180771
2227 0.000180729
1899 0.00018061
2230 0.000180512
3060 0.000180473
517 0.00018035
1495 0.000180324
3104 0.000180317
2459 0.000180238
1298 0.000180168
1131 0.000180063
549 0.000180032
3087 0.000179825
240 0.000179749
2932 0.000179563
500 0.000179532
2898 0.0001795
1934 0.00017926
3841 0.000179197
1594 0.000179185
2540 0.000179152
3246 0.000178977
1013 0.000178903
2769 0.000178752
3101 0.000178727
2910 0.000178475
843 0.000177921
317 0.000177903
1496 0.000177745
1227 0.000177667
3754 0.000177646
2915 0.000177487
246 0.00017744
1011 0.000177396
3631 0.00017733
2827 0.00017725
1347 0.00017715
3543 0.000177124
366 0.000177084
1203 0.000177074
1650 0.00017704
586 0.000176991
2711 0.000176933
1904 0.000176842
2256 0.000176758
1871 0.000176655
3291 0.000176604
1565 0.000176573
3471 0.000176532
1228 0.000176431
3329 0.000176377
930 0.000176356
2904 0.000176251
1109 0.000176223
1968 0.000176196
590 0.000176194
1159 0.000176183
3413 0.000176178
2742 0.000176057
3000 0.000176039
2709 0.00017601
2346 0.000175841
3491 0.000175812
2082 0.00017555
1729 0.000175515
2683 0.000175492
515 0.000175472
923 0.000175447
2829 0.000175398
3780 0.000175396
1976 0.000175337
1525 0.000175242
1596 0.000175208
374 0.0001752
2291 0.000175173
1168 0.000175144
1911 0.000175131
413 0.000175094
1148 0.000175061
3784 0.000174905
2105 0.000174728
2716 0.000174635
567 0.000174542
1549 0.000174495
3609 0.000174265
2025 0.000174217
3103 0.000174172
1443 0.000173888
2890 0.000173855
3279 0.000173739
2757 0.000173632
3385 0.000173618
3143 0.000173604
580 0.000173603
3642 0.000173594
3137 0.00017358
387 0.000173533
1921 0.000173505
1318 0.000173443
2562 0.000173432
2706 0.000173084
950 0.000172896
2758 0.000172765
1786 0.000172754
2784 0.000172634
1161 0.000172619
3462 0.000172574
3255 0.000172547
2667 0.000172386
2870 0.000172361
3302 0.00017222
2755 0.000172196
353 0.000172032
456 0.00017181
2857 0.000171705
1261 0.000171662
3922 0.000171592
520 0.000171542
2826 0.000171467
2197 0.000171451
3196 0.000171423
3157 0.000171414
2795 0.000171322
2943 0.000171281
362 0.000171128
557 0.000171105
3627 0.00017101
538 0.000170914
2514 0.000170825
438 0.000170445
3371 0.000170433
1824 0.000170327
1020 0.000170264
1260 0.0001701
2916 0.000170084
3480 0.000169954
3132 0.000169921
2960 0.0001699
2925 0.000169859
1552 0.00016965
1908 0.000169461
2424 0.000169439
943 0.000169382
2868 0.000169373
3346 0.00016937
1894 0.000169363
3678 0.000169266
1661 0.000169146
3331 0.000169115
987 0.000169026
2669 0.000168997
2661 0.000168969
378 0.000168961
3056 0.000168878
645 0.000168742
587 0.000168676
2739 0.000168567
3882 0.000168552
1702 0.000168549
212 0.000168506
1189 0.000168282
2660 0.000168233
395 0.000168079
667 0.000168059
1742 0.000167898
161 0.000167893
1051 0.000167873
30 0.000167829
524 0.000167785
2858 0.000167763
2778 0.000167723
3343 0.000167625
1694 0.000167533
1715 0.000167526
363 0.000167474
2906 0.000167305
404 0.000167278
2911 0.000167239
2679 0.000167192
1766 0.000167164
1332 0.000166996
3859 0.000166938
1249 0.000166854
3828 0.000166785
1626 0.000166751
1431 0.000166745
3177 0.00016662
3763 0.000166613
1082 0.000166444
1695 0.000166397
1019 0.000166292
1923 0.000166175
2888 0.000166099
452 0.00016592
3114 0.000165642
45 0.000165599
2729 0.000165551
1762 0.000165514
1445 0.000165511
391 0.000165482
2831 0.000165478
1080 0.000165477
3274 0.000165423
2133 0.00016537
3051 0.000165323
1573 0.00016531
3054 0.000165276
2772 0.000165261
3333 0.000165251
3349 0.00016525
1862 0.000165198
223 0.000165176
248 0.000165092
2780 0.000165079
3303 0.000164957
3573 0.000164868
123 0.000164809
105 0.000164729
1258 0.000164708
1748 0.000164693
637 0.000164576
295 0.000164377
3273 0.000164362
3362 0.000164273
3245 0.000164261
3317 0.000164181
3485 0.000164067
3563 0.000164067
1113 0.000164036
3417 0.000163896
2793 0.000163841
35 0.000163631
382 0.000163601
2867 0.000163521
1427 0.000163312
3048 0.000163247
3396 0.000163102
492 0.00016296
660 0.000162815
1756 0.000162743
3977 0.00016273
3818 0.000162726
462 0.000162725
1655 0.000162711
1529 0.000162676
3027 0.000162634
3062 0.000162541
2406 0.000162336
772 0.000162315
931 0.0001623
432 0.000162221
146 0.000162193
1645 0.000162121
3410 0.000161991
2803 0.000161937
1428 0.000161812
3666 0.000161725
1716 0.00016163
1944 0.000161587
693 0.000161558
1820 0.000161551
948 0.00016132
3656 0.000161153
3387 0.000161153
2913 0.000161119
706 0.000161079
3032 0.000161025
3940 0.000161012
3013 0.000160997
3082 0.000160919
3299 0.000160773
3242 0.000160763
3140 0.000160638
1188 0.000160628
1306 0.000160446
1139 0.000160314
1102 0.000160264
649 0.00016023
1426 0.000160031
3033 0.000159842
3107 0.000159689
548 0.000159682
826 0.000159587
27 0.000159227
1502 0.000159225
1999 0.000159124
134 0.000159088
1099 0.000158978
1067 0.000158951
2800 0.000158927
1500 0.000158832
570 0.000158788
2211 0.00015863
3270 0.000158622
542 0.000158309
3360 0.000158189
3267 0.000158135
3762 0.000158113
3011 0.000158049
3145 0.00015799
1320 0.000157951
672 0.000157859
434 0.000157742
165 0.000157722
1100 0.000157685
2928 0.000157599
1616 0.000157488
2251 0.000157425
1704 0.000157409
762 0.0001574
1357 0.000157379
2517 0.000157238
1419 0.000157032
311 0.000156966
646 0.000156858
2727 0.000156789
3038 0.000156769
3150 0.000156557
410 0.00015655
176 0.000156399
1299 0.000156397
723 0.000156391
408 0.000156383
655 0.000156354
2872 0.000156047
2715 0.000155956
2969 0.000155801
1800 0.000155759
3211 0.000155756
1225 0.000155697
3052 0.000155633
344 0.000155592
722 0.000155579
2848 0.00015556
402 0.000155559
651 0.000155472
3119 0.000155435
1094 0.000155344
2849 0.000155175
2909 0.000155071
1058 0.00015507
2068 0.000155069
3890 0.000155031
2993 0.000155018
3450 0.000154953
2866 0.000154892
2718 0.000154863
1321 0.000154727
3345 0.000154692
1349 0.000154653
1732 0.000154589
50 0.000154444
1815 0.000154367
3307 0.000154326
3190 0.000154271
1273 0.000154245
1373 0.000154187
3845 0.000154179
1301 0.000154083
3517 0.000154026
360 0.000153961
2952 0.000153787
951 0.000153743
3330 0.000153734
2119 0.000153711
1379 0.000153595
3777 0.000153577
3252 0.000153399
3683 0.000153352
1569 0.000153147
2881 0.000153145
2322 0.000153072
1169 0.000152942
490 0.000152933
2036 0.000152908
2781 0.000152905
737 0.000152857
528 0.000152762
2031 0.000152757
3156 0.000152747
1237 0.000152731
1497 0.000152606
2956 0.000152602
1475 0.000152521
3356 0.000152519
1005 0.000152468
2566 0.000152467
1882 0.000152374
2964 0.000152315
3144 0.000152134
2833 0.000152126
2918 0.000152125
3328 0.000152094
2846 0.000151934
3936 0.000151746
1835 0.000151727
3236 0.000151715
398 0.000151633
2111 0.000151594
417 0.00015154
1396 0.000151443
2435 0.00015136
3188 0.00015127
3785 0.000151254
2735 0.000151242
3223 0.000151024
345 0.000151022
439 0.000150986
1077 0.000150958
106 0.000150954
75 0.000150906
3512 0.000150814
3017 0.000150796
2233 0.000150775
1751 0.000150751
3030 0.000150729
3411 0.000150665
3152 0.000150322
3173 0.000150322
340 0.000150227
3096 0.000150204
3397 0.000150184
3272 0.000150148
3527 0.00015012
523 0.000150079
3293 0.000150076
1691 0.000150017
1878 0.00014995
1924 0.000149895
3312 0.000149876
3348 0.000149824
2610 0.000149674
1448 0.000149669
973 0.000149653
1671 0.000149644
606 0.000149438
3005 0.000149409
514 0.000149368
368 0.000149345
3834 0.000149331
1114 0.000149324
1527 0.000149313
1221 0.000149271
2328 0.00014919
1342 0.000149176
2763 0.0001491
634 0.000149062
1155 0.000148975
1647 0.000148872
2968 0.000148834
3350 0.000148754
3219 0.000148657
409 0.000148587
981 0.000148522
445 0.00014851
2994 0.000148484
756 0.000148431
1794 0.000148239
235 0.00014815
2961 0.000148009
1343 0.000147928
1681 0.000147835
3182 0.000147808
566 0.000147806
941 0.000147645
1226 0.000147622
1674 0.000147588
1129 0.000147521
2388 0.000147475
2880 0.00014742
2676 0.000147095
458 0.000147017
1686 0.000146983
2333 0.000146943
1949 0.000146888
1372 0.000146754
3817 0.000146701
1008 0.000146699
415 0.000146629
3934 0.000146474
2318 0.000146377
2812 0.000146373
1167 0.000146366
444 0.000146281
3298 0.000146185
2713 0.000146184
3022 0.000146149
3113 0.000146148
3339 0.000146065
3201 0.00014606
2750 0.000146053
1633 0.000145882
2289 0.000145751
2085 0.000145723
690 0.000145718
2685 0.00014561
484 0.000145534
2066 0.000145352
3198 0.000145323
1066 0.000145313
2901 0.00014531
3258 0.000145242
1768 0.000145076
65 0.000145066
297 0.000145049
1515 0.00014493
3689 0.000144905
2777 0.000144873
3042 0.000144869
3452 0.000144855
3108 0.000144841
3165 0.000144833
1587 0.000144806
1035 0.000144767
479 0.000144737
2814 0.000144697
3209 0.000144584
3159 0.000144412
491 0.000144406
2941 0.000144327
3208 0.000144304
3050 0.000144162
1037 0.000144141
3344 0.000143973
1036 0.00014381
1282 0.000143752
1888 0.000143681
2050 0.000143672
3572 0.000143664
2873 0.000143614
2988 0.000143602
3167 0.000143517
3297 0.000143504
3174 0.000143501
1310 0.000143451
1807 0.000143436
3944 0.000143433
3913 0.000143177
3185 0.00014301
3578 0.000142998
1093 0.000142974
2894 0.000142927
2702 0.000142855
2923 0.000142818
844 0.000142778
1680 0.000142777
496 0.000142773
3184 0.000142699
3697 0.000142661
1284 0.000142654
3403 0.000142597
2779 0.000142566
3347 0.000142526
1781 0.000142518
1141 0.000142428
2689 0.00014239
449 0.000142364
3205 0.000142358
1713 0.000142006
1179 0.000141968
1122 0.000141946
3025 0.000141788
1062 0.000141734
3852 0.000141721
2117 0.000141657
2748 0.000141584
1678 0.000141569
1217 0.000141524
3658 0.00014139
1038 0.000141374
3158 0.000141303
2864 0.000141168
3064 0.000141096
1673 0.000140956
3388 0.000140916
2087 0.000140877
545 0.000140837
3978 0.000140827
821 0.000140792
2425 0.000140766
3342 0.000140753
2145 0.000140744
2895 0.000140702
3068 0.000140456
1121 0.00014042
2948 0.000140368
1730 0.000140284
69 0.000140195
1901 0.000140158
936 0.000140004
2416 0.000139958
276 0.000139905
3124 0.000139828
2773 0.000139815
1021 0.000139808
700 0.000139676
3186 0.000139666
2832 0.000139516
485 0.000139453
1315 0.00013943
2081 0.000139145
1625 0.000139135
3046 0.000139089
2937 0.000139026
16 0.000139019
2384 0.000138931
3226 0.000138797
1692 0.000138784
1423 0.000138706
405 0.000138698
473 0.000138655
2745 0.000138617
2664 0.000138616
900 0.000138579
3284 0.000138506
2283 0.00013839
1553 0.000138346
3494 0.000138257
421 0.000138103
503 0.000138067
1801 0.000138059
2761 0.000137841
3193 0.00013784
2920 0.000137394
2162 0.000137255
2759 0.000137246
2070 0.000137242
1763 0.000137138
2775 0.000136766
3321 0.000136651
1369 0.000136623
3172 0.000136551
3067 0.000136535
2719 0.000136517
1166 0.000136402
55 0.000136368
2686 0.000136288
2749 0.000136231
2905 0.000136197
2980 0.000136155
3212 0.000135959
2936 0.000135942
1903 0.000135911
1425 0.000135862
2080 0.000135738
316 0.000135496
2270 0.000135415
536 0.000135338
2130 0.000135305
915 0.000135299
1406 0.00013527
2187 0.000135239
1492 0.000135222
2443 0.000135217
2325 0.000135141
1841 0.000135127
3431 0.000135066
3259 0.000135064
3075 0.000135053
1839 0.000135015
975 0.000134976
3234 0.000134938
3065 0.000134935
1309 0.000134909
2665 0.000134861
1440 0.000134847
1210 0.000134738
2790 0.000134733
1773 0.000134714
1382 0.000134569
1827 0.000134568
3484 0.000134562
1390 0.000134535
2854 0.000134467
812 0.000134444
2008 0.0001344
2806 0.000134395
2054 0.000134318
3461 0.000134315
3079 0.000134231
1311 0.000134186
2138 0.000134103
3265 0.000133984
1663 0.00013397
3035 0.000133964
1464 0.000133937
2810 0.000133913
562 0.000133892
2674 0.000133772
986 0.00013377
1120 0.000133745
3277 0.000133664
2996 0.000133608
2973 0.000133534
2731 0.000133486
1199 0.000133409
2698 0.000133405
1346 0.000133342
3069 0.000133175
2869 0.000133147
3618 0.000133136
1543 0.000132934
2199 0.000132925
1559 0.000132828
2282 0.000132822
1584 0.000132793
2675 0.000132791
3341 0.000132723
1828 0.000132719
2744 0.000132695
3073 0.000132648
1473 0.000132573
2756 0.000132515
1292 0.000132499
2945 0.000132454
751 0.000132434
1432 0.000132431
3294 0.000132337
1455 0.000132322
2247 0.000132264
3589 0.000132176
1582 0.000132124
3253 0.000132048
1142 0.000132043
3276 0.000131832
971 0.000131691
298 0.000131642
2847 0.000131588
341 0.000131567
2029 0.000131497
1970 0.000131451
1229 0.000131442
2815 0.00013138
2939 0.000131366
3106 0.000131308
3340 0.000131269
3194 0.000131192
1294 0.000131125
3161 0.000131082
3036 0.000131053
3171 0.000131049
2099 0.000131023
2296 0.000131022
913 0.000131014
710 0.000130962
279 0.000130958
2785 0.000130931
3795 0.000130907
2158 0.000130789
1744 0.000130659
1706 0.000130283
2958 0.000130252
2666 0.000130019
3335 0.000130001
3169 0.000129988
418 0.000129857
699 0.000129825
2598 0.000129725
2708 0.000129604
920 0.000129424
965 0.000129418
3654 0.00012936
1418 0.000129239
2892 0.000129233
3034 0.000129175
3395 0.000129138
3191 0.000129133
1881 0.000129078
1677 0.000129065
1872 0.000129051
3240 0.000128959
3179 0.000128932
2188 0.000128884
3237 0.000128794
3089 0.000128744
2931 0.00012872
2882 0.000128715
2819 0.000128598
3520 0.00012833
1938 0.000128325
2825 0.000128308
66 0.000128292
2093 0.000128026
3843 0.000128018
2874 0.000127829
1610 0.000127771
2662 0.000127717
2088 0.000127699
3332 0.000127684
537 0.000127566
3189 0.00012753
3681 0.000127529
1158 0.000127472
3406 0.000127436
560 0.000127411
1850 0.000127403
3146 0.00012739
1211 0.000127381
1001 0.000127312
3098 0.000127275
1818 0.000127085
721 0.000126896
1487 0.000126869
2787 0.000126821
1540 0.00012682
530 0.000126731
2525 0.000126662
3755 0.00012664
1512 0.000126438
2871 0.000126427
1943 0.000126419
998 0.000126377
2480 0.000126222
1126 0.000126207
1454 0.000126172
1699 0.000126159
3239 0.000126156
2914 0.000126152
3832 0.000126126
3029 0.000126078
2940 0.000126072
3943 0.000125974
2507 0.000125897
494 0.000125871
2206 0.000125857
2266 0.000125822
1352 0.000125822
1833 0.000125816
2347 0.000125758
1446 0.000125674
3688 0.000125633
949 0.000125597
3973 0.000125518
2226 0.000125472
735 0.000125462
3111 0.000125427
425 0.00012522
1740 0.000125196
3195 0.00012519
3741 0.000125155
591 0.00012508
2919 0.00012506
2410 0.00012504
1767 0.000124996
1429 0.000124961
2743 0.000124947
3959 0.000124946
593 0.000124933
1928 0.000124883
759 0.000124875
1865 0.000124833
604 0.000124829
1950 0.00012476
2209 0.000124697
2921 0.000124668
2038 0.000124616
3016 0.000124529
502 0.000124461
2182 0.00012434
2242 0.000124282
2510 0.000124263
1926 0.000124233
540 0.000124068
461 0.000124058
3043 0.000124057
2150 0.00012394
3377 0.000123847
1327 0.00012379
3041 0.000123753
426 0.000123697
3351 0.000123595
1086 0.000123543
2637 0.000123514
1577 0.000123465
3085 0.000123464
1778 0.000123429
1354 0.000123369
1408 0.00012335
933 0.000123259
2224 0.000123215
1183 0.00012315
2222 0.000123146
3430 0.000122987
2736 0.000122894
1514 0.000122834
2971 0.000122798
430 0.000122775
2896 0.000122752
3400 0.000122747
3574 0.000122739
3044 0.000122707
3422 0.000122681
3225 0.00012259
3247 0.000122518
3381 0.000122471
1009 0.000122439
1257 0.000122416
318 0.000122364
962 0.000122343
2970 0.000122156
2071 0.00012214
558 0.000122032
1906 0.000122022
3373 0.000121879
1108 0.000121819
3254 0.000121699
392 0.000121692
3257 0.000121691
3326 0.000121657
3018 0.00012148
1561 0.000121467
2762 0.000121419
3261 0.000121389
268 0.000121319
1018 0.000121284
527 0.000121255
3415 0.000121235
2828 0.000121177
2929 0.000121158
1461 0.000121085
3404 0.000121082
3292 0.000121067
3384 0.000121036
1869 0.000121017
2336 0.000120657
2345 0.00012037
2950 0.000120312
2823 0.000120281
1897 0.000120274
136 0.000120126
1965 0.000120105
3416 0.00012005
2765 0.00012004
2801 0.000120027
3457 0.000120017
3582 0.000119977
3220 0.000119925
1444 0.000119893
1913 0.000119879
352 0.000119761
2240 0.000119726
2985 0.000119676
138 0.000119655
2967 0.000119653
2174 0.000119587
3301 0.000119535
3149 0.000119482
1244 0.000119431
3287 0.000119367
946 0.000119351
3736 0.000119342
2141 0.00011933
1256 0.000119306
290 0.000119217
3262 0.000119215
1746 0.000119173
3213 0.000119136
2153 0.0001191
1612 0.000119021
905 0.000118923
641 0.000118841
1498 0.000118783
1078 0.000118775
1413 0.000118747
2853 0.000118654
3110 0.000118625
2223 0.000118599
2123 0.000118586
3435 0.00011855
1945 0.00011855
2912 0.000118513
3133 0.000118436
1422 0.000118365
2946 0.000118357
715 0.000118319
1170 0.000118143
1412 0.000118108
1852 0.00011797
3100 0.000117968
3118 0.000117961
1471 0.000117936
993 0.000117919
2840 0.000117887
3353 0.000117851
2201 0.000117781
1551 0.000117781
2992 0.000117755
338 0.00011773
761 0.000117709
3288 0.000117655
3419 0.000117525
898 0.000117523
2404 0.000117406
1190 0.000117347
1501 0.000117326
3942 0.0001172
3004 0.000117176
2324 0.000117146
2172 0.000117133
3732 0.000117094
1959 0.000117089
2752 0.000117017
2143 0.000116802
2797 0.000116754
1215 0.00011662
487 0.000116535
683 0.000116489
1303 0.000116356
1649 0.000116296
1279 0.000116284
2741 0.000116279
3433 0.000116239
1015 0.000116062
3409 0.000116045
221 0.000116026
1526 0.000115991
2642 0.000115964
1946 0.000115931
2176 0.000115927
512 0.000115922
2302 0.000115841
2072 0.000115816
191 0.000115728
2471 0.000115707
968 0.000115691
1296 0.000115629
1727 0.000115588
2641 0.00011558
1025 0.000115402
482 0.000115375
1184 0.000115324
3217 0.000115311
2413 0.000115305
2557 0.000115164
3049 0.000115163
3015 0.000115156
1550 0.000115072
375 0.000115043
1065 0.000115027
2747 0.000115015
1817 0.000114975
2862 0.00011488
2090 0.000114752
914 0.000114688
511 0.000114677
1374 0.000114671
3102 0.000114647
3315 0.000114588
1873 0.000114537
1613 0.000114451
2344 0.000114396
388 0.000114369
1718 0.000114281
2292 0.000114269
2625 0.000114207
420 0.000114146
535 0.000114109
2340 0.000114062
2543 0.000114025
2990 0.000113924
103 0.000113866
394 0.00011377
495 0.000113739
3142 0.000113732
2684 0.000113705
3097 0.000113568
902 0.000113455
1324 0.000113443
2394 0.000113383
969 0.000113336
1941 0.000113292
3796 0.000113125
2511 0.000113122
3305 0.000113118
2327 0.000113071
1438 0.000113071
3260 0.000112957
471 0.000112932
1848 0.000112906
2976 0.000112859
1948 0.00011285
3575 0.000112809
2334 0.000112754
3316 0.000112739
2989 0.000112681
1245 0.000112646
2720 0.000112608
2938 0.000112597
1589 0.000112477
1859 0.000112476
2139 0.000112475
3492 0.000112454
3070 0.000112442
3047 0.000112316
1300 0.00011228
3014 0.00011226
1621 0.000112147
3023 0.000112021
1557 0.000111945
2672 0.000111929
2592 0.000111919
1006 0.000111911
2183 0.000111879
2102 0.000111808
2844 0.000111796
2649 0.000111767
2184 0.000111725
1140 0.000111714
2278 0.000111689
267 0.000111464
3215 0.000111383
1246 0.000111319
2680 0.000111306
3313 0.00011129
1247 0.000111236
3364 0.000111082
541 0.000111039
2965 0.000111008
3021 0.000110975
2883 0.000110945
2309 0.000110898
2768 0.00011083
2312 0.00011078
3352 0.000110718
2078 0.000110589
2142 0.000110489
1668 0.000110433
3129 0.000110329
2875 0.000110302
2796 0.00011017
3386 0.000110161
2272 0.000110039
3337 0.00011002
1223 0.000110015
2409 0.000110003
1606 0.000109905
976 0.000109873
3123 0.000109864
2603 0.00010986
2560 0.000109852
2617 0.000109768
2590 0.000109747
2607 0.00010973
2751 0.000109689
2984 0.000109576
669 0.000109446
1622 0.000109382
3552 0.000109334
3249 0.000109318
1117 0.000109254
2464 0.000109242
2707 0.00010915
1405 0.000109132
2166 0.000109108
1377 0.000109102
2924 0.000108955
3148 0.00010877
1761 0.000108758
1707 0.000108755
2235 0.000108728
2112 0.000108698
2794 0.000108679
2452 0.000108657
2974 0.000108641
1404 0.000108613
3206 0.000108594
3358 0.000108587
2351 0.000108497
2014 0.000108489
2149 0.000108481
1575 0.000108478
2377 0.000108462
1947 0.000108381
3166 0.00010837
3024 0.000108367
2279 0.000108309
3393 0.00010829
2555 0.00010819
925 0.00010818
2460 0.000108156
1456 0.000108151
2125 0.00010814
2053 0.000108015
2845 0.00010784
1503 0.000107748
3224 0.000107725
1682 0.000107695
1679 0.000107619
954 0.000107598
3135 0.000107591
2545 0.00010747
2016 0.00010745
2419 0.000107376
1060 0.000107341
3429 0.000107324
2366 0.00010727
3289 0.000107236
3357 0.000107216
1982 0.000107196
2897 0.000107176
1780 0.000107142
1220 0.000107129
2148 0.000106942
1516 0.000106903
2028 0.000106896
940 0.000106739
3197 0.00010669
1042 0.000106648
1985 0.000106589
2045 0.000106498
2611 0.000106458
2229 0.000106455
1281 0.000106442
2323 0.000106402
1081 0.000106344
3378 0.000106332
2859 0.000106296
2593 0.000106284
2723 0.000106133
3120 0.000106116
1983 0.000106087
2369 0.000106048
3040 0.000106013
2783 0.000105981
3355 0.000105925
446 0.000105904
2526 0.000105887
1391 0.000105796
1508 0.000105765
2876 0.000105755
1966 0.000105716
1809 0.000105596
1598 0.000105476
3175 0.00010543
2020 0.000105428
1115 0.000105258
1662 0.000105249
2200 0.00010512
1930 0.000105083
3414 0.000104967
2438 0.000104939
3203 0.000104931
2434 0.000104879
1799 0.000104778
1238 0.000104778
488 0.000104738
2132 0.000104716
2991 0.000104714
2712 0.000104653
1813 0.000104644
3359 0.000104583
988 0.000104581
614 0.000104555
2687 0.000104514
2339 0.000104499
2290 0.000104376
3007 0.000104357
1250 0.000104357
2118 0.000104199
2602 0.000104143
2604 0.00010411
2374 0.00010411
2408 0.000104093
2332 0.000104076
2878 0.000103952
2947 0.000103824
1993 0.000103763
1720 0.000103708
3058 0.00010363
2652 0.000103612
2717 0.000103582
3286 0.000103544
1331 0.00010348
2221 0.000103479
2531 0.000103392
3088 0.000103373
2516 0.000103254
1728 0.000103198
1367 0.000103185
2542 0.000102871
916 0.000102871
1435 0.00010284
1416 0.000102819
2553 0.000102647
3390 0.00010258
3210 0.000102543
2155 0.000102482
3889 0.000102461
2887 0.000102334
3418 0.000102328
1399 0.000102294
2196 0.000102213
3304 0.000102039
2250 0.000102006
935 0.00010197
2953 0.000101941
2616 0.000101927
1447 0.00010191
1955 0.0001019
2463 0.000101859
2995 0.00010181
2629 0.000101733
2520 0.000101664
2549 0.000101518
1385 0.000101353
2492 0.000101351
2012 0.000101265
2232 0.000101242
1812 0.000101205
1095 0.000101183
2428 0.000101131
3399 0.000101026
2594 0.0001009
2268 0.000100892
2356 0.000100756
1570 0.00010067
1488 0.000100665
1017 0.000100591
2095 0.000100541
1604 0.000100499
2564 0.000100477
3204 0.000100335
2381 0.000100306
3603 0.000100211
982 0.000100178
2294 9.99259e-05
2673 9.98933e-05
2073 9.98786e-05
2059 9.98716e-05
1592 9.98083e-05
1255 9.96301e-05
2981 9.95978e-05
2608 9.95623e-05
3093 9.95502e-05
1602 9.94872e-05
1804 9.9434e-05
2588 9.94233e-05
2319 9.94058e-05
1376 9.93781e-05
1316 9.93593e-05
2376 9.92631e-05
2601 9.9184e-05
1313 9.9163e-05
3296 9.89929e-05
3334 9.89893e-05
2414 9.89788e-05
2907 9.88912e-05
1870 9.88049e-05
1578 9.87313e-05
2701 9.85351e-05
1745 9.84806e-05
2389 9.84517e-05
980 9.8396e-05
2338 9.81706e-05
1241 9.81122e-05
2103 9.80971e-05
1717 9.80714e-05
1867 9.80591e-05
2461 9.79887e-05
2551 9.79859e-05
1420 9.79757e-05
2140 9.79442e-05
1146 9.7913e-05
1635 9.78598e-05
3109 9.76307e-05
1929 9.76069e-05
3421 9.75314e-05
2753 9.73458e-05
2977 9.72835e-05
1400 9.7222e-05
2203 9.72093e-05
1845 9.71797e-05
3281 9.71784e-05
1600 9.71693e-05
2830 9.71607e-05
2436 9.69873e-05
1350 9.69674e-05
2124 9.69673e-05
1153 9.69363e-05
2597 9.69126e-05
3788 9.69112e-05
2064 9.68279e-05
2433 9.66736e-05
440 9.64558e-05
2619 9.6448e-05
3039 9.64391e-05
1884 9.63686e-05
880 9.63673e-05
2092 9.63551e-05
984 9.63203e-05
2030 9.63101e-05
2101 9.60513e-05
1920 9.60467e-05
2737 9.59581e-05
3238 9.58417e-05
1791 9.58294e-05
1436 9.58226e-05
2714 9.57987e-05
183 9.57971e-05
2194 9.57803e-05
2135 9.57681e-05
2307 9.57548e-05
2451 9.57452e-05
2584 9.57396e-05
2643 9.57296e-05
2509 9.5717e-05
2169 9.57072e-05
2423 9.54646e-05
3306 9.54306e-05
2612 9.54167e-05
2500 9.53936e-05
2430 9.53429e-05
2218 9.52115e-05
1863 9.52066e-05
1631 9.51749e-05
3319 9.50919e-05
1031 9.49561e-05
2372 9.47764e-05
2475 9.46727e-05
2398 9.46632e-05
1603 9.4623e-05
2180 9.46085e-05
2399 9.46001e-05
1344 9.45796e-05
1449 9.45761e-05
1595 9.45451e-05
1370 9.45126e-05
978 9.44461e-05
2060 9.44273e-05
2189 9.43902e-05
451 9.43376e-05
2244 9.42749e-05
2370 9.42649e-05
2032 9.42585e-05
416 9.42571e-05
2352 9.41947e-05
2362 9.40128e-05
2733 9.39701e-05
1558 9.39665e-05
1481 9.39662e-05
1738 9.39624e-05
2326 9.37761e-05
2304 9.36304e-05
1714 9.3532e-05
4035 9.35304e-05
1579 9.34833e-05
1932 9.3457e-05
2498 9.34274e-05
2770 9.33292e-05
2262 9.33081e-05
1752 9.32908e-05
3151 9.32887e-05
1757 9.32686e-05
2257 9.32577e-05
2355 9.31313e-05
2567 9.31089e-05
2052 9.30934e-05
1330 9.30924e-05
1012 9.30833e-05
2074 9.30741e-05
1917 9.2985e-05
995 9.29045e-05
1059 9.28941e-05
1979 9.28764e-05
1044 9.28343e-05
744 9.27868e-05
2529 9.27584e-05
1658 9.27415e-05
1646 9.26683e-05
2348 9.26648e-05
3117 9.2645e-05
2586 9.26059e-05
3379 9.25302e-05
3160 9.25181e-05
569 9.25067e-05
1034 9.24387e-05
1024 9.23399e-05
2019 9.23108e-05
2942 9.22034e-05
2537 9.22003e-05
1736 9.21863e-05
1522 9.21863e-05
1185 9.21863e-05
3380 9.21581e-05
2987 9.21319e-05
1688 9.20768e-05
1489 9.2061e-05
2491 9.20438e-05
1790 9.1994e-05
1916 9.19782e-05
2646 9.19652e-05
1329 9.19505e-05
1361 9.19456e-05
2186 9.19426e-05
3192 9.19334e-05
989 9.17569e-05
2007 9.17452e-05
1986 9.17013e-05
3009 9.1603e-05
1007 9.14853e-05
2037 9.14839e-05
2482 9.1405e-05
1962 9.13712e-05
3865 9.12937e-05
897 9.12801e-05
2400 9.12366e-05
2367 9.12365e-05
1885 9.11945e-05
1151 9.11639e-05
2900 9.11214e-05
4015 9.10663e-05
1465 9.10377e-05
4008 9.10266e-05
3984 9.10221e-05
1490 9.09983e-05
2002 9.09593e-05
2246 9.08989e-05
1467 9.08472e-05
2600 9.08144e-05
2063 9.07805e-05
10 9.07507e-05
2331 9.05054e-05
2131 9.05054e-05
2069 9.04934e-05
2308 9.01889e-05
2154 9.01698e-05
3436 9.01264e-05
919 9.00881e-05
1571 8.98486e-05
4010 8.98004e-05
4022 8.97976e-05
2013 8.97645e-05
1954 8.97462e-05
1830 8.97018e-05
1004 8.96863e-05
4024 8.968e-05
960 8.96774e-05
1520 8.96521e-05
2582 8.96375e-05
1392 8.96248e-05
2891 8.95983e-05
1855 8.95614e-05
1879 8.95512e-05
2005 8.95274e-05
2267 8.9513e-05
1132 8.95093e-05
1609 8.94642e-05
1269 8.94023e-05
565 8.93714e-05
2624 8.93131e-05
629 8.92925e-05
1638 8.92923e-05
2655 8.92371e-05
1971 8.91613e-05
2363 8.8977e-05
2271 8.88405e-05
2390 8.86183e-05
448 8.85966e-05
2075 8.85752e-05
3228 8.85042e-05
3391 8.84671e-05
2705 8.84519e-05
1230 8.82944e-05
1107 8.82933e-05
1853 8.82532e-05
1222 8.82037e-05
1312 8.82014e-05
1883 8.81436e-05
2395 8.8096e-05
922 8.79502e-05
854 8.78824e-05
2033 8.78064e-05
2556 8.77738e-05
2546 8.77738e-05
1984 8.77552e-05
2998 8.75694e-05
3115 8.74725e-05
2835 8.73347e-05
2243 8.72952e-05
2128 8.7223e-05
1128 8.71365e-05
1409 8.70438e-05
2638 8.70266e-05
2539 8.70173e-05
1076 8.69811e-05
601 8.69443e-05
3467 8.6908e-05
1665 8.68506e-05
1849 8.68229e-05
1521 8.68185e-05
2393 8.67391e-05
305 8.67258e-05
2418 8.66616e-05
2253 8.66478e-05
2040 8.6611e-05
2578 8.65559e-05
1907 8.64997e-05
2654 8.64871e-05
79 8.63692e-05
2501 8.61128e-05
1451 8.61109e-05
1214 8.60456e-05
2039 8.6031e-05
1793 8.60264e-05
1101 8.59349e-05
2343 8.59141e-05
906 8.5868e-05
1483 8.5843e-05
2396 8.57984e-05
953 8.57661e-05
1940 8.57595e-05
2485 8.57331e-05
1528 8.56862e-05
3686 8.56431e-05
648 8.56337e-05
2241 8.55497e-05
521 8.53098e-05
1722 8.50018e-05
1764 8.489e-05
1523 8.48028e-05
2161 8.4776e-05
1981 8.4772e-05
2368 8.47623e-05
2681 8.47445e-05
1123 8.47438e-05
1805 8.47036e-05
2067 8.4683e-05
2458 8.46736e-05
2042 8.46421e-05
1563 8.46029e-05
2273 8.45942e-05
2354 8.45221e-05
1750 8.44944e-05
921 8.44854e-05
1083 8.44359e-05
2300 8.43989e-05
3375 8.43935e-05
2816 8.43909e-05
1810 8.43752e-05
1530 8.43737e-05
1875 8.42441e-05
2165 8.41978e-05
2329 8.41364e-05
1029 8.39728e-05
1173 8.36864e-05
3367 8.36468e-05
1470 8.35093e-05
2508 8.34749e-05
2908 8.34675e-05
1902 8.34659e-05
1816 8.3408e-05
2429 8.33203e-05
2299 8.33102e-05
2212 8.3288e-05
1172 8.32783e-05
2115 8.32525e-05
2077 8.32259e-05
2151 8.32169e-05
2417 8.32049e-05
967 8.31563e-05
2550 8.31462e-05
1898 8.31164e-05
2191 8.30875e-05
2298 8.30724e-05
2190 8.30401e-05
2104 8.30048e-05
2615 8.28025e-05
2504 8.27805e-05
2220 8.26055e-05
1103 8.25222e-05
3243 8.25139e-05
2704 8.23966e-05
164 8.23768e-05
1364 8.2322e-05
2110 8.22678e-05
1689 8.22026e-05
1846 8.22017e-05
2478 8.21417e-05
966 8.21105e-05
1685 8.21057e-05
1491 8.20886e-05
2561 8.20668e-05
1997 8.2023e-05
2026 8.1989e-05
2043 8.19052e-05
2359 8.18007e-05
3199 8.17492e-05
1918 8.17095e-05
2506 8.16688e-05
2385 8.12491e-05
1590 8.12066e-05
2740 8.11376e-05
2280 8.10942e-05
336 8.10927e-05
1620 8.10815e-05
2811 8.10505e-05
1243 8.10437e-05
2254 8.09744e-05
1675 8.09019e-05
3250 8.08954e-05
2264 8.08599e-05
2521 8.08319e-05
1205 8.07973e-05
1305 8.07947e-05
2468 8.07932e-05
2109 8.07802e-05
1335 8.05283e-05
2122 8.04843e-05
2580 8.01017e-05
1864 7.97074e-05
1480 7.97044e-05
2533 7.96349e-05
1124 7.9612e-05
1868 7.95873e-05
1735 7.9579e-05
2432 7.95767e-05
2477 7.95672e-05
1272 7.94189e-05
1712 7.94105e-05
371 7.93969e-05
2083 7.93219e-05
1341 7.93092e-05
1823 7.92273e-05
945 7.91603e-05
2275 7.90949e-05
1697 7.90892e-05
994 7.90193e-05
3955 7.88962e-05
1774 7.8856e-05
1513 7.87196e-05
1191 7.85414e-05
1267 7.84829e-05
2134 7.84767e-05
1554 7.84744e-05
2512 7.84702e-05
2010 7.84326e-05
1542 7.83596e-05
3712 7.83543e-05
2144 7.83174e-05
1721 7.82978e-05
1149 7.81254e-05
2559 7.81074e-05
2046 7.807e-05
2446 7.79954e-05
2379 7.77453e-05
2695 7.77214e-05
1280 7.73363e-05
2473 7.73016e-05
1535 7.72823e-05
3170 7.72692e-05
1608 7.72176e-05
2274 7.71939e-05
1538 7.71158e-05
60 7.70731e-05
2472 7.70467e-05
1291 7.70455e-05
2804 7.67992e-05
250 7.67164e-05
2573 7.67126e-05
2623 7.67045e-05
2108 7.66638e-05
1510 7.66454e-05
1851 7.61298e-05
2259 7.61033e-05
2850 7.60506e-05
1939 7.60466e-05
2499 7.60252e-05
1437 7.59917e-05
2415 7.59857e-05
2062 7.5974e-05
1323 7.59578e-05
1942 7.59455e-05
2215 7.5933e-05
1509 7.58894e-05
1826 7.5797e-05
1388 7.57917e-05
34 7.57818e-05
2484 7.57728e-05
1659 7.57567e-05
671 7.56075e-05
2495 7.54673e-05
2630 7.54393e-05
1777 7.53461e-05
2219 7.53301e-05
2096 7.51248e-05
63 7.5117e-05
1836 7.50635e-05
2387 7.50538e-05
2692 7.49598e-05
442 7.49001e-05
208 7.48973e-05
1460 7.48526e-05
1074 7.48316e-05
750 7.48314e-05
1381 7.48287e-05
1163 7.4743e-05
1125 7.46599e-05
1048 7.46144e-05
1614 7.45919e-05
947 7.45913e-05
1271 7.45258e-05
2276 7.44751e-05
2237 7.4238e-05
2310 7.40245e-05
2057 7.36392e-05
2420 7.35352e-05
1683 7.35215e-05
1112 7.34902e-05
2285 7.34557e-05
1175 7.34058e-05
2454 7.33337e-05
1160 7.33251e-05
2469 7.33236e-05
2489 7.32183e-05
1152 7.30754e-05
2963 7.2951e-05
526 7.25315e-05
1056 7.2417e-05
1597 7.22957e-05
1623 7.22504e-05
997 7.22122e-05
3092 7.21761e-05
2479 7.21654e-05
1639 7.21375e-05
1789 7.20852e-05
1547 7.19926e-05
390 7.19626e-05
2261 7.18168e-05
2502 7.11112e-05
1861 7.10689e-05
2003 7.10514e-05
2391 7.10196e-05
1925 7.08947e-05
2306 7.08645e-05
2386 7.08381e-05
2056 7.07974e-05
2445 7.06435e-05
1143 7.04114e-05
1618 7.02012e-05
2048 7.00723e-05
959 6.98758e-05
1040 6.98553e-05
676 6.98436e-05
1290 6.98089e-05
2234 6.98003e-05
1617 6.97626e-05
1339 6.97348e-05
2127 6.97259e-05
952 6.97179e-05
1819 6.96223e-05
2293 6.95819e-05
1811 6.95783e-05
1605 6.95363e-05
2554 6.95175e-05
2098 6.93293e-05
2467 6.92815e-05
1286 6.88443e-05
3704 6.87887e-05
3163 6.8777e-05
1209 6.85428e-05
2465 6.85017e-05
1741 6.84877e-05
927 6.84778e-05
1359 6.84167e-05
1632 6.84076e-05
2216 6.83963e-05
1900 6.83737e-05
2532 6.83634e-05
1891 6.83502e-05
3323 6.83418e-05
2084 6.82987e-05
1302 6.82411e-05
2121 6.8218e-05
1430 6.8177e-05
2205 6.81388e-05
1519 6.79689e-05
2147 6.74795e-05
1644 6.73146e-05
1652 6.73034e-05
1653 6.72639e-05
1375 6.72587e-05
2350 6.72486e-05
1047 6.72398e-05
1075 6.72368e-05
1156 6.72147e-05
1003 6.71851e-05
2213 6.71778e-05
2493 6.71737e-05
1402 6.71721e-05
1506 6.71625e-05
2198 6.71516e-05
2917 6.7138e-05
1669 6.70954e-05
1289 6.70383e-05
1135 6.70335e-05
1842 6.69777e-05
2210 6.69278e-05
1877 6.69143e-05
1147 6.64147e-05
932 6.61269e-05
1049 6.60923e-05
1285 6.60605e-05
1458 6.60339e-05
1026 6.59948e-05
1637 6.597e-05
2575 6.59091e-05
1336 6.59021e-05
1795 6.58179e-05
1288 6.58135e-05
1242 6.57933e-05
1091 6.52356e-05
1069 6.51858e-05
1393 6.49958e-05
2476 6.49518e-05
1182 6.47952e-05
1754 6.47242e-05
1287 6.46966e-05
2315 6.4432e-05
1207 6.43878e-05
851 6.37254e-05
1619 6.3608e-05
1765 6.35518e-05
1485 6.35506e-05
1886 6.34994e-05
2353 6.34389e-05
1195 6.33966e-05
2086 6.33713e-05
2563 6.32298e-05
3879 6.27371e-05
2746 6.26816e-05
2303 6.24892e-05
926 6.23951e-05
2568 6.23936e-05
1737 6.2278e-05
2653 6.22312e-05
1734 6.22069e-05
2288 6.21808e-05
1580 6.20624e-05
1181 6.20539e-05
1643 6.2023e-05
1952 6.17951e-05
1196 6.17511e-05
1769 6.17062e-05
3370 6.14594e-05
3112 6.10527e-05
1397 6.10497e-05
1832 6.09677e-05
2589 6.09655e-05
1796 6.09641e-05
999 6.09439e-05
1092 6.09349e-05
2544 6.08777e-05
2407 6.07818e-05
1411 6.07309e-05
2631 6.06733e-05
1856 6.04973e-05
1887 6.01358e-05
1130 5.97337e-05
1022 5.96121e-05
1380 5.95896e-05
1401 5.89655e-05
2802 5.88237e-05
1484 5.87906e-05
1263 5.86191e-05
1539 5.85414e-05
2571 5.85395e-05
1457 5.85027e-05
2518 5.84778e-05
1407 5.84655e-05
2137 5.84336e-05
1843 5.84055e-05
2177 5.82963e-05
2552 5.8252e-05
1953 5.82427e-05
2252 5.79588e-05
3854 5.78386e-05
2609 5.73046e-05
1054 5.72879e-05
1334 5.72762e-05
2330 5.72539e-05
2574 5.72255e-05
891 5.71339e-05
934 5.7107e-05
365 5.69153e-05
1700 5.66228e-05
3235 5.65967e-05
2044 5.62259e-05
288 5.62117e-05
1110 5.61689e-05
3202 5.60678e-05
2605 5.60396e-05
1782 5.59799e-05
983 5.5949e-05
875 5.59406e-05
883 5.59358e-05
1963 5.59286e-05
892 5.59227e-05
2179 5.58207e-05
1068 5.57819e-05
1079 5.57643e-05
1028 5.56436e-05
2305 5.53328e-05
3597 5.51541e-05
3094 5.50045e-05
571 5.46467e-05
1771 5.46213e-05
2579 5.46034e-05
1989 5.46034e-05
1994 5.45394e-05
2591 5.45338e-05
972 5.44596e-05
2185 5.43336e-05
3765 5.39085e-05
1517 5.35487e-05
2576 5.35393e-05
1365 5.35319e-05
1351 5.34471e-05
125 5.31521e-05
2635 5.2722e-05
2530 5.24098e-05
1572 5.23364e-05
1201 5.22787e-05
2519 5.22775e-05
1116 5.22521e-05
2392 5.21881e-05
2547 5.19237e-05
1293 5.18379e-05
907 5.15878e-05
1265 5.10886e-05
2249 5.10693e-05
2055 5.09646e-05
1753 5.08974e-05
385 5.08603e-05
2380 5.07755e-05
3134 5.06081e-05
2449 5.00295e-05
1556 4.98242e-05
2164 4.9703e-05
2287 4.96311e-05
2136 4.96289e-05
2239 4.96159e-05
2175 4.89233e-05
652 4.86902e-05
1987 4.86277e-05
1219 4.84423e-05
1389 4.84183e-05
2462 4.82446e-05
3408 4.8136e-05
1362 4.75217e-05
673 4.74024e-05
2065 4.72833e-05
1198 4.7243e-05
2798 4.68846e-05
3928 4.68411e-05
1084 4.6836e-05
1063 4.67589e-05
2295 4.65544e-05
1710 4.63767e-05
1278 4.60627e-05
2163 4.60277e-05
2606 4.60194e-05
1164 4.59598e-05
2058 4.58535e-05
2852 4.52454e-05
1724 4.49071e-05
1723 4.47813e-05
1340 4.47393e-05
2860 4.38023e-05
2572 4.37219e-05
1532 4.35975e-05
1398 4.3424e-05
1180 4.33699e-05
1414 4.26606e-05
2427 4.23748e-05
2383 4.22739e-05
2613 4.2224e-05
2536 4.2202e-05
610 4.16109e-05
1775 4.11697e-05
2522 4.11003e-05
1039 4.10786e-05
1395 4.01115e-05
153 3.89433e-05
2208 3.86308e-05
1524 3.84574e-05
234 3.82412e-05
2021 3.72494e-05
2311 3.72302e-05
1772 3.72164e-05
2855 3.70764e-05
207 3.57562e-05
1233 3.50164e-05
1874 3.48996e-05
2599 3.43096e-05
2496 3.35255e-05
1821 3.34973e-05
1239 3.34832e-05
2722 3.28729e-05
860 3.28439e-05
3125 3.14283e-05
656 2.98092e-05
2524 2.88467e-05
2258 2.72866e-05
1969 2.65331e-05
3282 2.58817e-05
638 2.51057e-05
624 2.38784e-05
674 2.38783e-05
692 2.37702e-05
1417 2.28104e-05
1755 2.27667e-05
1463 2.26495e-05
585 2.26385e-05
608 2.26336e-05
613 2.26318e-05
1690 2.20441e-05
607 2.14002e-05
602 2.13999e-05
801 2.13197e-05
1439 2.10152e-05
1651 2.06737e-05
668 2.0156e-05
1967 1.95656e-05
335 1.83954e-05
1176 1.82703e-05
2442 1.77175e-05
3006 1.61876e-05
358 1.54574e-05
292 1.4732e-05
11 1.47085e-05
550 1.42267e-05
210 1.34239e-05
447 1.29842e-05
1276 1.27807e-05
74 1.22777e-05
215 1.22665e-05
209 1.22408e-05
37 1.10511e-05
287 1.10395e-05
43 1.10254e-05
18 1.10083e-05
3798 1.03374e-05
114 9.78426e-06
1262 9.59794e-06
15 8.56882e-06
12 8.56882e-06
3709 7.89162e-06
3451 7.88398e-06
3974 6.67603e-06
3650 6.65633e-06
3935 6.64375e-06
3856 6.64375e-06
3820 6.64375e-06
2596 6.33502e-06
3230 6.13793e-06
3853 5.4358e-06
3748 5.4358e-06
3729 5.4358e-06
3570 5.4358e-06
3453 5.4358e-06
1119 5.32263e-06
1466 4.0309e-06
1145 4.0309e-06
2569 3.93825e-06
2470 3.93825e-06
2457 3.93825e-06
2269 3.93825e-06
2195 3.93825e-06
2079 3.93825e-06
3183 3.75427e-06
3071 3.75427e-06
3031 3.75427e-06
2842 3.75427e-06
1834 2.84534e-06
1581 2.84534e-06
1560 2.84534e-06
1386 2.84534e-06
1206 2.84534e-06
1096 2.84534e-06
918 2.84534e-06
911 2.84534e-06
