3980 0.137094
179 0.0842119
49 0.0761165
4016 0.0759231
4007 0.0756313
3990 0.075627
4025 0.0754983
0 0.0733291
885 0.0716873
3037 0.0712424
2691 0.0711148
2792 0.0710907
532 0.0670887
91 0.0669972
259 0.0666153
3074 0.0663889
8 0.0663616
3127 0.0657153
3055 0.0657039
2774 0.0656661
4029 0.065488
4012 0.0654527
4001 0.0653083
192 0.0652511
3987 0.0651851
453 0.0648049
1890 0.0640897
870 0.0639568
698 0.0639335
757 0.0636005
881 0.0632901
867 0.0626165
3999 0.0617709
642 0.0616214
4027 0.0614983
581 0.0614768
2421 0.0614371
233 0.0611223
282 0.0608284
256 0.0608284
244 0.0607021
42 0.0605552
33 0.0605552
1002 0.0604589
3846 0.0604227
3268 0.0603638
3746 0.0602816
1105 0.0602118
3407 0.0602014
1586 0.058852
2595 0.0588502
1046 0.0585608
230 0.0584125
2483 0.0583331
219 0.0575625
89 0.0575428
776 0.0568565
564 0.056784
1194 0.0567548
319 0.0565735
879 0.056339
895 0.0554996
182 0.0553969
717 0.0552476
855 0.055011
852 0.0548554
874 0.0547955
2930 0.0547723
2527 0.0544821
2732 0.0544033
3180 0.054399
872 0.0543445
3131 0.0541413
2817 0.054139
3147 0.0540054
3437 0.0538261
3181 0.053712
81 0.0534202
3789 0.0529418
364 0.052899
143 0.0525575
95 0.0525153
871 0.0523979
3251 0.052227
275 0.0521858
437 0.0520878
4 0.0520031
181 0.0519241
3616 0.0518199
198 0.0516285
1240 0.0515496
3200 0.0513187
4023 0.0510901
147 0.0509431
866 0.0506081
4017 0.05054
1208 0.0503399
6 0.0501264
399 0.0494737
1202 0.0493842
4031 0.0493003
3998 0.0492199
2861 0.0489047
441 0.0486693
386 0.0485719
3989 0.0484475
501 0.0483911
78 0.0483717
2106 0.0483684
273 0.0482718
195 0.0482515
218 0.0481452
306 0.0481368
1627 0.0481271
2487 0.048001
174 0.0477962
171 0.0477737
3141 0.047728
3372 0.0476458
1027 0.047595
4030 0.0475325
328 0.0475046
2281 0.0474677
4000 0.0474668
3720 0.0472306
175 0.0472269
3996 0.0472049
884 0.0471627
23 0.0470886
3439 0.0470609
2902 0.046977
3638 0.0468893
157 0.0467849
3799 0.0467707
2437 0.0467699
873 0.0465541
858 0.0465297
887 0.0461337
2535 0.0456717
227 0.0454033
19 0.0451947
3271 0.0449863
864 0.0448409
99 0.0446489
110 0.0436659
193 0.0436469
177 0.0434566
264 0.0432529
3053 0.0432223
3751 0.0430707
312 0.0430534
2558 0.0429284
3546 0.0428715
894 0.0428556
356 0.0428388
3679 0.0427688
90 0.0426888
3742 0.042647
798 0.0426408
904 0.0426042
145 0.0425484
393 0.0421248
301 0.0419895
2094 0.0419119
3536 0.0418344
3982 0.04167
3801 0.0414471
3105 0.0412787
383 0.0411576
686 0.0411269
278 0.0410552
3662 0.0410323
3122 0.0409647
3923 0.0406875
3949 0.0405108
3218 0.0404533
3887 0.0404202
411 0.0403053
1499 0.040209
3354 0.0400707
3994 0.0400428
401 0.0399444
286 0.0398228
3918 0.0398049
3932 0.0397892
3986 0.0397592
1253 0.0397315
732 0.0396034
3669 0.0395108
1071 0.0393902
1956 0.0393774
3954 0.0393368
377 0.0390736
3490 0.039071
47 0.0390291
351 0.0388727
3911 0.0388253
3538 0.0388183
58 0.0388175
4038 0.0387896
3885 0.0387241
1224 0.0386638
3861 0.0386212
464 0.0385815
3700 0.0384686
3813 0.0384684
3864 0.0384416
833 0.0384168
4004 0.0382719
1657 0.038243
3995 0.0382392
1776 0.0382288
3444 0.0382174
910 0.0381964
253 0.0380825
97 0.0380648
3743 0.0380134
225 0.037999
3849 0.0379395
889 0.03785
1030 0.0378394
3549 0.0375501
4014 0.037516
2799 0.0374729
806 0.0374305
348 0.0374053
2301 0.0373367
1693 0.0373337
4020 0.037322
476 0.0372999
3502 0.0372809
3997 0.0372596
2245 0.0370076
414 0.0369993
863 0.0368402
876 0.0367315
3530 0.0365763
2017 0.0364581
4009 0.0363806
2456 0.0363699
893 0.0363326
3725 0.0362943
955 0.0362462
1138 0.0362115
4021 0.0360691
137 0.0357965
3487 0.0357387
3868 0.0356353
384 0.0355157
552 0.0355114
3624 0.0354424
115 0.0354323
2034 0.0353942
2168 0.0353908
3787 0.0352546
1368 0.035198
729 0.0350918
41 0.0349919
2949 0.0348802
2670 0.0348704
2204 0.0348598
310 0.0347835
467 0.034722
3676 0.0346893
1889 0.0346823
3551 0.0346461
572 0.0346204
173 0.0345477
4002 0.0345173
2886 0.0344912
3489 0.0344144
3473 0.0343864
3628 0.0343812
3544 0.0343044
3985 0.0342283
3513 0.0341898
498 0.0341844
243 0.0341671
3894 0.0341447
3898 0.0341143
3981 0.0340707
4026 0.0339402
327 0.0339331
68 0.0339074
839 0.0338741
878 0.0337902
3716 0.033773
4036 0.0337624
3963 0.0337404
167 0.0336547
2703 0.0335694
714 0.0334995
3322 0.0334056
3665 0.0333086
979 0.0332754
3727 0.0332515
337 0.0331879
3749 0.0331742
3993 0.0331349
3318 0.0331037
3988 0.0330804
4028 0.0330727
3774 0.0330198
111 0.0329901
3883 0.0329836
2959 0.0329363
3479 0.0328264
3325 0.0328182
3652 0.0328108
3695 0.032731
3647 0.0326913
263 0.0326371
3701 0.0325891
1788 0.0324628
201 0.0323714
3126 0.0323254
1043 0.0322632
3562 0.0322496
2776 0.0322174
296 0.0321009
3917 0.0320962
1016 0.0320908
3649 0.032074
71 0.0320433
3128 0.0320055
3613 0.0318606
899 0.0317878
4005 0.0317338
155 0.0317313
241 0.0317161
93 0.0314829
3745 0.0314759
886 0.0314383
1218 0.0314316
3897 0.0313894
3382 0.0313879
749 0.0313499
343 0.0313458
3216 0.0313317
255 0.0313231
2972 0.0312418
3571 0.0312221
3066 0.0311917
1403 0.0311632
822 0.0311314
3836 0.03111
1111 0.0310871
775 0.0310759
326 0.0310669
3283 0.0310651
2167 0.0310369
4019 0.0310123
1254 0.0309737
3446 0.0309587
3314 0.0309496
307 0.030922
1607 0.0309175
2721 0.03091
2824 0.0309028
771 0.0308815
877 0.0307265
3610 0.0307142
3723 0.0306506
3481 0.0306401
3523 0.0306329
3580 0.0305597
3581 0.0305285
2671 0.0303619
594 0.0303399
3091 0.0302545
909 0.0302029
3516 0.0301922
3423 0.0301623
4013 0.030139
2439 0.0301034
3912 0.0300512
3757 0.0300475
2926 0.0300246
861 0.0300053
3504 0.0299881
3759 0.0299871
245 0.0299572
804 0.0299109
3961 0.0298438
3739 0.02982
20 0.0297914
888 0.0297423
3567 0.0296932
3863 0.0296055
3595 0.0296001
956 0.0295934
3121 0.0295542
2805 0.0295466
3309 0.0294985
912 0.0294946
260 0.0294844
100 0.0294507
32 0.0294482
2263 0.0293921
1996 0.029391
3847 0.0293545
3478 0.0293544
4011 0.0293324
818 0.029277
149 0.0292496
3925 0.0292411
2565 0.0291468
2321 0.0291325
2528 0.0290991
712 0.0290966
2879 0.0290879
782 0.0290807
3791 0.0290195
3008 0.0290005
2889 0.0289802
825 0.0289525
1177 0.0288576
3401 0.0288245
3336 0.0287928
3874 0.028746
454 0.0287318
3587 0.0286262
583 0.028597
116 0.0284809
3957 0.0284386
2982 0.0284309
214 0.0283403
3465 0.0283073
1442 0.0282737
3806 0.0282165
3933 0.0281976
3606 0.0281902
3500 0.0281829
3682 0.0281789
131 0.02815
1838 0.0281462
3908 0.0280967
789 0.0280949
2217 0.0279251
3830 0.0279218
3376 0.0279058
197 0.0278936
102 0.0278484
3819 0.0278244
3657 0.0276839
3661 0.0276794
3776 0.0276592
3637 0.0276138
2650 0.0275474
112 0.0275427
14 0.0274882
293 0.0274281
107 0.0274112
3028 0.0273758
2699 0.0273328
599 0.0273186
3733 0.027213
2450 0.0272018
320 0.0271802
3975 0.0271269
3427 0.027116
3892 0.0270665
592 0.0270435
3675 0.0270238
3696 0.0270187
2983 0.0270182
707 0.0269228
3579 0.0268609
736 0.0268478
3837 0.0268195
3626 0.0267938
3747 0.0267155
4018 0.0267131
661 0.0266835
643 0.0266728
856 0.0266335
615 0.0266309
1760 0.0266063
3708 0.0266038
3537 0.0265904
3920 0.0265863
281 0.0265799
3717 0.026578
768 0.0265714
578 0.0265708
166 0.0265324
3519 0.0265308
3594 0.0265106
659 0.0264805
882 0.0264728
3775 0.0264687
3338 0.0264493
579 0.0264419
1684 0.026395
3083 0.0263638
226 0.0263618
3844 0.0263607
658 0.0263554
3919 0.0263183
3560 0.0263152
127 0.0263091
702 0.0262564
662 0.026254
144 0.0262236
3691 0.0262102
3442 0.026138
1045 0.0261096
600 0.0260709
3045 0.0260645
2041 0.0260205
2349 0.0259942
3960 0.0259914
3531 0.0259738
3548 0.0259536
184 0.0259449
868 0.0258876
1133 0.0258363
3655 0.0258177
681 0.0258126
3592 0.0258065
150 0.0258062
3639 0.0258024
3744 0.0258009
3904 0.0257941
865 0.0257705
640 0.0257579
627 0.025718
2486 0.025698
36 0.025693
670 0.0256914
3003 0.0256757
3477 0.0256662
3848 0.0256575
251 0.0256289
650 0.0256065
3476 0.0256031
124 0.0255978
2113 0.0255906
3905 0.0255559
2313 0.0255519
28 0.0254848
189 0.0254299
2838 0.0254059
675 0.0253996
632 0.0252885
2444 0.0252696
472 0.0252607
443 0.025191
3455 0.0251442
3809 0.0251145
3565 0.0250452
3425 0.0249413
468 0.0249336
3991 0.0249316
616 0.024912
247 0.0249112
205 0.0248748
577 0.0248545
2170 0.024852
1711 0.0248318
3825 0.0247837
2320 0.0247321
689 0.0247222
1197 0.0246972
52 0.0246104
284 0.0245895
309 0.0245696
746 0.0245425
573 0.0245233
582 0.0245094
64 0.0244952
1988 0.0244783
3539 0.0243845
767 0.0243832
3541 0.0242907
269 0.0242715
135 0.0242544
3521 0.0242358
346 0.0242234
217 0.0242113
2622 0.0240656
1992 0.0240028
1840 0.0239984
3950 0.0239654
86 0.0239145
725 0.0238637
1808 0.0238389
3812 0.0238223
2076 0.0238029
101 0.0237686
3585 0.0237061
3783 0.0236108
92 0.0235465
1797 0.023533
1000 0.023524
3690 0.0235204
2513 0.0234793
1057 0.0234496
3875 0.0234093
3447 0.0234091
3967 0.02339
3857 0.0233791
2548 0.0233582
2788 0.0232551
53 0.0231758
3814 0.0231545
3946 0.0231443
3952 0.0231051
617 0.0230576
202 0.0230487
333 0.0229941
2808 0.0229486
3808 0.0228903
266 0.0228142
3629 0.0228041
3553 0.0227502
77 0.0227474
3781 0.0226703
3992 0.0226211
1854 0.0225861
635 0.0225815
3290 0.0225646
2207 0.022538
584 0.0225293
1822 0.0224881
4033 0.0224692
1270 0.0223956
299 0.0223818
3921 0.0223547
857 0.022352
740 0.0223458
595 0.0223418
424 0.0223225
220 0.0222666
1896 0.0222657
551 0.022251
2 0.0222164
3740 0.0220871
2962 0.0220831
516 0.0220763
654 0.0220659
46 0.0219958
1252 0.021992
647 0.021981
3311 0.0219788
17 0.0219705
791 0.0219184
2885 0.0219139
2401 0.0218851
3979 0.0218592
457 0.0218487
816 0.0218272
3063 0.0218038
486 0.0217692
665 0.0217502
1264 0.0217415
2621 0.0217349
1687 0.0217312
832 0.021728
88 0.021599
3694 0.0215851
249 0.0215601
3939 0.021513
1912 0.0214928
94 0.0214865
3505 0.0214577
242 0.0214526
302 0.021428
518 0.0213692
630 0.0213366
554 0.0213127
270 0.0213085
3771 0.0212812
194 0.0212777
3916 0.0212462
283 0.0212066
3508 0.0211612
3599 0.0211366
262 0.0211297
119 0.0211104
140 0.0210849
3402 0.0210652
1387 0.0210265
1486 0.0209727
509 0.0209704
5 0.0209683
180 0.0209578
1961 0.0209307
61 0.0209286
152 0.0208871
2933 0.0208633
2015 0.0208396
3664 0.020837
3901 0.0208208
228 0.0208096
1733 0.0208095
713 0.0207724
1050 0.0207669
237 0.0207373
187 0.0207196
2156 0.0207102
3964 0.0206941
742 0.0206679
4006 0.020663
4032 0.0206624
154 0.0206366
2997 0.0206171
254 0.0205686
796 0.0205525
1664 0.0205089
3566 0.0205042
51 0.0204467
76 0.0203987
330 0.0203919
4037 0.0203804
83 0.0203269
3659 0.0203151
108 0.0202965
25 0.020199
139 0.0201957
1087 0.0201921
3012 0.0201898
162 0.0201564
120 0.020146
929 0.0201397
1055 0.0201251
2505 0.0200596
1266 0.0200545
3443 0.020017
3823 0.02001
3506 0.0199975
2426 0.0199933
80 0.0199703
2515 0.0199603
2771 0.0198942
3584 0.0198915
828 0.0198709
1297 0.0198338
1905 0.0198171
3888 0.0198154
790 0.0197967
4003 0.0196934
618 0.0196866
3300 0.0196828
3945 0.0196697
369 0.0196668
1701 0.0196538
769 0.0196459
1548 0.0195864
1564 0.0195812
653 0.0195775
2634 0.0195518
1837 0.0195317
3698 0.0194844
3619 0.019478
770 0.0194027
786 0.019399
2431 0.0193931
3752 0.0193843
24 0.019377
2893 0.0193482
3155 0.0193469
190 0.0193395
1441 0.0193326
322 0.0193247
678 0.0193015
1295 0.0192906
3867 0.0191972
357 0.0191719
1157 0.0191708
677 0.01917
2734 0.0191522
3612 0.019137
1555 0.0191123
1097 0.0190884
3710 0.0190548
1937 0.0190394
890 0.0190108
1356 0.0190053
619 0.0190049
499 0.019001
3368 0.018964
329 0.0189632
505 0.0189517
3880 0.0189334
339 0.0189036
3927 0.0188855
3738 0.0188817
1118 0.018872
3464 0.0188692
3816 0.0188581
1974 0.0188436
1642 0.018832
682 0.0188207
680 0.0188201
1494 0.0188096
2422 0.0186892
56 0.0186794
3829 0.0186771
903 0.0186664
3636 0.0186589
3850 0.0186378
684 0.0186172
3713 0.0186127
2490 0.0186071
1360 0.0185964
705 0.0185462
2255 0.0185451
3685 0.0185317
2357 0.0185278
7 0.0185208
2412 0.0185089
3766 0.0185025
1505 0.0184882
478 0.0184844
1171 0.0184732
349 0.0184655
204 0.0184644
2651 0.0184618
3405 0.0184352
3469 0.0184342
1216 0.018402
2375 0.0183997
3472 0.0183734
1174 0.0183691
1814 0.0183581
720 0.0183155
3722 0.0183068
901 0.0183064
3653 0.0183003
2178 0.0182891
3871 0.0182732
1798 0.0182668
1585 0.0182602
848 0.0182571
937 0.0182506
1378 0.0182415
1383 0.0182401
1053 0.0182164
3568 0.0182126
631 0.018208
824 0.0182049
2614 0.0181952
636 0.0181851
2126 0.0181842
3308 0.0181706
29 0.0181616
1676 0.0181434
747 0.0181399
1317 0.0181164
694 0.0181149
691 0.0181073
3793 0.0181019
622 0.0180954
3482 0.0180666
3632 0.0180646
1895 0.0180409
846 0.0180337
1562 0.0180084
1860 0.0179277
3061 0.017908
589 0.0178894
3634 0.0178789
1533 0.0178734
2466 0.0178606
3872 0.017846
1654 0.0178323
1601 0.0178294
2481 0.0178282
625 0.0178242
1064 0.017808
1880 0.0177561
597 0.0177397
2999 0.0177319
3699 0.0177184
3644 0.0177127
3398 0.0176998
3466 0.0176932
3728 0.0176925
1307 0.0176822
380 0.0176672
576 0.0176391
3641 0.0176006
3511 0.0175814
3598 0.0175723
1731 0.0175236
3951 0.0175013
961 0.0174965
869 0.0174837
1749 0.0174631
1468 0.0174419
1333 0.0174227
3862 0.0173816
2152 0.0173796
992 0.0173557
3529 0.0173273
1544 0.0173176
1162 0.0172915
3970 0.0172717
2922 0.0172129
3590 0.0172099
3617 0.0172023
347 0.017202
1705 0.0171795
1127 0.0171776
159 0.0171771
2129 0.0171404
1212 0.0171347
3924 0.0171304
785 0.0171084
2935 0.0171083
1134 0.0170949
574 0.0170718
534 0.0170629
697 0.0170538
3227 0.0170481
2677 0.0170478
939 0.0170073
3266 0.0169928
1452 0.0169917
2834 0.0169795
3680 0.0169749
151 0.0169577
3648 0.0169332
1806 0.0169205
3483 0.0169174
3779 0.0169128
609 0.0169065
2049 0.0169025
3907 0.0168996
3753 0.0168904
3139 0.016872
963 0.0168664
603 0.0168548
3930 0.0168164
1394 0.0168115
3835 0.0167827
2978 0.0167788
3392 0.0167754
3593 0.0167652
1910 0.0167586
802 0.016735
3460 0.0167106
805 0.0166928
1599 0.0166905
1098 0.0166782
1144 0.016664
3899 0.0166571
1136 0.016657
1975 0.0166549
522 0.0166546
3077 0.0166531
784 0.0166527
3821 0.0166471
3761 0.0166403
3533 0.0166153
533 0.0166038
3756 0.0165872
324 0.0165668
2488 0.0165492
1328 0.0165365
1831 0.0164826
2453 0.016482
3671 0.0164794
1137 0.0164707
168 0.0164704
3983 0.0164702
3596 0.0164561
664 0.016455
252 0.0163969
1825 0.0163942
811 0.0163612
862 0.0163461
2051 0.0163137
3583 0.016311
1787 0.0162808
3454 0.0162682
745 0.0162633
3556 0.0162614
3445 0.0162604
206 0.0162458
908 0.0162357
3621 0.0162329
406 0.0162237
31 0.0162044
381 0.0161992
1478 0.0161979
859 0.016197
3822 0.0161898
480 0.0161897
3057 0.0161862
644 0.016178
3256 0.0161518
1511 0.0161477
2789 0.0161467
3900 0.0161461
239 0.0161321
3526 0.0161195
1936 0.016111
130 0.0161035
3953 0.0160985
2760 0.016083
285 0.0160757
389 0.0160737
803 0.0160597
117 0.0160567
2884 0.0160564
628 0.016053
2316 0.0160407
3486 0.0160387
1615 0.0160294
531 0.0160233
3153 0.0160134
1567 0.0160115
3269 0.0160065
200 0.0160046
429 0.0160013
1193 0.0159925
3561 0.0159733
3794 0.0159308
3810 0.0159246
734 0.0159212
2100 0.0159155
1232 0.0159104
623 0.0159078
3758 0.0159055
2441 0.0159007
797 0.0158894
3441 0.015886
3956 0.0158348
84 0.0158208
719 0.0158026
3870 0.0157951
3826 0.0157948
1474 0.0157934
3833 0.0157886
271 0.0157796
3554 0.0157791
504 0.0157787
3499 0.0157665
469 0.0157556
3764 0.0157512
3915 0.0157451
1410 0.0156924
9 0.0156747
938 0.0156698
3672 0.0156636
26 0.015656
539 0.0156553
2836 0.015643
611 0.0156236
2173 0.0156205
129 0.0156017
3803 0.0155689
477 0.0155683
1319 0.0155516
1779 0.0155287
3778 0.0155151
2397 0.0154992
1433 0.0154971
3792 0.0154948
3611 0.0154841
203 0.0154764
2160 0.0154735
787 0.0154648
605 0.0154474
830 0.015443
3564 0.0154356
1537 0.0154341
2120 0.0154188
3231 0.015405
122 0.0153925
2448 0.0153825
261 0.0153809
96 0.0153713
3604 0.0153671
1371 0.0153619
3374 0.0153573
48 0.0153556
621 0.015336
1165 0.015329
1568 0.0153253
2693 0.015269
1434 0.015254
1493 0.0152419
1866 0.0152373
724 0.0152345
3263 0.0152194
793 0.0151941
823 0.015178
359 0.0151741
3839 0.015174
3972 0.0151529
853 0.0151336
3633 0.0151311
466 0.0151216
361 0.0151179
2587 0.0151075
2534 0.0151025
3608 0.0150809
427 0.0150801
350 0.0150589
2724 0.0150269
1033 0.015017
1696 0.0149927
21 0.0149888
3827 0.0149881
3222 0.0149783
753 0.0149635
1061 0.014953
3891 0.0149522
1666 0.014904
3 0.0148969
1739 0.0148904
3840 0.0148839
626 0.0148638
3660 0.0148452
3807 0.0148374
2809 0.0148371
3495 0.0148348
703 0.0148347
3906 0.0148346
2455 0.0148321
688 0.0148123
708 0.0147889
2497 0.0147853
3711 0.0147821
459 0.0147727
1023 0.0147679
633 0.0147646
1640 0.0147558
1909 0.0147556
3838 0.0147546
1154 0.0147496
1960 0.0147438
2236 0.0147418
3535 0.014738
3470 0.0146985
842 0.0146916
216 0.0146909
170 0.0146874
990 0.0146702
3468 0.0146535
3869 0.0146509
958 0.0146486
2341 0.0146449
3229 0.0146357
2767 0.0146313
1566 0.0146293
733 0.0146248
2837 0.0146032
3558 0.0145934
3602 0.0145901
2851 0.0145886
3510 0.0145804
800 0.0145788
2541 0.0145505
3673 0.0145463
160 0.0145435
841 0.0145428
829 0.0145393
3586 0.0145343
2361 0.0145217
2411 0.0145213
663 0.0145198
657 0.0145081
3020 0.0144924
3938 0.0144854
126 0.0144836
2791 0.0144797
788 0.0144778
2570 0.014477
277 0.0144415
612 0.0144378
1314 0.0144308
3555 0.0144299
3705 0.0144285
118 0.0144091
2364 0.0143759
1990 0.0143682
455 0.0143648
178 0.0143579
229 0.0143563
2726 0.0143541
850 0.0143368
2248 0.0143251
3081 0.014317
1421 0.0143138
2342 0.0143065
3947 0.0143009
133 0.0142935
728 0.0142894
2382 0.0142879
3804 0.0142877
57 0.0142791
1593 0.0142782
3772 0.0142743
3059 0.0142738
2335 0.0142726
40 0.0142683
1325 0.0142677
3496 0.0142474
3080 0.0142321
294 0.0142317
22 0.0142288
1304 0.0142275
1268 0.01422
3248 0.0142169
172 0.0142063
44 0.0142036
755 0.0142025
1 0.0141945
815 0.0141896
163 0.0141862
2865 0.0141781
291 0.0141706
2841 0.0141676
1922 0.0141398
3524 0.0141361
928 0.0141341
3503 0.0141262
1977 0.0141185
3931 0.0141128
272 0.0141004
73 0.0140966
1648 0.014096
795 0.0140878
3719 0.0140812
1283 0.0140793
2697 0.0140788
3645 0.0140588
695 0.0140509
529 0.0140485
739 0.0140375
3187 0.0140314
1803 0.0140306
3459 0.0139994
1469 0.0139979
3768 0.013994
598 0.0139742
1964 0.01397
2632 0.0139619
407 0.0139592
1088 0.0139394
1089 0.0139339
2663 0.0139155
2820 0.0139045
196 0.0138979
3474 0.0138881
2181 0.0138809
3615 0.0138771
3948 0.0138748
3643 0.0138737
2668 0.0138716
156 0.0138701
3532 0.013845
1353 0.0138295
422 0.013823
1337 0.0138227
3782 0.0138065
3162 0.0137989
70 0.0137695
727 0.0137683
3969 0.013768
799 0.0137618
2503 0.013758
2764 0.0137467
568 0.0137391
231 0.0137162
3095 0.0137133
280 0.0137086
3706 0.0137063
1476 0.0137015
2238 0.0136999
355 0.0136646
313 0.0136578
3866 0.0136565
2688 0.0136446
820 0.0136419
433 0.013636
3640 0.0136357
54 0.0136287
3903 0.0136273
470 0.0136257
758 0.0136031
3714 0.0136025
1978 0.0135945
1384 0.0135929
809 0.0135927
67 0.0135603
3545 0.0135347
2286 0.013523
2813 0.0135209
3498 0.0135036
685 0.0135026
2107 0.0134935
563 0.0134899
315 0.0134749
3412 0.0134644
3718 0.0134605
2822 0.0134525
2146 0.0134416
121 0.0134412
738 0.013438
3010 0.0134343
3663 0.0134336
1363 0.0134265
372 0.013418
1747 0.0134109
304 0.0133978
1326 0.0133664
1588 0.0133618
2700 0.0133265
588 0.0133244
1248 0.0133087
142 0.0132854
3130 0.0132829
2317 0.0132792
1200 0.0132666
3507 0.0132641
1259 0.0132641
596 0.0132633
1234 0.01324
3233 0.0132352
188 0.013233
2678 0.0132022
679 0.0131866
3769 0.0131833
1041 0.0131824
3684 0.0131781
718 0.013176
236 0.0131662
3522 0.0131593
819 0.0131571
3625 0.0131479
3677 0.013138
3622 0.013135
3509 0.0131325
813 0.0131133
2214 0.0131123
3805 0.0131074
1178 0.0131034
508 0.0131028
379 0.0130901
3432 0.0130867
1013 0.0130842
2284 0.0130696
1453 0.0130666
1274 0.0130612
3327 0.0130569
781 0.013055
3072 0.0130448
1629 0.0130015
3715 0.0129995
1073 0.0129972
82 0.0129922
3735 0.0129788
3136 0.0129784
1236 0.0129781
323 0.0129647
1672 0.0129612
2903 0.0129605
412 0.012945
2314 0.0129391
1090 0.0129297
3896 0.0129268
3968 0.0129226
321 0.0129197
2035 0.0129113
3815 0.0129049
3811 0.0128902
332 0.0128826
1980 0.0128626
1758 0.0128422
1656 0.012838
2265 0.0128348
2231 0.0128338
1915 0.0128321
1660 0.0128298
3965 0.012825
3914 0.0128092
3569 0.0128052
834 0.0127952
3607 0.0127928
726 0.0127596
3420 0.0127556
985 0.0127493
3842 0.0127488
1641 0.0127466
1792 0.0127326
3576 0.012731
849 0.0127145
169 0.0127122
3731 0.0126943
1308 0.0126932
687 0.0126905
1546 0.0126904
3329 0.0126901
2656 0.0126777
2856 0.0126626
489 0.0126489
1759 0.0126399
3168 0.0126391
743 0.0126252
2975 0.0126124
974 0.0126046
3099 0.0126045
3601 0.0125983
3790 0.0125937
3902 0.0125929
827 0.0125907
2193 0.012565
773 0.0125369
2979 0.0125192
3802 0.0125119
1876 0.0125116
2934 0.01251
3543 0.0125075
575 0.0125055
1667 0.012492
1829 0.0124877
186 0.0124787
213 0.0124627
3525 0.0124621
2725 0.0124541
2766 0.0124446
3547 0.0124416
481 0.0124412
3138 0.0124388
98 0.0124295
2371 0.0124265
3310 0.0124057
1186 0.0123994
792 0.0123963
3019 0.0123937
666 0.0123916
2360 0.0123686
3851 0.0123673
2358 0.0123619
817 0.0123598
996 0.0123554
376 0.0123527
2899 0.0123303
2228 0.0123283
754 0.0123265
3630 0.0123195
199 0.0123108
2818 0.0123034
2618 0.0122987
3895 0.0122976
3164 0.0122762
1785 0.012269
1703 0.0122684
3971 0.0122617
780 0.0122614
289 0.012261
3428 0.0122551
1085 0.0122451
3528 0.0122393
766 0.0122334
3515 0.012233
3770 0.0122314
764 0.0122268
3577 0.0122191
2365 0.0122145
2403 0.0122009
2957 0.0121993
211 0.0121978
3773 0.0121908
752 0.0121704
3178 0.0121652
38 0.0121584
1424 0.0121431
3966 0.0121242
783 0.0121241
2091 0.0121225
3674 0.012119
222 0.012113
342 0.01211
354 0.0120948
3721 0.0120846
2807 0.0120666
3588 0.0120485
2256 0.012047
639 0.0120414
3244 0.0120396
3726 0.0120379
763 0.0120359
3488 0.0120318
774 0.0120214
1477 0.0120057
3797 0.0120053
3824 0.0119991
2628 0.0119947
3369 0.0119772
3941 0.0119751
3754 0.0119727
2277 0.0119701
2730 0.0119667
1150 0.0119583
1187 0.0119512
2171 0.0119483
1934 0.0119356
1168 0.0119259
3221 0.0119252
3389 0.0119241
3855 0.0119142
748 0.0119138
3278 0.0119023
3534 0.011894
2474 0.0118879
3877 0.0118875
3413 0.0118865
240 0.0118858
3623 0.0118844
1534 0.0118732
991 0.011872
3394 0.0118655
3366 0.011858
2230 0.0118562
1719 0.0118412
1650 0.0118221
3285 0.0118098
3737 0.0118031
325 0.011799
3881 0.0117859
3518 0.0117793
258 0.0117773
3463 0.0117727
85 0.0117724
3343 0.0117703
460 0.0117665
158 0.0117631
2581 0.0117604
808 0.0117554
2644 0.0117528
3635 0.0117524
987 0.0117491
567 0.0117389
303 0.0117329
2821 0.011727
3295 0.0117009
3703 0.0116959
814 0.0116932
1106 0.0116902
2006 0.0116892
3365 0.0116873
835 0.0116866
109 0.011678
3730 0.0116778
779 0.0116743
3458 0.011664
373 0.0116589
2620 0.0116539
1504 0.0116529
3760 0.0116479
3958 0.0116363
1213 0.0116303
1858 0.0116264
1725 0.0116195
3878 0.0116166
3383 0.0116125
1518 0.0116125
964 0.0116071
777 0.0115999
39 0.0115964
1472 0.0115886
547 0.0115866
1698 0.011584
1203 0.0115552
1743 0.0115521
3620 0.0115468
2405 0.0115432
1010 0.0115416
2645 0.0115313
3280 0.0115271
1531 0.0115266
397 0.0115207
148 0.0115183
1450 0.0115137
3241 0.011508
3456 0.0115016
3600 0.0114956
836 0.0114931
362 0.0114851
2089 0.0114827
2826 0.0114823
3001 0.0114812
2114 0.0114638
3448 0.0114629
3157 0.0114625
132 0.0114526
2682 0.011443
3514 0.0114382
3424 0.0114362
586 0.0114345
3882 0.0114237
3264 0.0114211
1670 0.0114015
977 0.0114009
2648 0.0113883
2795 0.0113741
1726 0.0113706
2709 0.0113631
3087 0.0113481
435 0.0113465
483 0.0113459
970 0.0113417
3614 0.0113363
185 0.0113325
3646 0.0113275
300 0.0113207
3540 0.0113089
2577 0.0112988
1545 0.0112972
1594 0.0112923
3246 0.011292
620 0.0112856
3692 0.0112822
1709 0.0112724
3493 0.0112692
2657 0.0112679
3910 0.0112673
1908 0.0112631
3893 0.0112619
2260 0.0112619
3143 0.0112474
3542 0.0112375
3800 0.0112362
3449 0.0112321
2863 0.0112252
3786 0.0112228
794 0.0112143
923 0.011202
1591 0.0111926
3724 0.0111879
943 0.0111833
3926 0.0111797
2291 0.0111762
3831 0.0111522
716 0.0111511
3501 0.0111509
1762 0.01115
3207 0.0111498
1770 0.011139
549 0.0111387
1552 0.0111384
2710 0.0111306
1973 0.0111268
3667 0.0111227
704 0.0111202
2898 0.0111198
396 0.0111142
1251 0.0110841
308 0.0110754
3929 0.0110719
3559 0.0110679
2858 0.0110543
2061 0.011048
543 0.0110461
1301 0.0110413
730 0.011037
408 0.0110291
2696 0.0110277
1445 0.0110271
2954 0.011004
2440 0.0109964
334 0.0109755
2227 0.0109694
3385 0.0109641
3361 0.0109596
3734 0.0109475
649 0.0109414
1904 0.010932
3107 0.0109277
3668 0.0109274
3767 0.0109163
3242 0.0109148
59 0.0109076
419 0.0108965
500 0.0108822
2829 0.0108761
1708 0.0108587
1634 0.0108426
311 0.010837
2857 0.0108353
510 0.0108353
3678 0.0108161
265 0.0108138
3440 0.0108134
838 0.0108107
2540 0.010802
2373 0.0108009
2952 0.0108006
3011 0.0107823
274 0.0107789
2105 0.0107777
587 0.0107772
1847 0.0107703
896 0.0107675
2023 0.0107648
930 0.0107634
3245 0.010761
1894 0.0107599
413 0.0107573
3605 0.0107491
1419 0.0107476
1415 0.0107451
711 0.0107363
807 0.0107274
837 0.0107272
950 0.0107228
3550 0.0107126
257 0.01071
741 0.0107024
3591 0.0106969
2517 0.0106949
3886 0.0106938
35 0.0106882
238 0.0106769
1131 0.010676
3349 0.0106717
667 0.0106705
760 0.0106617
2711 0.0106578
2514 0.0106551
3909 0.0106419
1616 0.0106408
2843 0.0106352
3475 0.0106345
519 0.0106229
1070 0.010622
2018 0.0106162
1235 0.0106145
517 0.0106105
3214 0.0106066
146 0.0106065
2803 0.0106043
3873 0.010596
3922 0.0105934
2846 0.0105933
87 0.0105918
2718 0.0105851
847 0.0105669
810 0.0105641
113 0.0105494
2961 0.0105394
3890 0.0105225
2728 0.0105193
104 0.0105184
2839 0.0104987
3876 0.0104961
1784 0.010492
2636 0.0104842
3331 0.0104744
3275 0.0104743
831 0.010473
423 0.0104723
1428 0.0104654
1541 0.0104563
555 0.0104514
2197 0.0104499
450 0.010442
3196 0.0104326
1348 0.0104179
3707 0.0104151
2727 0.0104053
1275 0.0104022
317 0.0104008
1338 0.0103897
1914 0.0103888
2251 0.0103818
1058 0.0103712
3013 0.01037
475 0.0103689
3750 0.0103685
2769 0.0103666
1927 0.0103635
27 0.0103626
2640 0.0103614
2402 0.0103597
778 0.0103546
3631 0.0103527
3859 0.0103453
387 0.01034
2667 0.010338
1161 0.0103358
3317 0.0103303
701 0.0103242
3977 0.0103217
3702 0.0103186
3976 0.0103129
3176 0.0102896
3270 0.0102872
845 0.0102852
1321 0.0102845
546 0.0102833
1933 0.0102813
951 0.0102768
3333 0.0102762
2690 0.0102751
2904 0.0102735
3144 0.010261
428 0.0102591
1991 0.0102543
1159 0.0102469
1630 0.0102436
3090 0.010237
1951 0.0102337
3860 0.0102239
13 0.0102201
660 0.010212
3190 0.0102006
2888 0.0101756
2870 0.0101628
3371 0.0101621
1443 0.0101577
2082 0.0101556
3557 0.0101528
696 0.0101528
1366 0.010144
1228 0.0101394
2868 0.0101333
474 0.0101311
3670 0.0101272
1507 0.0101233
580 0.0101231
314 0.0101225
1358 0.0101165
3279 0.010116
1995 0.0101131
1624 0.0101104
3205 0.0101081
3303 0.0100998
2027 0.0100986
3497 0.0100822
62 0.0100795
1249 0.0100744
2968 0.0100622
2784 0.0100614
3363 0.0100536
382 0.010051
246 0.0100487
3689 0.010038
3780 0.0100368
3312 0.0100255
1911 0.0100195
1527 0.0100166
634 0.0100028
553 0.00999918
45 0.00999773
3937 0.00999567
2202 0.0099894
1072 0.00998936
3693 0.00998626
2538 0.00997456
1357 0.00996347
431 0.00996049
3858 0.00995389
2192 0.00995147
3320 0.00994576
556 0.00994091
331 0.00993517
1949 0.00993483
765 0.00993074
3086 0.00992881
403 0.00992801
3307 0.00991985
1957 0.00991241
3573 0.00991092
2562 0.00990944
1583 0.00990865
2812 0.00989409
3410 0.00989202
3137 0.00986914
1496 0.00986757
2424 0.00986652
2024 0.00986495
1536 0.00986072
1944 0.00986011
1935 0.00985623
1273 0.0098385
2378 0.00983665
1109 0.00983491
3934 0.00982604
917 0.0098218
3156 0.00980063
3211 0.00979878
2941 0.00979842
2669 0.00979381
3302 0.00978429
3328 0.00977385
2406 0.00977239
3687 0.00977022
1093 0.00976765
2739 0.00976337
944 0.00975287
1225 0.00975229
645 0.00974873
693 0.00974839
3346 0.00974517
50 0.00974369
2964 0.00973891
843 0.00973876
1802 0.00973626
2780 0.00972957
924 0.00972419
2337 0.00972394
72 0.00971996
1114 0.00971859
2735 0.00971625
1919 0.00970749
1713 0.00968899
1871 0.00968689
2814 0.00968651
1783 0.00968549
3255 0.0096819
1694 0.0096777
3978 0.00967356
1189 0.0096718
1077 0.00967135
2848 0.00967037
840 0.00966567
4034 0.00966056
3818 0.00964613
973 0.00963549
1626 0.00962985
2881 0.00962903
709 0.00962894
3173 0.00962557
432 0.0096149
3159 0.00961445
1332 0.00961383
3438 0.0096134
2022 0.00960928
3027 0.00960491
3048 0.00960367
3431 0.00960215
1038 0.00959705
497 0.00959384
1342 0.00959125
367 0.00958853
2955 0.00957773
826 0.00957523
465 0.00956679
2583 0.00956187
931 0.00955529
1742 0.00955065
1459 0.0095471
410 0.00953728
449 0.00952657
1549 0.00952513
3471 0.00952026
3784 0.00951998
1529 0.00951486
3494 0.00950718
232 0.00950172
2047 0.00949961
1062 0.00949019
528 0.00947984
490 0.00946819
2011 0.00946745
3484 0.00946655
1482 0.00946644
2211 0.00945835
2447 0.0094533
646 0.00944671
2585 0.0094459
1011 0.00944156
224 0.00944118
542 0.00943402
3165 0.00940903
557 0.00939306
1553 0.00939287
2685 0.00939132
2566 0.00939107
1167 0.00938419
2832 0.00938151
212 0.00938047
344 0.0093798
3642 0.00937645
1702 0.00937531
1005 0.00935684
3272 0.00935673
340 0.00935134
3002 0.0093505
2659 0.00934237
1794 0.00934141
2009 0.009334
2719 0.00933262
248 0.00933196
2159 0.00933032
1094 0.00932895
1349 0.00932775
1372 0.00932642
106 0.00932273
2758 0.00932209
3666 0.00931523
1671 0.00931003
2494 0.0093081
3485 0.00930204
2980 0.00930063
445 0.00930026
295 0.00929949
2895 0.00928143
520 0.00928064
1008 0.00927853
1766 0.00927724
731 0.00927334
3777 0.00927106
2225 0.00926899
1343 0.00926579
3884 0.00926013
2956 0.00924715
2297 0.00923973
2097 0.00923821
2523 0.0092346
2443 0.00922975
462 0.00922838
3188 0.00922393
2831 0.00922179
2951 0.00922124
655 0.0092162
2416 0.00921038
3030 0.00920908
1892 0.00920251
513 0.00919816
1976 0.00919274
538 0.00919232
141 0.00919098
503 0.00919066
2932 0.00918875
2001 0.00918866
2066 0.00918761
590 0.00918445
439 0.00917384
1188 0.00916933
3417 0.00916685
3841 0.00916563
1893 0.00916477
1497 0.00915858
2772 0.00915447
3940 0.00915291
2777 0.00914864
3042 0.00913442
2918 0.00912594
3223 0.00910542
3067 0.00910485
3032 0.00910088
363 0.00909513
491 0.00909182
3627 0.00908908
1169 0.00908716
3062 0.00908471
1425 0.00907949
3140 0.00907884
405 0.00906696
1704 0.00906594
1998 0.00906372
3834 0.00905978
3656 0.00905446
1261 0.00905317
1322 0.00905252
1455 0.00904913
2119 0.00904547
948 0.00904186
942 0.00904092
1625 0.00903763
2702 0.00903308
316 0.00902735
700 0.00902609
1345 0.00902062
1674 0.00901738
2890 0.00901594
2346 0.00901459
3167 0.00901095
3763 0.00901054
434 0.00899976
2779 0.00899887
737 0.00898347
3050 0.00897558
235 0.00896481
3388 0.00896263
1237 0.00896028
484 0.00895326
2000 0.00895205
1748 0.0089453
128 0.00893228
2647 0.00893095
1923 0.00893016
1715 0.00892723
1080 0.00892512
1298 0.00891609
3651 0.00891203
545 0.00891162
559 0.00890798
2716 0.00889971
2871 0.00889922
456 0.00889328
1756 0.00889272
1014 0.00889132
2847 0.00888987
2318 0.00888452
3051 0.00887006
366 0.00886973
2715 0.00886953
1781 0.00886426
1141 0.00885791
3462 0.00885773
3208 0.00885503
2626 0.00884299
2686 0.008836
3103 0.00883039
3082 0.00882975
672 0.00882791
2738 0.00881493
3360 0.00881436
1729 0.00880945
561 0.00880793
165 0.0087967
1306 0.00879664
1972 0.00879509
1574 0.00879448
1502 0.00879222
1628 0.00879147
1277 0.0087833
1355 0.00877005
2944 0.00876487
2713 0.0087596
1258 0.00875902
998 0.00875329
3068 0.0087522
3936 0.00875104
3005 0.0087478
3232 0.00873776
436 0.00873303
2923 0.0087284
65 0.00872786
1346 0.00872734
1565 0.00872711
2610 0.00872446
3962 0.00871432
3154 0.00871324
2031 0.00871324
1807 0.0087042
3845 0.00870063
2986 0.00869543
1221 0.00869181
3589 0.00869152
530 0.00868727
2882 0.00868593
2840 0.00868487
507 0.00868467
1142 0.00868414
524 0.0086841
3688 0.00868325
3124 0.0086793
3517 0.00867812
496 0.0086771
3254 0.0086738
3161 0.008668
2936 0.00866469
3852 0.00866213
3104 0.0086559
722 0.00864776
1901 0.0086425
3828 0.00864135
3116 0.00863906
2085 0.00863887
1573 0.00863168
368 0.00862962
3795 0.00862067
1865 0.00861436
279 0.0086108
3177 0.0086083
2099 0.00859989
1678 0.00859458
3387 0.0085923
3697 0.00858586
3219 0.00858509
3259 0.00858304
1820 0.00857094
2004 0.00856527
1422 0.0085593
3426 0.00855182
75 0.00855053
2971 0.00855046
374 0.00853048
3452 0.00852421
3171 0.00852389
3069 0.0085221
699 0.00851973
3959 0.00851369
30 0.00850871
353 0.00850734
2759 0.00850282
223 0.00850215
2158 0.00849862
1924 0.00849685
1561 0.00849372
105 0.00849273
706 0.00848929
1051 0.0084819
920 0.00848163
1500 0.00848061
2036 0.00847339
2775 0.00847174
2162 0.0084612
723 0.00845474
404 0.00845438
1113 0.00844964
1844 0.0084454
1406 0.00844454
2754 0.00844232
1217 0.00843458
1204 0.00843436
2800 0.00843118
1673 0.00843085
3342 0.00842753
2328 0.00842582
651 0.00841286
3411 0.00841243
2008 0.00841196
1052 0.00841189
3330 0.00841014
1636 0.00840927
391 0.00840855
2388 0.00840748
1037 0.00840465
3406 0.00840221
3084 0.00840149
463 0.00839904
1479 0.00839569
461 0.0083945
1461 0.00839127
1611 0.00838306
1645 0.00837736
540 0.00837661
345 0.00837597
425 0.00837523
16 0.00837026
2915 0.00836976
502 0.00835847
3273 0.00835265
3563 0.0083489
2927 0.00834714
3785 0.00834551
134 0.00834547
3274 0.00833043
458 0.00832812
548 0.0083159
3292 0.0083156
2658 0.008315
3341 0.00831478
1686 0.00831405
593 0.0083137
485 0.00830622
3194 0.00830201
3512 0.00830162
3075 0.00829495
1139 0.00828971
1815 0.0082889
1035 0.00828706
3305 0.00828398
3101 0.00828239
2948 0.00828134
1695 0.00828122
2627 0.00827791
3253 0.00827401
2828 0.00826769
136 0.00825996
1824 0.00825557
821 0.00825459
3527 0.0082533
1492 0.00825122
954 0.00823846
3683 0.00823173
3658 0.00822751
3041 0.00821083
176 0.00820833
1473 0.0082042
3236 0.00820375
1850 0.00820281
2080 0.00820281
3609 0.00819812
2790 0.00819216
3396 0.00818905
493 0.00818821
3324 0.00818071
3817 0.00817907
360 0.00817412
2639 0.00817395
2966 0.00816694
3461 0.00816501
3184 0.00816312
395 0.0081599
3762 0.00815695
3351 0.00815211
1440 0.00814426
1692 0.00814333
812 0.0081417
2744 0.00813571
3044 0.00813533
968 0.00813248
1958 0.0081167
2742 0.00811459
905 0.00810203
562 0.00810191
276 0.00809318
900 0.00808795
69 0.00808311
3843 0.00806785
3046 0.00805334
1706 0.00805311
452 0.00804961
3457 0.00803856
1099 0.00803839
1968 0.00803365
981 0.00803352
1751 0.00802369
2633 0.0080228
2054 0.00802276
3287 0.00802185
318 0.00802105
3052 0.00801913
1102 0.00801221
1210 0.00800778
2943 0.0080044
1828 0.00799975
2750 0.00799631
2661 0.0079954
525 0.00799434
1065 0.00799185
3340 0.00799066
735 0.00797686
1226 0.007966
1965 0.00796183
3252 0.00795876
3578 0.00795295
3942 0.00794821
1744 0.0079431
473 0.00793972
2958 0.00793672
1155 0.0079263
2116 0.00791654
1677 0.00791539
1121 0.00791392
3288 0.00790881
298 0.00790825
1464 0.0079027
3572 0.00790133
3036 0.00790113
2425 0.00789794
2996 0.00789754
3060 0.00789732
2938 0.00789684
2906 0.00789337
3035 0.00788201
3152 0.00787588
844 0.00787123
3017 0.0078699
3654 0.00786902
2366 0.00786775
2745 0.00786231
3681 0.0078589
3299 0.00785751
2747 0.00785667
1067 0.0078561
1543 0.00784914
3944 0.00784319
1681 0.0078408
2892 0.00784033
1260 0.00783516
3973 0.00783436
2296 0.00782997
409 0.00782092
2157 0.00781827
2894 0.0078182
3026 0.0078119
962 0.00781021
138 0.00780547
2070 0.00780296
710 0.0078017
2545 0.00779845
762 0.00779592
1569 0.00779555
402 0.00779161
772 0.00779078
415 0.00778963
1369 0.00778951
1001 0.00778552
1354 0.00778349
940 0.00778241
1082 0.00778231
1299 0.00777997
1999 0.00777539
2025 0.00777433
161 0.00777417
986 0.00777364
514 0.00777326
3078 0.00777001
570 0.00776857
1246 0.00776811
3267 0.00776782
2752 0.00776743
3409 0.00776549
949 0.00776419
3755 0.007763
1801 0.00776238
3397 0.00776189
1462 0.00775969
2866 0.00775819
1763 0.00775718
3172 0.00775588
2819 0.00775105
3732 0.00774959
2736 0.00774783
1899 0.00774277
2946 0.0077411
1852 0.00774058
1498 0.00774005
421 0.00772986
2877 0.00772532
3043 0.00772019
2990 0.00770427
3582 0.00770007
3356 0.007696
1244 0.00768565
297 0.00768268
479 0.00766955
3133 0.00766671
2145 0.00766361
1921 0.00765857
3434 0.00765836
1596 0.0076554
3404 0.00764904
2901 0.00764827
3480 0.00764566
756 0.00764485
2706 0.00763444
417 0.00763143
2182 0.00763133
3185 0.00762042
1373 0.00761748
3301 0.00761513
492 0.00761484
3054 0.00761428
378 0.0076106
2130 0.00760615
761 0.00760276
591 0.00759125
2825 0.00757385
1310 0.00757214
2133 0.007567
191 0.00756332
3217 0.00755803
3293 0.00755456
123 0.00754922
398 0.00754868
3294 0.00754573
3225 0.00754341
3520 0.00753401
3034 0.00752218
1020 0.00752125
1950 0.00751909
965 0.00751841
1327 0.00751654
3097 0.00751503
2793 0.00750971
1292 0.00750316
3492 0.00750117
3191 0.0074995
2664 0.00749683
370 0.00749429
2887 0.00748628
3234 0.00748509
2873 0.00747859
494 0.00747788
1495 0.00747269
1100 0.00746805
2797 0.00745296
1633 0.00745203
2743 0.00745146
1042 0.0074389
2761 0.00743204
3832 0.00742715
1906 0.00742261
2459 0.00740794
2707 0.00740644
3491 0.00740354
1311 0.0073967
3212 0.00739249
721 0.00739119
3179 0.00739073
1525 0.00738976
3377 0.00738912
1227 0.00738426
3298 0.00738321
1320 0.00738109
1179 0.00737754
2763 0.00737682
3118 0.00737586
1104 0.00736585
690 0.00735392
2748 0.00735366
3022 0.00735309
3373 0.00735219
3038 0.00734962
2913 0.00734627
2984 0.0073461
1786 0.00734536
2757 0.00734103
1220 0.00734073
2916 0.00733599
914 0.00733555
3016 0.00733486
3239 0.00732995
3096 0.00732823
3209 0.00732546
1140 0.00732479
3175 0.00732168
3291 0.00732153
2844 0.00732036
1913 0.00732026
3574 0.00731874
1817 0.00730771
915 0.00730768
2782 0.00730699
2801 0.00729791
1183 0.00729676
3193 0.00729025
3913 0.00728406
2270 0.00728135
3261 0.00726996
3276 0.00726408
569 0.00725799
941 0.00725728
3350 0.0072511
1282 0.00724829
1429 0.00724774
3348 0.00724628
1018 0.00724607
3415 0.00724428
3114 0.00724128
1257 0.00724092
1294 0.00723653
1148 0.0072311
352 0.00723001
3186 0.00722865
1095 0.00722799
560 0.00722751
3058 0.00721721
2050 0.00720985
2081 0.0072083
418 0.00720349
2452 0.00719828
558 0.00719234
3337 0.00718809
267 0.00718085
2480 0.00717422
3146 0.00717397
3741 0.00716713
1982 0.00715873
2435 0.00715705
338 0.0071479
2787 0.00714255
535 0.00714114
3018 0.00714053
3353 0.0071389
1385 0.00713689
604 0.007135
3430 0.00713447
2641 0.00712687
2694 0.00712291
3089 0.00712254
1231 0.00712251
400 0.00712089
3023 0.00711994
2322 0.00711653
1487 0.00711271
394 0.00711189
957 0.00711116
1382 0.00710733
1427 0.00710696
2325 0.00710393
1408 0.00710272
1444 0.00710011
2683 0.00709303
1773 0.00709098
3289 0.00709056
1418 0.0070863
2755 0.00708399
3277 0.00708385
1223 0.00707772
3182 0.00707597
1412 0.0070736
1501 0.0070714
2965 0.00706856
541 0.0070669
2312 0.00706673
3286 0.0070644
2166 0.00706182
3110 0.00705938
3000 0.00705672
1296 0.00705647
2762 0.00705009
1780 0.00704519
1575 0.00703483
66 0.0070231
3258 0.00701563
444 0.0070094
1347 0.00700188
430 0.00699727
1862 0.00699633
3450 0.00699462
971 0.00698852
3132 0.00698758
1129 0.00698745
2994 0.00698484
1699 0.00698352
3024 0.00698178
544 0.00698045
3129 0.00697957
3150 0.00697941
2810 0.00697716
3618 0.00697601
3201 0.0069756
935 0.00697215
2557 0.00696889
2327 0.00696774
2988 0.00696723
3393 0.00696685
2827 0.00696577
3326 0.00696469
1215 0.00696153
1730 0.00695941
1192 0.00695876
3429 0.00695135
2905 0.00694598
221 0.00693756
2199 0.00693095
3197 0.00692936
3142 0.0069266
2186 0.00692512
2751 0.00692347
3334 0.00690802
759 0.00689865
515 0.00687962
3111 0.00687935
1931 0.00687924
268 0.00687735
3145 0.00687601
3203 0.00687552
1869 0.00687352
1680 0.00687153
1882 0.00686976
2921 0.00686783
1031 0.00686448
3358 0.00686405
3249 0.00686389
3796 0.00686271
3076 0.00686257
2029 0.00686079
2869 0.00686029
1032 0.0068562
2823 0.00685514
2931 0.00685043
438 0.00684838
1036 0.00684362
3015 0.00683871
1732 0.00683794
3088 0.00683647
103 0.00682464
1475 0.00681861
2912 0.00681042
3552 0.00679531
715 0.00678316
1170 0.00677819
2665 0.00676519
1800 0.0067602
55 0.00675585
3260 0.00675057
3079 0.00674952
2242 0.0067475
3262 0.00674317
3265 0.00673688
2141 0.00673675
1158 0.00672758
2833 0.00672344
2687 0.00672268
1514 0.00671869
2666 0.00671753
1481 0.00671688
1374 0.00671654
2768 0.00671222
1878 0.00671184
1857 0.00671157
2072 0.00671027
1716 0.0067083
1166 0.00670749
3403 0.00670671
536 0.00670258
3435 0.00670229
1928 0.00670062
3575 0.0067002
1818 0.00669938
566 0.00669787
2794 0.00669669
1691 0.00669487
1526 0.00669416
919 0.00668625
2995 0.00668433
2176 0.00667948
751 0.0066783
2947 0.00667782
3189 0.00667672
2878 0.0066736
290 0.00666916
3151 0.00666275
2883 0.0066589
1247 0.0066576
2783 0.00665701
1199 0.00665643
446 0.00662975
2675 0.00662695
2806 0.00662633
2400 0.00661057
3362 0.00660822
3257 0.00660502
936 0.0066003
2731 0.00659722
641 0.00659706
3315 0.00659527
898 0.00659423
392 0.00659369
1021 0.00658833
512 0.00658667
3033 0.00658579
2960 0.00658535
3093 0.00658475
1432 0.00657664
495 0.00657471
1279 0.00657032
2723 0.00656207
2929 0.00655442
1602 0.00654757
1436 0.00654661
2642 0.00654334
2413 0.00653849
3357 0.00652871
1728 0.00652262
2785 0.0065133
933 0.00651147
2914 0.00650942
3375 0.00649685
1318 0.00649642
2876 0.00649602
1767 0.00649473
913 0.00649312
2345 0.00649003
2937 0.00648473
3195 0.00648432
1655 0.00648283
1881 0.00647952
2598 0.00647866
2909 0.00647773
2674 0.00647707
1315 0.00647674
1229 0.00647664
1646 0.00647372
523 0.00647088
2778 0.00647027
3158 0.00646678
2389 0.00646183
2729 0.00646072
3400 0.00645485
3345 0.00645355
606 0.00644969
2362 0.00644655
1740 0.00644625
1578 0.00643555
2991 0.00643547
3174 0.00643501
3237 0.00642346
3359 0.00641974
1558 0.00641025
2701 0.00639468
1577 0.00639386
2531 0.00639368
2272 0.00638943
2714 0.00638459
2584 0.00638343
2673 0.0063831
1727 0.00638259
1778 0.00637892
2282 0.00637783
1827 0.00637346
3736 0.00636932
183 0.00636507
3352 0.00636177
426 0.00636039
2854 0.00635921
3213 0.00635747
537 0.0063504
1122 0.00635004
2919 0.00635004
1888 0.00635001
2155 0.00634817
506 0.0063474
1515 0.00634665
3123 0.00634345
2222 0.00634304
2111 0.00634058
2708 0.00633884
3943 0.00633441
2862 0.00633303
2741 0.00633294
1490 0.00633236
2438 0.00633151
1872 0.00633084
2367 0.00632869
3304 0.0063257
2660 0.0063242
3198 0.00632278
2676 0.00632159
527 0.00630879
2928 0.00630712
2867 0.00630275
3226 0.00630182
3418 0.00629676
1679 0.00629319
2649 0.00627931
1897 0.00627864
3414 0.00627002
854 0.00626966
1745 0.00626091
3313 0.00624932
2830 0.00624901
1661 0.00623436
2014 0.00622728
2900 0.00622536
375 0.00622535
440 0.0062229
1512 0.00622262
637 0.00622196
3390 0.00621884
2992 0.00621743
3073 0.00621399
3109 0.00621035
1396 0.00620941
1540 0.00620738
1034 0.00620724
1015 0.00620487
3339 0.00620358
3025 0.00620317
1930 0.00619709
2781 0.00619675
388 0.00619539
1426 0.00619463
1883 0.0061946
2874 0.00619374
1649 0.00619291
2765 0.00619271
1044 0.00619156
3009 0.0061909
3347 0.00619039
2998 0.00618304
2038 0.00618087
1885 0.0061734
2786 0.00616928
3064 0.00616856
2859 0.00616762
744 0.00614017
2942 0.00613171
3215 0.00611137
2612 0.00610286
2384 0.00609756
2679 0.00608887
3467 0.00608859
2749 0.00608843
1550 0.0060826
3220 0.00607275
1241 0.00607211
1413 0.00607184
2304 0.00607156
3204 0.00607043
341 0.00606805
1606 0.00606324
1521 0.00606096
2945 0.00606039
1503 0.00605871
2939 0.00605794
1579 0.00605421
3395 0.00605043
3049 0.00604984
526 0.00604167
2415 0.00604145
2601 0.00603338
1471 0.00602048
1025 0.00601545
1870 0.00599597
3380 0.00597957
3166 0.00597336
2967 0.00597303
1631 0.00596099
1352 0.00595701
1151 0.0059539
1405 0.00595013
3238 0.00594739
2950 0.00594613
3386 0.00594417
1120 0.0059422
2969 0.00594191
1108 0.00594144
3169 0.0059385
2924 0.00593847
2235 0.00593783
3135 0.00593773
3421 0.00593686
3070 0.00593548
2907 0.00593481
3297 0.00592266
2974 0.00592081
975 0.00592059
1285 0.00591979
2183 0.00591868
3344 0.00591731
2756 0.00591477
2262 0.00590484
1007 0.00589017
1465 0.00587823
1557 0.00586039
2221 0.00584991
3436 0.00584364
2226 0.00583923
3148 0.00583752
3040 0.00583056
1173 0.00582928
3296 0.00582534
3381 0.00582491
2804 0.00582106
1284 0.00581991
976 0.00581886
1841 0.00581741
1846 0.00581504
1875 0.00581075
2880 0.00581054
969 0.00580909
1423 0.00580888
2796 0.00580612
1448 0.00580514
2215 0.00580362
2712 0.00580243
3100 0.00580213
3102 0.00579489
2737 0.0057898
451 0.005788
2698 0.0057821
3115 0.00577352
2336 0.00576923
2220 0.00576923
1364 0.00575833
3889 0.0057509
629 0.00574064
1830 0.00573848
1078 0.00571864
1454 0.00570833
1446 0.00569787
3065 0.0056948
2637 0.00569466
3224 0.00569343
922 0.00569166
1303 0.00569115
1812 0.00568645
2993 0.00568465
984 0.00568436
2283 0.00567515
10 0.00567338
1903 0.00566883
3119 0.005668
2419 0.0056678
1859 0.00566637
1647 0.00566565
2684 0.00566514
448 0.00566412
982 0.00566131
3113 0.00565238
2491 0.0056517
2019 0.00565045
3085 0.00564298
1835 0.00562527
2567 0.00562082
1855 0.00560223
2845 0.00559692
2454 0.00559287
1391 0.0055873
2740 0.00558603
1746 0.00558517
488 0.00558386
3319 0.00558199
164 0.00558087
2555 0.00557801
3007 0.00557439
2672 0.00557137
1019 0.00557001
2717 0.00556742
3378 0.0055638
2940 0.00556312
2355 0.0055624
1012 0.00556196
2259 0.00555979
1060 0.00555888
2580 0.00555664
1535 0.00555043
1682 0.00555006
683 0.00554931
1309 0.00554691
1350 0.00554643
3160 0.00554547
2689 0.00554092
960 0.00553828
1688 0.00553572
1508 0.00553469
2875 0.00553351
511 0.00552777
2372 0.00552399
2471 0.00552131
1932 0.0055199
482 0.00551722
1804 0.00551282
2872 0.00551251
1584 0.00550788
2409 0.0054903
3306 0.00548941
2511 0.00548469
880 0.00547845
2733 0.00546679
2981 0.0054553
3199 0.00545293
995 0.00545147
3106 0.00545064
3281 0.00544664
371 0.00544622
3788 0.00544069
420 0.00543928
2003 0.0054391
1324 0.00543631
1009 0.00543384
2976 0.00543165
2434 0.00543072
2973 0.00543056
3332 0.00543007
2815 0.00542818
2432 0.00542596
1510 0.00542412
2180 0.00541796
3603 0.00541564
2209 0.00541507
1379 0.00541278
1081 0.00540965
2525 0.0054086
3210 0.00540327
3247 0.0054023
1300 0.00540113
3686 0.00540092
3092 0.00539986
1738 0.00539982
1103 0.00539957
336 0.00539024
2510 0.00538799
3865 0.00538487
1392 0.00538188
416 0.00537797
1483 0.00537441
1006 0.00537435
208 0.00536743
3192 0.00536537
648 0.00536509
2278 0.00536398
1946 0.0053633
2247 0.0053454
2376 0.00533266
2704 0.00532877
669 0.0053263
1400 0.00532224
60 0.00531784
1066 0.00531747
2013 0.00530653
34 0.00530651
2088 0.00530303
1438 0.00530178
2243 0.00529859
2989 0.00529562
2681 0.00529415
1863 0.00529319
1768 0.00528917
1238 0.00528896
2332 0.00528274
2582 0.0052723
1587 0.00526935
2298 0.00526895
2753 0.00526579
994 0.00526502
2218 0.00526316
1612 0.00526316
2970 0.00526036
1718 0.00525896
1947 0.00525641
2125 0.00524991
2292 0.00524968
1076 0.00524968
1367 0.00523299
2695 0.00523266
1620 0.00522897
3367 0.00522538
2816 0.00522391
2229 0.00521231
2369 0.00520305
2092 0.00519357
1281 0.00518765
3284 0.00518539
3321 0.00518045
2266 0.00518001
2603 0.00517817
3433 0.00517668
3056 0.00517078
1945 0.00516929
2045 0.00516529
2396 0.00516263
2224 0.00516253
2350 0.00515995
2101 0.00515935
3149 0.00515838
1761 0.00515383
2911 0.00514716
989 0.0051469
1024 0.00514292
2516 0.00514193
3364 0.00514029
601 0.00514006
1948 0.00513612
3108 0.00513284
2087 0.00512143
1926 0.00512094
1658 0.00511937
2692 0.00511436
305 0.00508651
2891 0.00508391
3379 0.00507058
1435 0.00506919
1245 0.00505804
1720 0.00505751
487 0.0050557
3316 0.00505496
250 0.00505005
3021 0.00504672
1509 0.00504377
1316 0.00504236
1313 0.00503929
1848 0.00503502
2302 0.00503379
1790 0.00503311
1920 0.00503291
1029 0.00503074
2232 0.00502922
2476 0.00502698
1839 0.00502635
1663 0.00502418
2068 0.00502109
2811 0.00502033
3355 0.0050179
2148 0.00501566
2387 0.0050127
2096 0.00501157
1101 0.00501096
2028 0.00500928
3004 0.00500747
2770 0.00500689
2896 0.00500688
2537 0.00500642
1635 0.00500511
2319 0.00500349
1902 0.005
1845 0.00499826
945 0.00499331
1376 0.00498339
2333 0.00497734
1805 0.0049523
1833 0.00494951
2324 0.00494924
1592 0.00494499
3039 0.00493689
2067 0.00493467
2016 0.00493306
2662 0.00492885
3323 0.00492833
2499 0.00491652
3416 0.00491203
2533 0.00490849
2608 0.00490401
2529 0.00489869
1873 0.00489373
3120 0.00489344
3206 0.00489321
2680 0.00489282
2925 0.00489255
902 0.00489155
2509 0.00488934
3029 0.00488444
1622 0.0048793
1853 0.0048788
614 0.00487845
2368 0.00487728
2075 0.00487694
2616 0.00487038
2985 0.00486919
1480 0.00486692
2012 0.0048635
1330 0.00485583
1554 0.00484799
925 0.00484138
2963 0.00483739
1086 0.00482957
3704 0.00482844
1777 0.00482842
2987 0.00482049
1697 0.00481716
4010 0.00480497
1582 0.00480365
1431 0.00479798
1576 0.00479418
1390 0.00479275
2502 0.00479266
3335 0.00478971
565 0.00478746
2142 0.00478345
3384 0.00478237
3117 0.00477974
2315 0.0047791
2344 0.00477789
4015 0.00477774
1571 0.00477609
1619 0.00476958
2393 0.00476848
2135 0.00476701
1940 0.00476648
2449 0.00476603
1621 0.00476363
1942 0.00475977
2002 0.00475789
3391 0.00475418
2910 0.00475393
1618 0.0047519
2153 0.00475116
1404 0.00474685
3712 0.0047438
2268 0.00474359
2244 0.00474359
1522 0.00474359
1124 0.00474359
1675 0.00474327
1516 0.00474301
2897 0.00474268
2377 0.00474237
2117 0.0047418
390 0.00474014
1250 0.00473812
2294 0.00473636
2428 0.00472481
2492 0.00472421
2205 0.0047063
2395 0.00469782
671 0.0046976
2590 0.00469543
79 0.00469277
1489 0.0046812
4008 0.00467219
1836 0.00466796
471 0.00466559
1954 0.00466382
2773 0.00466007
1125 0.00465875
2234 0.00465789
1523 0.0046545
1126 0.00464952
750 0.00464537
1230 0.00464516
2078 0.00464396
2920 0.00464126
1856 0.00463022
3098 0.00462907
1056 0.00462589
2331 0.00462131
3399 0.0046186
1809 0.00461716
1185 0.00461538
1538 0.00461007
1269 0.00460829
2032 0.00460574
2037 0.00460092
2310 0.00458819
2629 0.00458585
2504 0.00458482
1430 0.00458293
2007 0.00457666
2219 0.00457628
2150 0.00457317
1191 0.00455863
1152 0.00455537
4024 0.00454718
3984 0.00454718
1816 0.0045284
2194 0.00452255
2279 0.00452196
2254 0.00452196
1115 0.00451745
2853 0.00451699
1205 0.00451496
2953 0.00451348
1764 0.00451083
2835 0.00450494
1712 0.0045045
2048 0.00450432
2138 0.00450044
1614 0.00449919
3955 0.0044976
1153 0.0044964
2033 0.00449583
1211 0.00449583
3240 0.00449303
2083 0.00449236
2597 0.00448721
2607 0.00448718
2056 0.00448624
946 0.00448603
1811 0.00448543
2196 0.00448143
1750 0.00448029
1559 0.00448029
1570 0.00448005
2600 0.00447227
1984 0.00446885
2289 0.00446881
1456 0.00446877
2240 0.00446486
676 0.00445425
4035 0.00444612
4022 0.00444612
1049 0.00443967
63 0.0044371
1993 0.00442087
2131 0.00441919
1519 0.00441278
1458 0.00441146
2594 0.00440119
2069 0.00439959
2273 0.0043956
2705 0.0043931
1868 0.0043905
906 0.00438991
1196 0.00438874
1938 0.00438766
1329 0.00438596
521 0.00438501
1970 0.00438344
1590 0.0043772
3419 0.00437331
1513 0.00437185
1765 0.0043679
2147 0.00436764
2473 0.0043674
2093 0.00436569
2501 0.00436504
1377 0.00436457
2512 0.00436406
3170 0.00436403
1449 0.00436263
2568 0.00435915
1736 0.00435897
1941 0.00435618
1222 0.00435339
2250 0.00435098
2043 0.00434227
2482 0.00433673
1754 0.00432999
2030 0.004329
1714 0.004329
1752 0.00432209
2414 0.00432075
2323 0.00432075
1943 0.00431911
3370 0.00431473
1506 0.00431254
2493 0.00428171
3422 0.00427882
1370 0.00427019
2379 0.00426767
1842 0.00426632
1638 0.00426503
2430 0.00426467
1966 0.00426357
1595 0.00426154
988 0.00426061
897 0.00425837
1925 0.00425806
1823 0.00425796
1598 0.00425568
2191 0.00425526
2132 0.00425519
1143 0.00425479
3014 0.00425227
1983 0.00425203
2417 0.00425031
2288 0.00424932
1644 0.00424887
2908 0.00424756
1683 0.00424681
2102 0.00424209
953 0.00423921
1879 0.00423077
1986 0.00422914
442 0.00422788
1255 0.00422427
1172 0.00422327
2458 0.00421998
1263 0.00421325
2280 0.0042125
2149 0.00421079
2560 0.00420972
2604 0.00420918
1867 0.00420807
2451 0.0041949
1022 0.0041943
1753 0.0041928
926 0.00419127
1600 0.004144
1451 0.00414297
2385 0.00413914
2864 0.00413832
2057 0.00413227
1907 0.00413091
2592 0.00412903
2161 0.00412779
1040 0.00412642
1059 0.00412637
1861 0.00412412
2309 0.00412318
983 0.0041204
2233 0.0041184
2420 0.00411523
2223 0.00411468
2498 0.0041131
1388 0.00411259
2500 0.00411153
2104 0.00411153
2052 0.00410972
1147 0.00410892
2354 0.00410889
1959 0.00410804
1291 0.00410592
1643 0.00410256
2463 0.00409626
1916 0.00409342
1411 0.00409016
1488 0.00408685
3879 0.00408617
2507 0.00408215
2154 0.00408163
2112 0.00408163
2174 0.00407972
2187 0.00407955
2586 0.00407436
1117 0.00407275
851 0.00406886
2611 0.00406814
2118 0.00405268
2110 0.00401507
1272 0.00400891
1662 0.0040062
2508 0.00400413
1184 0.00400413
1068 0.00400379
2720 0.00400364
2977 0.00400199
2391 0.00400145
1017 0.00400111
1409 0.00399842
3250 0.00399557
1130 0.00399403
1397 0.00399383
1344 0.00399369
2206 0.0039897
2460 0.00398765
2293 0.00398686
2588 0.00398621
2062 0.00398589
2390 0.00398489
3228 0.00398451
1175 0.00398048
1123 0.0039788
1572 0.00397762
1813 0.00397436
1004 0.00397436
1460 0.0039741
2436 0.00397068
1668 0.00397029
2652 0.00396834
1623 0.00396207
1793 0.00395913
2526 0.00395863
3854 0.0039537
2169 0.00395336
2850 0.00395056
1339 0.00395012
1083 0.00394642
1091 0.00394368
2123 0.00391562
1774 0.00389473
3163 0.00388972
1156 0.0038843
927 0.0038835
1637 0.00387981
1389 0.00387881
1603 0.00387805
2551 0.00387497
1791 0.00387286
3047 0.00387097
1491 0.00387097
2143 0.00386997
1799 0.00386997
2559 0.00386847
2063 0.00386847
1884 0.00386769
1981 0.00386418
1288 0.0038637
2593 0.003861
2445 0.003861
1707 0.003861
1653 0.003861
1955 0.00385896
1717 0.00385406
2203 0.0038538
1110 0.00385064
916 0.0038506
1181 0.00384572
1286 0.00384412
2058 0.00383777
2053 0.00383632
1589 0.00383548
1613 0.00383338
2469 0.00383142
1128 0.00382658
993 0.00381971
2578 0.00381098
1610 0.00380904
2252 0.00380683
3235 0.00379999
2624 0.00379939
2172 0.00379123
2602 0.00378788
2340 0.00378788
2802 0.00377502
1952 0.00376873
959 0.00374919
2338 0.00374725
2849 0.00374659
2370 0.0037458
2381 0.00374483
1979 0.00374483
1026 0.00374285
2090 0.00374242
1340 0.00374242
921 0.00374103
1312 0.00373973
875 0.00373895
1597 0.00373893
365 0.00373838
2475 0.00373711
2303 0.0037355
2134 0.00373415
2429 0.00373341
1182 0.00373116
1724 0.00372982
932 0.00372945
2074 0.00372942
2394 0.00372272
3243 0.00371996
2643 0.00371975
2465 0.00371761
2472 0.00371446
1547 0.00371414
2351 0.00371319
1741 0.00370552
1256 0.0037037
2253 0.00369427
2347 0.00369098
1302 0.00369075
2140 0.00368675
2246 0.0036798
1447 0.00367724
2241 0.00366944
2042 0.0036562
1069 0.00364882
1401 0.00362377
2290 0.00362319
2039 0.00362319
1609 0.00362319
892 0.0036191
1048 0.00361851
1900 0.00361782
3112 0.00361721
2589 0.00361516
2177 0.00361502
2561 0.0036129
2299 0.0036129
1617 0.00361276
2423 0.00361057
3408 0.0036101
1047 0.00360054
1898 0.00360036
1437 0.00359751
2553 0.00359666
1146 0.00359389
1939 0.00359271
1271 0.00359198
2477 0.00359112
2398 0.00359083
1305 0.00358763
2625 0.00358423
2184 0.00358423
2077 0.00358423
1132 0.00358342
2300 0.00358095
2026 0.00357862
2399 0.00357415
1782 0.00356894
2165 0.00356316
2084 0.00355293
2746 0.0035442
2305 0.00353356
3597 0.00352756
1484 0.00350136
1608 0.0034965
2144 0.00349468
2549 0.00349379
2352 0.00349379
2010 0.00349379
1918 0.00349379
1563 0.00349379
1849 0.00349063
1639 0.00349027
1735 0.00348882
1341 0.00348432
1079 0.00348432
1819 0.00348368
1685 0.00348321
1149 0.00348297
2163 0.00348266
891 0.00348084
2571 0.00348073
1470 0.00347949
1416 0.00347812
2275 0.0034749
2386 0.00346865
1659 0.00346598
1074 0.00346229
1520 0.00346226
2073 0.00346154
2638 0.00346065
2461 0.0034592
1335 0.00345799
1361 0.00345755
1556 0.00345414
1084 0.00344909
2380 0.00344408
2654 0.00343861
1929 0.00343861
1962 0.00343774
2071 0.00343065
2619 0.00342988
1700 0.00342727
2917 0.00342192
947 0.00341688
2605 0.00340256
883 0.00337101
2267 0.00336831
2190 0.00336439
2164 0.00336439
2103 0.00336439
1243 0.00336439
571 0.00336408
1063 0.0033593
2356 0.00335917
2326 0.00335917
2271 0.00335917
2609 0.00335831
1737 0.00335831
1190 0.00335798
1160 0.00335744
2005 0.00335484
2617 0.00335397
2115 0.00335397
1826 0.00335397
2044 0.00335307
3134 0.00335184
1832 0.00333786
2359 0.00333718
1267 0.00333333
2408 0.00333205
1280 0.00332931
1003 0.00332912
1864 0.00332864
907 0.00332731
2109 0.00332056
980 0.00332003
1399 0.00331971
1334 0.0033196
2518 0.00331766
1985 0.00331633
2576 0.00331501
1604 0.00331464
2363 0.00331252
2348 0.00331126
2095 0.00331042
2506 0.00330188
1710 0.00329796
3202 0.0032788
2543 0.00327538
1887 0.0032546
972 0.00323675
2446 0.00323499
1485 0.00323318
2544 0.00322845
2295 0.00322788
2040 0.00322497
2520 0.00322373
1336 0.00322373
2274 0.00322345
2530 0.00322096
999 0.00321853
2478 0.0032179
2615 0.0032175
1530 0.0032175
2383 0.00321712
2519 0.00321492
997 0.00321364
1054 0.00321013
2468 0.00321007
1669 0.00320143
1414 0.00319806
2646 0.00319285
2139 0.00319203
2653 0.00319067
2410 0.00317824
1551 0.00317824
967 0.00317481
3094 0.00316044
2189 0.00315713
288 0.00312734
2655 0.00310559
2635 0.00310477
1380 0.00310278
1987 0.00310023
2121 0.00309997
1539 0.00309997
1381 0.00309581
1605 0.00309153
1393 0.0030886
2124 0.00308721
2546 0.00308642
2128 0.00308409
2200 0.00308285
1457 0.00308177
978 0.00308152
2201 0.00308087
2623 0.00307692
2467 0.00307692
2308 0.00307692
1209 0.00307595
1994 0.00307581
1810 0.00307515
2485 0.00307338
2237 0.0030722
2064 0.0030722
1467 0.0030722
3928 0.00306924
2213 0.00306592
1112 0.00305814
3765 0.0030581
1331 0.0030562
2564 0.00303951
1886 0.00303604
2059 0.00303298
1420 0.00303112
1362 0.00299482
673 0.00298453
1580 0.00297789
2556 0.00297581
1265 0.00297428
1359 0.00297379
2122 0.00297234
2257 0.00296774
2575 0.00296583
2521 0.00296583
2188 0.00296392
1407 0.00296349
1532 0.00295461
1207 0.00295255
1542 0.00294614
1789 0.00294498
2563 0.00294494
2484 0.00294419
1689 0.00294419
1721 0.00292804
125 0.00291563
2798 0.00291535
385 0.00291346
1632 0.00289613
2175 0.00287558
2852 0.0028644
652 0.00285526
2264 0.0028479
1757 0.00284642
1796 0.00284274
610 0.00284244
1195 0.00284168
2020 0.00284164
1795 0.00284128
2086 0.00283798
2307 0.00283688
2572 0.0028331
1398 0.00283212
1351 0.00283073
1201 0.00283067
2550 0.00282922
1528 0.00282739
1851 0.0028264
1092 0.00282472
1769 0.00282462
1402 0.00282295
1163 0.00282051
1135 0.0028165
2554 0.00281618
2060 0.00281583
2404 0.0028133
1214 0.00281321
2239 0.00280387
2276 0.00280112
1772 0.0028003
1233 0.00276767
153 0.00274938
1722 0.00271099
1665 0.00271073
1107 0.00270793
2522 0.00270785
2860 0.00270293
1652 0.00270062
2630 0.0026975
2179 0.00269162
1198 0.00269162
966 0.00268542
1290 0.00267918
2098 0.00267891
2539 0.00267857
2212 0.00267857
2216 0.00267618
2137 0.00267563
1395 0.00266317
2547 0.00259
2479 0.0025862
2151 0.00258262
2573 0.00257998
1524 0.00256999
1917 0.00256739
1821 0.00256642
2855 0.00256628
2306 0.00256509
1028 0.0025635
2065 0.00256262
2339 0.00255558
2127 0.0025529
2418 0.00255135
2285 0.00254836
2108 0.00254065
2464 0.00253872
2330 0.00253755
1278 0.0024594
1963 0.00245478
1971 0.00245351
1775 0.00245059
1039 0.00244879
1891 0.00243496
2329 0.00243216
1997 0.00242656
2722 0.00237073
2374 0.00232919
952 0.00232919
1874 0.00232774
1289 0.00232708
1180 0.00232558
1953 0.00232288
2185 0.0023183
1075 0.00231753
2579 0.00231601
1323 0.00231452
1734 0.00231425
2427 0.00231324
2334 0.00231244
1287 0.00231125
1771 0.00230917
1239 0.00230831
1517 0.00230812
2574 0.00229944
2542 0.00229592
234 0.00221484
2532 0.00219695
207 0.00219597
2210 0.00219582
2249 0.00219432
2046 0.00219383
2208 0.00219369
2536 0.00217162
2495 0.00217114
1375 0.00217021
2258 0.0021594
656 0.00213892
2599 0.00213775
1293 0.00207039
2496 0.0020695
2261 0.00206718
1723 0.00206665
1989 0.00206638
2462 0.00205477
1877 0.00204897
3125 0.00204335
2392 0.00194099
1843 0.00193672
1164 0.00192601
2433 0.0019253
2343 0.00190935
3282 0.00182762
1242 0.00181371
2055 0.00180925
2591 0.00180041
2631 0.00179814
2287 0.00179809
2606 0.00179487
860 0.00179296
2311 0.00179209
1969 0.00169573
2353 0.00167959
2613 0.00167742
2136 0.0016731
2489 0.00167181
934 0.00166881
1365 0.00166617
638 0.00157572
2552 0.0015528
1116 0.0015498
2021 0.00154839
1755 0.00152035
1439 0.00151724
1463 0.00146025
624 0.00145015
668 0.00144993
613 0.00144993
585 0.00144993
608 0.00144654
1417 0.00143376
1967 0.00142096
1651 0.00141018
2198 0.00140514
1219 0.00139932
1690 0.00138182
801 0.00136139
1176 0.00133216
674 0.00132075
607 0.00132075
602 0.00132075
3006 0.00126865
2442 0.0012511
692 0.00123529
550 0.00117176
2407 0.00116234
2524 0.00114508
358 0.00104592
447 0.000917031
1276 0.000902542
43 0.000857349
15 0.000857349
1262 0.000803304
287 0.000734139
215 0.000734139
74 0.000734139
114 0.000731268
37 0.000731268
11 0.000731268
18 0.000715671
3709 0.000639854
335 0.000605187
292 0.000605187
210 0.000605187
209 0.000605187
12 0.000605187
3856 0.000511883
3650 0.000511883
3453 0.000511883
1581 0.000424242
2269 0.00039404
2195 0.00039404
3974 0.000383912
3935 0.000383912
3853 0.000383912
3820 0.000383912
3798 0.000383912
3748 0.000383912
3729 0.000383912
3570 0.000383912
3451 0.000383912
1145 0.0003126
2596 0.000278146
2569 0.000278146
2470 0.000278146
2457 0.000278146
2079 0.000278146
3230 0.000265152
3183 0.000265152
3071 0.000265152
3031 0.000265152
2842 0.000265152
1834 0.000200957
1560 0.000200957
1466 0.000200957
1386 0.000200957
1206 0.000200957
1119 0.000200957
1096 0.000200957
918 0.000200957
911 0.000200957
