179 0.08241758241758242
3980 0.08170515097690942
233 0.07706422018348624
230 0.07515657620041753
3407 0.07426597582037997
1586 0.06854130052724078
4001 0.06779661016949153
2691 0.06628787878787878
885 0.06533575317604355
3987 0.06498194945848375
4012 0.06464646464646465
1027 0.06422018348623854
1240 0.06418918918918919
3268 0.06306306306306306
1890 0.06294964028776978
3037 0.06227106227106227
3990 0.0613107822410148
182 0.06126482213438735
3846 0.061068702290076333
49 0.06095238095238095
852 0.060714285714285714
532 0.060240963855421686
757 0.0594059405940594
3147 0.05736137667304015
3999 0.05697445972495088
453 0.056074766355140186
4029 0.05575539568345324
1002 0.05555555555555555
2792 0.05511811023622047
3271 0.05504587155963303
3180 0.054770318021201414
3789 0.0546875
2527 0.05443548387096774
259 0.05405405405405406
2483 0.05378151260504202
2817 0.05335628227194492
256 0.05303030303030303
219 0.052830188679245285
33 0.0521415270018622
42 0.05206463195691203
244 0.05148514851485148
81 0.051470588235294115
4025 0.051001821493624776
3746 0.0509433962264151
2930 0.05084745762711865
157 0.050724637681159424
642 0.05008635578583765
145 0.049484536082474224
301 0.04933586337760911
2774 0.04931972789115646
2106 0.048355899419729204
1194 0.0482897384305835
2421 0.04743083003952569
383 0.047151277013752456
4027 0.04671280276816609
377 0.04627766599597585
6 0.04612850082372323
1046 0.04572564612326044
871 0.0456140350877193
414 0.04554079696394687
3074 0.04554079696394687
4000 0.045531197301854974
8 0.045372050816696916
3200 0.045372050816696916
884 0.04488330341113106
899 0.0446927374301676
3996 0.044534412955465584
3055 0.044444444444444446
319 0.04431599229287091
356 0.044145873320537425
173 0.04397705544933078
399 0.04380952380952381
4020 0.04371584699453552
3992 0.04365079365079365
3544 0.043478260869565216
171 0.04316546762589928
3661 0.043151969981238276
282 0.043010752688172046
3801 0.04267161410018553
1693 0.04259259259259259
4016 0.04251386321626617
3251 0.0423572744014733
717 0.04230769230769231
3887 0.04222972972972973
4031 0.04215851602023609
872 0.04208754208754209
411 0.04204753199268738
776 0.04198473282442748
1224 0.0419047619047619
286 0.04183266932270916
858 0.04181818181818182
4007 0.04174573055028463
364 0.04158790170132325
58 0.04142011834319527
895 0.041353383458646614
155 0.04119850187265917
3742 0.041121495327102804
193 0.040968342644320296
218 0.040968342644320296
3799 0.04085603112840467
2301 0.04085257548845471
887 0.04073319755600815
3126 0.04073319755600815
881 0.04066543438077634
3105 0.04066543438077634
3141 0.04063604240282685
437 0.04040404040404041
4017 0.040280210157618214
3637 0.040145985401459854
870 0.04013961605584642
1105 0.04
3918 0.03984819734345351
1202 0.03962264150943396
501 0.03941908713692946
904 0.03925233644859813
384 0.03925233644859813
732 0.03913894324853229
3994 0.03910614525139665
47 0.03907637655417407
2456 0.03904923599320883
879 0.03900709219858156
3923 0.03875968992248062
143 0.03860294117647059
264 0.038461538461538464
89 0.03825136612021858
3727 0.03824091778202677
401 0.0380952380952381
2535 0.03802281368821293
192 0.03787878787878788
581 0.037800687285223365
52 0.03776978417266187
0 0.03762376237623762
2732 0.03762376237623762
855 0.0375234521575985
2313 0.03740157480314961
3536 0.03740157480314961
2168 0.037300177619893425
3669 0.03725490196078431
2595 0.0371900826446281
2281 0.03716814159292035
3986 0.03716814159292035
3676 0.037162162162162164
1403 0.037102473498233215
3751 0.03697183098591549
1657 0.03690685413005272
2558 0.036893203883495145
4036 0.03683241252302026
3551 0.03682170542635659
175 0.03676470588235294
90 0.03671328671328671
348 0.03667953667953668
1253 0.0364963503649635
1030 0.03642987249544627
3662 0.03639846743295019
2671 0.03625954198473282
1208 0.03614457831325301
181 0.03597122302158273
2670 0.035849056603773584
3849 0.035781544256120526
23 0.03571428571428571
698 0.03571428571428571
893 0.03571428571428571
2902 0.03571428571428571
806 0.03564727954971857
833 0.03558718861209965
3121 0.03557312252964427
1776 0.03549060542797495
686 0.03544776119402985
3998 0.035381750465549346
874 0.03536345776031434
1442 0.03531598513011153
177 0.03529411764705882
2439 0.03529411764705882
2017 0.03527336860670194
3437 0.03525046382189239
3091 0.03512014787430684
873 0.03495145631067961
882 0.034926470588235295
4004 0.034722222222222224
214 0.034482758620689655
255 0.034482758620689655
3127 0.034482758620689655
2321 0.034482758620689655
328 0.034420289855072464
386 0.03441295546558704
91 0.03435114503816794
19 0.03423423423423423
3949 0.03413654618473896
1071 0.03406813627254509
4 0.034050179211469536
889 0.034013605442176874
702 0.03398926654740608
195 0.033807829181494664
894 0.033797216699801194
3989 0.03373015873015873
2034 0.03356890459363958
3787 0.03356890459363958
198 0.0335195530726257
467 0.03345724907063197
3781 0.03333333333333333
3993 0.03333333333333333
464 0.033268101761252444
95 0.033203125
3939 0.033073929961089495
3616 0.03300970873786408
2788 0.03292181069958848
3995 0.03275529865125241
4030 0.032586558044806514
4002 0.032520325203252036
3439 0.032504780114722756
775 0.032490974729241874
3675 0.03247863247863248
3733 0.03244274809160305
2861 0.03231292517006803
1627 0.03213610586011342
929 0.03206412825651302
3813 0.03202846975088968
3883 0.032015065913371
77 0.03197158081705151
4023 0.03189493433395872
1840 0.03185840707964602
3950 0.031835205992509365
3745 0.03180914512922465
1138 0.03177570093457944
2528 0.03177257525083612
564 0.03171641791044776
2565 0.03171641791044776
3401 0.03163444639718805
227 0.031578947368421054
594 0.03155818540433925
1254 0.03153988868274583
3954 0.031423290203327174
2972 0.03136531365313653
293 0.03130755064456722
2217 0.03125
97 0.03114754098360656
3003 0.03114754098360656
3128 0.031096563011456628
351 0.031067961165048542
206 0.03103448275862069
1043 0.03088803088803089
2349 0.030874785591766724
4028 0.030797101449275364
3624 0.03074141048824593
3665 0.030737704918032786
2805 0.030710172744721688
3723 0.03065134099616858
337 0.030575539568345324
3897 0.03052064631956912
174 0.03048780487804878
3652 0.03048780487804878
798 0.030476190476190476
3988 0.03046594982078853
2094 0.030418250950570342
3181 0.030360531309297913
3908 0.030360531309297913
4005 0.030303030303030304
3776 0.03019538188277087
1996 0.030131826741996232
78 0.03007518796992481
3530 0.0299625468164794
3546 0.029940119760479042
816 0.029876977152899824
3695 0.029876977152899824
552 0.029850746268656716
124 0.029668411867364748
4019 0.029469548133595286
3694 0.029411764705882353
3946 0.029310344827586206
498 0.029304029304029304
3904 0.029296875
476 0.029250457038391225
3122 0.029250457038391225
3911 0.029209621993127148
729 0.029197080291970802
3218 0.029197080291970802
3720 0.029182879377431907
572 0.029045643153526972
3659 0.029013539651837523
2422 0.028985507246376812
3487 0.028925619834710745
3963 0.028901734104046242
3700 0.028790786948176585
2041 0.028735632183908046
769 0.02857142857142857
2949 0.028517110266159697
3427 0.028517110266159697
312 0.028469750889679714
2776 0.028462998102466792
3888 0.028462998102466792
3538 0.02835538752362949
789 0.028268551236749116
3961 0.02824858757062147
3848 0.02821869488536155
3997 0.02819548872180451
749 0.028089887640449437
245 0.028021015761821366
832 0.027932960893854747
2437 0.027932960893854747
736 0.027923211169284468
166 0.027881040892193308
1854 0.027881040892193308
3490 0.027881040892193308
241 0.027833001988071572
584 0.027833001988071572
3558 0.027829313543599257
1499 0.027726432532347505
93 0.027675276752767528
243 0.027633851468048358
110 0.027586206896551724
3548 0.027586206896551724
225 0.027522935779816515
3985 0.027522935779816515
3691 0.027472527472527472
3549 0.027422303473491772
44 0.0273972602739726
864 0.02737226277372263
3314 0.0273224043715847
28 0.02717391304347826
3290 0.02717391304347826
3560 0.027131782945736434
865 0.027124773960216998
3567 0.02711864406779661
3925 0.02711864406779661
3932 0.027079303675048357
1218 0.02707581227436823
1016 0.02702702702702703
3775 0.02697841726618705
4026 0.02697841726618705
3894 0.026881720430107527
3354 0.026845637583892617
3779 0.026833631484794274
307 0.026737967914438502
2926 0.026737967914438502
909 0.026717557251908396
1087 0.026690391459074734
2113 0.026690391459074734
3565 0.02666666666666667
3744 0.02666666666666667
4011 0.02664298401420959
2703 0.026615969581749048
665 0.026565464895635674
2799 0.026565464895635674
3483 0.026490066225165563
3523 0.026455026455026454
3725 0.026422764227642278
822 0.02640845070422535
3975 0.02640845070422535
3717 0.02636916835699797
115 0.026365348399246705
3632 0.02631578947368421
3701 0.02631578947368421
3774 0.02626641651031895
1711 0.026217228464419477
61 0.02617801047120419
3749 0.026168224299065422
876 0.026156941649899398
3816 0.026
3131 0.025996533795493933
868 0.025974025974025976
3336 0.025974025974025976
804 0.025951557093425604
3647 0.025925925925925925
349 0.025878003696857672
3916 0.025830258302583026
112 0.02578268876611418
2167 0.02577319587628866
2316 0.02574257425742574
2650 0.025728987993138937
3791 0.025728987993138937
3874 0.02564102564102564
3626 0.025590551181102362
3008 0.025590551181102362
3875 0.025547445255474453
147 0.025540275049115914
616 0.025500910746812388
111 0.025454545454545455
275 0.025362318840579712
3502 0.025362318840579712
1177 0.02533783783783784
3444 0.02531645569620253
253 0.025225225225225224
1133 0.025225225225225224
3478 0.025179856115107913
71 0.025145067698259187
877 0.025134649910233394
866 0.025096525096525095
3812 0.025096525096525095
1912 0.025089605734767026
720 0.025048169556840076
3322 0.025
955 0.02495201535508637
1788 0.024916943521594685
3318 0.02491103202846975
102 0.024822695035460994
2621 0.024778761061946902
3504 0.024761904761904763
3045 0.024734982332155476
3531 0.024734982332155476
1838 0.024691358024691357
480 0.02464788732394366
1654 0.02460456942003515
320 0.024539877300613498
857 0.024528301886792454
3892 0.024528301886792454
3871 0.024518388791593695
2548 0.024489795918367346
4014 0.02448210922787194
1317 0.024390243902439025
3539 0.024253731343283583
1360 0.02422145328719723
260 0.024208566108007448
2487 0.024163568773234202
3825 0.02411873840445269
1394 0.024096385542168676
689 0.024096385542168676
867 0.024074074074074074
964 0.024013722126929673
443 0.024
46 0.02394106813996317
3759 0.02394106813996317
878 0.023722627737226276
273 0.023679417122040074
2838 0.023668639053254437
4009 0.023668639053254437
3927 0.023593466424682397
799 0.023575638506876228
3477 0.023575638506876228
3562 0.02355072463768116
3248 0.023529411764705882
3668 0.023483365949119372
1368 0.023423423423423424
1162 0.02335456475583864
4013 0.02330097087378641
713 0.023297491039426525
4038 0.023297491039426525
3571 0.023255813953488372
3861 0.023214285714285715
64 0.023172905525846704
848 0.023166023166023165
3819 0.023121387283236993
270 0.02304964539007092
791 0.02304964539007092
2721 0.023032629558541268
3376 0.023032629558541268
2824 0.023008849557522124
886 0.022988505747126436
3713 0.02292768959435626
41 0.022913256955810146
1701 0.022857142857142857
441 0.022813688212927757
768 0.022813688212927757
771 0.02280701754385965
2879 0.02280701754385965
3442 0.022774327122153208
746 0.02276707530647986
3898 0.022641509433962263
220 0.022598870056497175
2933 0.022598870056497175
2245 0.022598870056497175
3885 0.022598870056497175
472 0.022587268993839837
714 0.0225140712945591
1760 0.022494887525562373
3216 0.022429906542056073
25 0.022388059701492536
3905 0.022388059701492536
3537 0.022357723577235773
296 0.022336769759450172
229 0.022304832713754646
3960 0.022298456260720412
1889 0.022263450834879406
795 0.022263450834879406
979 0.02226027397260274
314 0.022222222222222223
1270 0.022222222222222223
369 0.02217741935483871
3028 0.022132796780684104
3432 0.022
429 0.021937842778793418
468 0.021937842778793418
154 0.021897810218978103
740 0.02186878727634195
3912 0.02186878727634195
912 0.02181818181818182
2734 0.02178217821782178
3823 0.021778584392014518
1822 0.021739130434782608
3777 0.0216998191681736
32 0.021696252465483234
625 0.021696252465483234
3657 0.021653543307086614
3752 0.021621621621621623
3981 0.021611001964636542
326 0.02155887230514096
3806 0.02154398563734291
3809 0.021526418786692758
3716 0.021484375
2982 0.02145214521452145
3679 0.021442495126705652
3561 0.021400778210116732
137 0.0213903743315508
168 0.021359223300970873
3706 0.02131782945736434
2193 0.02127659574468085
3625 0.02127659574468085
3580 0.021238938053097345
3423 0.021235521235521235
650 0.02119460500963391
1988 0.021153846153846155
2342 0.021153846153846155
3587 0.02111324376199616
1266 0.0210896309314587
3664 0.021015761821366025
3278 0.02095238095238095
3283 0.020942408376963352
508 0.020872865275142316
59 0.020833333333333332
1197 0.020833333333333332
1676 0.020833333333333332
2256 0.020833333333333332
3083 0.02079722703639515
272 0.020754716981132074
343 0.020754716981132074
2884 0.020754716981132074
839 0.02074688796680498
2341 0.02071563088512241
3831 0.020689655172413793
617 0.02066115702479339
1664 0.020654044750430294
152 0.020637898686679174
3372 0.020637898686679174
3489 0.020637898686679174
996 0.020618556701030927
454 0.020560747663551402
2431 0.020560747663551402
3866 0.020560747663551402
3638 0.020522388059701493
121 0.020484171322160148
299 0.020484171322160148
781 0.020484171322160148
2335 0.020484171322160148
3808 0.020477815699658702
470 0.02040816326530612
2808 0.02040816326530612
3063 0.02040816326530612
2015 0.02040816326530612
3711 0.02040816326530612
3382 0.020338983050847456
122 0.02033271719038817
3606 0.02033271719038817
3771 0.02032520325203252
3836 0.02032520325203252
998 0.02029520295202952
2999 0.02029520295202952
846 0.020257826887661142
3830 0.020257826887661142
26 0.02022058823529412
1157 0.02022058823529412
3269 0.02018348623853211
3739 0.02018348623853211
2263 0.020146520146520148
14 0.02012072434607646
2181 0.02012072434607646
99 0.02010968921389397
350 0.02010968921389397
478 0.02010968921389397
767 0.02010968921389397
201 0.020072992700729927
600 0.020072992700729927
3513 0.020036429872495445
850 0.02
4033 0.019963702359346643
263 0.019955654101995565
3699 0.019933554817275746
70 0.019927536231884056
393 0.019927536231884056
818 0.019927536231884056
120 0.0199203187250996
738 0.019891500904159132
3564 0.019891500904159132
813 0.019834710743801654
190 0.01981981981981982
247 0.01981981981981982
861 0.019784172661870502
2320 0.019748653500897665
3857 0.019748653500897665
3139 0.01967799642218247
1088 0.019646365422396856
3592 0.019646365422396856
529 0.0196078431372549
785 0.0196078431372549
888 0.019572953736654804
3655 0.019572953736654804
3743 0.019569471624266144
4006 0.019569471624266144
178 0.019538188277087035
1474 0.019538188277087035
1905 0.019538188277087035
2076 0.019538188277087035
793 0.01950354609929078
2688 0.01950354609929078
1168 0.019434628975265017
3266 0.01936619718309859
574 0.019342359767891684
3579 0.019305019305019305
1098 0.01929824561403509
1353 0.01929824561403509
202 0.019230769230769232
1672 0.019230769230769232
2085 0.019197207678883072
910 0.019193857965451054
261 0.019157088122605363
424 0.019157088122605363
100 0.019148936170212766
327 0.019130434782608695
3862 0.019120458891013385
2975 0.019097222222222224
306 0.019083969465648856
486 0.019083969465648856
825 0.019083969465648856
2444 0.01904761904761905
3671 0.018998272884283247
205 0.018975332068311195
347 0.018975332068311195
1062 0.018975332068311195
1 0.01893939393939394
3753 0.018835616438356163
3067 0.018832391713747645
3066 0.018803418803418803
3317 0.01875
3338 0.018726591760299626
1111 0.018691588785046728
1171 0.018691588785046728
3479 0.018656716417910446
162 0.01858736059479554
1531 0.01858736059479554
1670 0.01858736059479554
3133 0.01858736059479554
3595 0.01858736059479554
3863 0.018518518518518517
108 0.018484288354898338
1045 0.018484288354898338
2587 0.018484288354898338
3519 0.018484288354898338
3575 0.018484288354898338
257 0.01845018450184502
3012 0.01845018450184502
3680 0.01845018450184502
3081 0.01841620626151013
3499 0.01841620626151013
204 0.018404907975460124
579 0.018404907975460124
167 0.01838235294117647
1808 0.01838235294117647
1486 0.01834862385321101
661 0.01834862385321101
3698 0.01834862385321101
2821 0.018315018315018316
3521 0.018315018315018316
283 0.018281535648994516
1749 0.018281535648994516
3500 0.018281535648994516
3835 0.018281535648994516
333 0.01824817518248175
2634 0.01824817518248175
3628 0.01824817518248175
1702 0.018214936247723135
3690 0.018214936247723135
131 0.01818181818181818
1684 0.01818181818181818
2889 0.01818181818181818
3682 0.01818181818181818
132 0.018148820326678767
457 0.018148820326678767
3768 0.018148820326678767
790 0.018115942028985508
2651 0.018018018018018018
3555 0.018018018018018018
3747 0.018018018018018018
3803 0.018018018018018018
2207 0.017985611510791366
24 0.017953321364452424
2505 0.017953321364452424
1956 0.017928286852589643
3455 0.017928286852589643
2486 0.017921146953405017
3957 0.017921146953405017
269 0.017892644135188866
691 0.017889087656529516
2836 0.017825311942959002
2051 0.017825311942959002
1306 0.017761989342806393
3446 0.017761989342806393
3792 0.017761989342806393
3053 0.01775147928994083
3850 0.01775147928994083
36 0.017716535433070866
3728 0.017716535433070866
1642 0.017699115044247787
2677 0.017699115044247787
2997 0.017699115044247787
2759 0.0176678445229682
592 0.01764705882352941
3847 0.017605633802816902
3740 0.017578125
1387 0.01757469244288225
3653 0.01757469244288225
1174 0.017509727626459144
1974 0.017509727626459144
2577 0.017509727626459144
595 0.017482517482517484
4032 0.017482517482517484
1094 0.017475728155339806
630 0.017475728155339806
3061 0.017475728155339806
1933 0.017452006980802792
3468 0.017452006980802792
289 0.01744186046511628
2382 0.01744186046511628
3264 0.017421602787456445
180 0.017374517374517374
1268 0.017374517374517374
3155 0.017361111111111112
3901 0.017361111111111112
2834 0.017341040462427744
251 0.01730769230769231
808 0.01730103806228374
3891 0.01727447216890595
784 0.017271157167530225
3556 0.017271157167530225
635 0.017241379310344827
640 0.017241379310344827
2562 0.017241379310344827
3649 0.017241379310344827
1992 0.017208413001912046
531 0.01717557251908397
3510 0.017152658662092625
86 0.017142857142857144
956 0.017142857142857144
1264 0.017142857142857144
3594 0.017142857142857144
734 0.017110266159695818
2146 0.017110266159695818
2452 0.017110266159695818
3952 0.017110266159695818
4021 0.017064846416382253
3931 0.017035775127768313
1008 0.017013232514177693
3674 0.017013232514177693
2922 0.016981132075471698
3621 0.01697792869269949
3868 0.01697792869269949
188 0.01694915254237288
1866 0.01694915254237288
603 0.01692047377326565
3526 0.01692047377326565
631 0.016917293233082706
3227 0.016917293233082706
3325 0.016917293233082706
3817 0.016913319238900635
2886 0.016891891891891893
2935 0.016885553470919325
3473 0.016885553470919325
3547 0.016885553470919325
1847 0.016853932584269662
770 0.016853932584269662
3663 0.016853932584269662
518 0.016791044776119403
2837 0.016791044776119403
217 0.016771488469601678
3933 0.016771488469601678
3837 0.016722408026755852
3953 0.016697588126159554
1910 0.01669449081803005
135 0.016666666666666666
1961 0.016666666666666666
3942 0.016666666666666666
667 0.016605166051660517
2764 0.016605166051660517
3828 0.016605166051660517
1295 0.016574585635359115
216 0.016544117647058824
2120 0.01651376146788991
2156 0.01651376146788991
3541 0.01651376146788991
597 0.0165016501650165
3696 0.016483516483516484
342 0.01644736842105263
499 0.016423357664233577
3864 0.016423357664233577
9 0.01639344262295082
407 0.01639344262295082
3991 0.01639344262295082
1356 0.016363636363636365
1667 0.016363636363636365
672 0.016363636363636365
863 0.016363636363636365
3593 0.016363636363636365
196 0.0163265306122449
2962 0.016304347826086956
3205 0.016260162601626018
1326 0.016245487364620937
3827 0.016245487364620937
2885 0.016227180527383367
636 0.016194331983805668
271 0.01616161616161616
534 0.01616161616161616
68 0.01615798922800718
140 0.01615798922800718
427 0.01615798922800718
1328 0.016129032258064516
2771 0.016129032258064516
3464 0.016129032258064516
1057 0.016100178890876567
3619 0.016100178890876567
310 0.01609657947686117
3516 0.01609657947686117
3581 0.01609657947686117
509 0.016042780748663103
2865 0.016042780748663103
3229 0.016042780748663103
1555 0.01603206412825651
1170 0.01601423487544484
742 0.01601423487544484
568 0.015985790408525755
2411 0.015957446808510637
3503 0.015957446808510637
119 0.01593625498007968
2710 0.01593625498007968
1674 0.01592920353982301
753 0.01592920353982301
2375 0.015904572564612324
1041 0.015901060070671377
189 0.015873015873015872
278 0.015841584158415842
150 0.015817223198594025
2693 0.015817223198594025
1477 0.015810276679841896
3919 0.015810276679841896
1666 0.015789473684210527
317 0.01576182136602452
2412 0.015748031496062992
53 0.015734265734265736
1482 0.015734265734265736
782 0.015734265734265736
2978 0.015734265734265736
1494 0.015717092337917484
810 0.015717092337917484
3482 0.015717092337917484
490 0.015706806282722512
3130 0.01568627450980392
3529 0.0156794425087108
2170 0.01565217391304348
637 0.015625
1779 0.015625
3425 0.015625
3585 0.015625
3689 0.015625
3940 0.015625
2286 0.015594541910331383
1640 0.01556420233463035
3559 0.015533980582524271
3920 0.015533980582524271
302 0.015503875968992248
733 0.015503875968992248
2954 0.015503875968992248
3629 0.01549053356282272
1731 0.015473887814313346
1424 0.01545253863134658
158 0.015444015444015444
633 0.015444015444015444
792 0.015444015444015444
1249 0.015437392795883362
50 0.015384615384615385
2490 0.015384615384615385
3726 0.015384615384615385
1000 0.01532567049808429
1911 0.01532567049808429
3639 0.01532567049808429
284 0.015306122448979591
129 0.015296367112810707
1410 0.015296367112810707
3596 0.015280135823429542
309 0.015267175572519083
533 0.015267175572519083
3754 0.015267175572519083
1023 0.015254237288135594
3481 0.015254237288135594
2968 0.015238095238095238
3907 0.015238095238095238
1500 0.015209125475285171
1949 0.015209125475285171
2251 0.015209125475285171
3394 0.015202702702702704
373 0.015180265654648957
834 0.015180265654648957
2727 0.015180265654648957
3553 0.015180265654648957
1154 0.015151515151515152
1090 0.015122873345935728
1505 0.015122873345935728
705 0.015122873345935728
2453 0.015122873345935728
262 0.01509433962264151
1283 0.01509433962264151
504 0.01509433962264151
3159 0.01509433962264151
236 0.01507537688442211
1797 0.015065913370998116
2358 0.015065913370998116
29 0.015037593984962405
3152 0.015037593984962405
666 0.0150093808630394
3982 0.0150093808630394
116 0.0149812734082397
4018 0.0149812734082397
681 0.014975041597337771
4037 0.014953271028037384
491 0.014925373134328358
756 0.014925373134328358
3757 0.0148975791433892
184 0.01486988847583643
3766 0.01486988847583643
197 0.014861995753715499
3610 0.014842300556586271
3972 0.014842300556586271
3044 0.014814814814814815
583 0.014787430683918669
332 0.014778325123152709
987 0.014760147601476014
1307 0.014760147601476014
1308 0.014760147601476014
647 0.014760147601476014
3872 0.014760147601476014
2899 0.014760147601476014
3013 0.014760147601476014
3708 0.014760147601476014
3460 0.014754098360655738
605 0.014732965009208104
2851 0.014732965009208104
3231 0.014732965009208104
2152 0.014732965009208104
1593 0.014705882352941176
1725 0.014705882352941176
639 0.014705882352941176
2725 0.014705882352941176
2959 0.014705882352941176
937 0.014678899082568808
3441 0.014675052410901468
1297 0.014644351464435146
1450 0.014598540145985401
466 0.014598540145985401
589 0.014583333333333334
2699 0.014583333333333334
1005 0.014571948998178506
551 0.014571948998178506
3824 0.014571948998178506
3476 0.014545454545454545
228 0.014492753623188406
578 0.014492753623188406
185 0.014466546112115732
573 0.01444043321299639
869 0.01444043321299639
2728 0.01444043321299639
1178 0.014414414414414415
477 0.014414414414414415
3428 0.014414414414414415
1332 0.014388489208633094
3309 0.014388489208633094
3506 0.014373716632443531
3622 0.014373716632443531
69 0.01436265709156194
819 0.01436265709156194
800 0.014336917562724014
1234 0.014314928425357873
413 0.014314928425357873
920 0.014311270125223614
3001 0.014311270125223614
1837 0.014285714285714285
3059 0.014285714285714285
2450 0.014285714285714285
3678 0.0142602495543672
730 0.014256619144602852
21 0.014234875444839857
1165 0.014234875444839857
2870 0.014234875444839857
83 0.014209591474245116
2857 0.014209591474245116
796 0.014184397163120567
159 0.014141414141414142
2696 0.014141414141414142
2 0.014134275618374558
2397 0.014112903225806451
3534 0.014112903225806451
3970 0.014109347442680775
1064 0.014084507042253521
2685 0.014084507042253521
3310 0.014084507042253521
2614 0.014028056112224449
3719 0.014028056112224449
3566 0.014010507880910683
1860 0.014
587 0.014
5 0.013986013986013986
3161 0.013986013986013986
160 0.013961605584642234
3611 0.013961605584642234
194 0.013944223107569721
2893 0.013944223107569721
3645 0.013937282229965157
211 0.013916500994035786
1978 0.013916500994035786
2066 0.013916500994035786
1607 0.01391304347826087
3295 0.01391304347826087
3447 0.013888888888888888
406 0.01386481802426343
828 0.01386481802426343
3607 0.013861386138613862
3793 0.013861386138613862
576 0.01383399209486166
2515 0.013816925734024179
1895 0.013806706114398421
381 0.013806706114398421
3687 0.013793103448275862
751 0.0137524557956778
3328 0.0137524557956778
3020 0.0137524557956778
3116 0.013725490196078431
1321 0.0137221269296741
985 0.0136986301369863
1434 0.0136986301369863
1497 0.0136986301369863
838 0.0136986301369863
3641 0.0136986301369863
961 0.013675213675213675
933 0.013671875
1697 0.013671875
2361 0.013671875
1975 0.01364522417153996
3300 0.013618677042801557
3333 0.013618677042801557
3443 0.013592233009708738
3814 0.013592233009708738
3366 0.013565891472868217
2767 0.013565891472868217
280 0.013539651837524178
1383 0.013539651837524178
1445 0.013539651837524178
3164 0.013539651837524178
1934 0.013539651837524178
3221 0.01353637901861252
3944 0.013513513513513514
3956 0.013513513513513514
295 0.013490725126475547
3805 0.013490725126475547
1421 0.01348747591522158
3374 0.01348747591522158
3633 0.013461538461538462
2964 0.013445378151260505
1455 0.013435700575815739
3365 0.013435700575815739
2892 0.013422818791946308
3189 0.013409961685823755
3915 0.013409961685823755
1825 0.01338432122370937
419 0.01338432122370937
2204 0.01338432122370937
3518 0.01338432122370937
3810 0.01338432122370937
3880 0.01338432122370937
1633 0.013377926421404682
1792 0.013358778625954198
3917 0.013333333333333334
2726 0.013307984790874524
710 0.013289036544850499
2099 0.013289036544850499
1248 0.013282732447817837
7 0.013257575757575758
460 0.013257575757575758
803 0.013257575757575758
3270 0.013257575757575758
3979 0.013257575757575758
17 0.013232514177693762
118 0.013232514177693762
1569 0.013232514177693762
3315 0.013232514177693762
4003 0.013232514177693762
325 0.013207547169811321
577 0.013207547169811321
2667 0.013207547169811321
3454 0.013201320132013201
304 0.013182674199623353
2939 0.013182674199623353
3157 0.013182674199623353
2082 0.013182674199623353
3535 0.013182674199623353
1337 0.013157894736842105
1426 0.013157894736842105
923 0.013133208255159476
3292 0.013133208255159476
558 0.013108614232209739
3138 0.013108614232209739
554 0.013084112149532711
2541 0.013084112149532711
3843 0.013084112149532711
315 0.013059701492537313
653 0.01303538175046555
3171 0.01303538175046555
3909 0.01303538175046555
76 0.013011152416356878
549 0.013011152416356878
1537 0.012987012987012988
88 0.012965964343598054
2663 0.012962962962962963
3782 0.012962962962962963
237 0.012939001848428836
2826 0.012939001848428836
2811 0.012939001848428836
127 0.012915129151291513
3486 0.012915129151291513
3495 0.012903225806451613
3838 0.012903225806451613
1200 0.01289134438305709
2898 0.01289134438305709
3312 0.01289134438305709
3470 0.01289134438305709
3648 0.01289134438305709
3736 0.01289134438305709
1453 0.012867647058823529
2868 0.012867647058823529
3191 0.012867647058823529
2049 0.012867647058823529
626 0.012844036697247707
703 0.012844036697247707
2961 0.012844036697247707
3041 0.012844036697247707
2401 0.012844036697247707
1037 0.01282051282051282
1252 0.01282051282051282
1733 0.01282051282051282
675 0.01282051282051282
670 0.012797074954296161
3329 0.012797074954296161
662 0.012779552715654952
294 0.012773722627737226
1150 0.012773722627737226
455 0.012773722627737226
92 0.012750455373406194
403 0.012750455373406194
3398 0.012750455373406194
3554 0.012750455373406194
968 0.012738853503184714
213 0.012727272727272728
774 0.012727272727272728
3411 0.012727272727272728
992 0.012704174228675136
1053 0.012704174228675136
1548 0.012704174228675136
3361 0.012704174228675136
2173 0.012704174228675136
3785 0.012704174228675136
1510 0.012681159420289856
528 0.012681159420289856
3368 0.012681159420289856
3493 0.012681159420289856
3600 0.012681159420289856
31 0.01263537906137184
1514 0.01263537906137184
485 0.01263537906137184
164 0.012612612612612612
1937 0.012612612612612612
739 0.012605042016806723
505 0.012589928057553957
2230 0.012589928057553957
3466 0.012589928057553957
660 0.012578616352201259
163 0.012567324955116697
523 0.012567324955116697
3144 0.012567324955116697
3767 0.012567324955116697
107 0.012552301255230125
890 0.012552301255230125
2723 0.012552301255230125
199 0.012544802867383513
2818 0.012544802867383513
3279 0.012544802867383513
240 0.012522361359570662
939 0.012522361359570662
1504 0.012522361359570662
1914 0.012522361359570662
3511 0.012522361359570662
3103 0.0125
1478 0.012477718360071301
2809 0.012477718360071301
3239 0.012477718360071301
3448 0.012477718360071301
3514 0.012477718360071301
1585 0.012455516014234875
3017 0.012455516014234875
1656 0.012433392539964476
831 0.012433392539964476
2622 0.012433392539964476
1048 0.012422360248447204
101 0.012411347517730497
322 0.012411347517730497
379 0.012396694214876033
344 0.012345679012345678
2517 0.012345679012345678
35 0.01232394366197183
402 0.01232394366197183
807 0.01232394366197183
632 0.012320328542094456
2983 0.012302284710017574
22 0.012280701754385965
149 0.012280701754385965
281 0.012280701754385965
3677 0.012280701754385965
389 0.012259194395796848
3104 0.012259194395796848
917 0.012237762237762238
1831 0.012237762237762238
3057 0.012237762237762238
1718 0.012219959266802444
463 0.012219959266802444
1127 0.012216404886561954
3211 0.012216404886561954
701 0.012195121951219513
1781 0.01217391304347826
3760 0.01217391304347826
433 0.012170385395537525
524 0.012131715771230503
1773 0.012121212121212121
3532 0.012110726643598616
300 0.012096774193548387
1462 0.012096774193548387
659 0.012072434607645875
2700 0.012072434607645875
1441 0.012048192771084338
2812 0.012048192771084338
2888 0.012048192771084338
3839 0.012048192771084338
222 0.012024048096192385
1097 0.012024048096192385
224 0.012006861063464836
3465 0.012006861063464836
148 0.012
1186 0.012
1739 0.012
3187 0.012
3738 0.011986301369863013
2378 0.011976047904191617
1363 0.011965811965811967
697 0.011965811965811967
187 0.01192504258943782
484 0.011904761904761904
1161 0.011904761904761904
1807 0.011904761904761904
615 0.011904761904761904
2909 0.011881188118811881
3242 0.011881188118811881
339 0.011864406779661017
144 0.011857707509881422
2848 0.011857707509881422
3308 0.011857707509881422
3602 0.011857707509881422
142 0.011834319526627219
963 0.011824324324324325
704 0.011824324324324325
321 0.011811023622047244
1106 0.011811023622047244
596 0.011787819253438114
725 0.011787819253438114
346 0.011764705882352941
3327 0.011764705882352941
3867 0.011764705882352941
682 0.01174496644295302
146 0.011741682974559686
1134 0.011741682974559686
397 0.011741682974559686
598 0.011741682974559686
1546 0.011725293132328308
897 0.011695906432748537
3692 0.011695906432748537
1085 0.011673151750972763
2008 0.011666666666666667
1567 0.011650485436893204
2738 0.011650485436893204
2871 0.011650485436893204
2904 0.011650485436893204
2474 0.011650485436893204
87 0.011647254575707155
931 0.011647254575707155
1422 0.011627906976744186
1452 0.011627906976744186
1896 0.011627906976744186
707 0.011627906976744186
3178 0.011627906976744186
3784 0.011608623548922056
526 0.01160541586073501
1660 0.01160541586073501
1698 0.01160541586073501
1756 0.01160541586073501
3631 0.01160541586073501
3769 0.01160541586073501
3899 0.01160541586073501
841 0.011583011583011582
2901 0.011583011583011582
1980 0.011583011583011582
896 0.011560693641618497
1562 0.011560693641618497
3275 0.011560693641618497
2841 0.011538461538461539
694 0.011516314779270634
3326 0.011516314779270634
2878 0.011494252873563218
3660 0.011494252873563218
3959 0.011494252873563218
1552 0.011475409836065573
428 0.011472275334608031
3491 0.011472275334608031
2711 0.011450381679389313
3007 0.011450381679389313
3050 0.011450381679389313
3136 0.011428571428571429
2718 0.011428571428571429
2755 0.011428571428571429
3472 0.011428571428571429
3615 0.011428571428571429
3673 0.011428571428571429
324 0.011406844106463879
1070 0.011406844106463879
412 0.011406844106463879
249 0.011385199240986717
1091 0.011385199240986717
1215 0.011385199240986717
2455 0.011385199240986717
3685 0.011385199240986717
3778 0.011385199240986717
1529 0.011363636363636364
535 0.011363636363636364
48 0.011342155009451797
2934 0.011342155009451797
2426 0.011342155009451797
38 0.011320754716981131
212 0.011299435028248588
684 0.011299435028248588
3117 0.011299435028248588
3797 0.011278195488721804
65 0.01125703564727955
3424 0.01125703564727955
3334 0.011235955056179775
2895 0.011214953271028037
2318 0.011214953271028037
3971 0.011214953271028037
1038 0.011194029850746268
1880 0.011194029850746268
628 0.011194029850746268
688 0.011194029850746268
862 0.011194029850746268
2760 0.011194029850746268
2846 0.011194029850746268
3496 0.011194029850746268
3590 0.011194029850746268
3906 0.011194029850746268
1415 0.0111731843575419
2447 0.0111731843575419
362 0.0111731843575419
3267 0.0111731843575419
3599 0.0111731843575419
3710 0.0111731843575419
57 0.011152416356877323
360 0.011152416356877323
459 0.011152416356877323
2810 0.011152416356877323
3371 0.011152416356877323
3438 0.011152416356877323
104 0.011131725417439703
331 0.011131725417439703
1630 0.011131725417439703
2709 0.011131725417439703
2373 0.011131725417439703
3930 0.011131725417439703
3977 0.011131725417439703
1244 0.011111111111111112
540 0.011111111111111112
634 0.011111111111111112
766 0.011111111111111112
2896 0.011111111111111112
3369 0.011111111111111112
3968 0.011111111111111112
2337 0.011090573012939002
3165 0.011090573012939002
2789 0.011090573012939002
3636 0.011090573012939002
3844 0.011090573012939002
3 0.01107011070110701
3577 0.01107011070110701
3790 0.01107011070110701
543 0.011049723756906077
3356 0.011049723756906077
2923 0.011029411764705883
3882 0.011029411764705883
254 0.011009174311926606
1908 0.011009174311926606
612 0.011009174311926606
3168 0.011009174311926606
2668 0.011009174311926606
974 0.01098901098901099
1473 0.01098901098901099
621 0.01098901098901099
856 0.01098901098901099
3233 0.01098901098901099
3934 0.01098901098901099
73 0.010968921389396709
3412 0.010968921389396709
3672 0.010968921389396709
3783 0.010968921389396709
376 0.010948905109489052
1498 0.01092896174863388
2855 0.01092896174863388
1681 0.01090909090909091
627 0.01090909090909091
2731 0.01090909090909091
2900 0.01090909090909091
3383 0.01090909090909091
2581 0.01090909090909091
1960 0.010889292196007259
2365 0.010889292196007259
2425 0.010889292196007259
2523 0.010889292196007259
3829 0.010889292196007259
651 0.010869565217391304
582 0.010869565217391304
2466 0.010869565217391304
821 0.0108499095840868
901 0.010830324909747292
3331 0.010830324909747292
117 0.010810810810810811
516 0.010810810810810811
3010 0.010810810810810811
2534 0.010810810810810811
1189 0.01079136690647482
3375 0.01079136690647482
231 0.010775862068965518
1899 0.010771992818671455
3349 0.010771992818671455
588 0.010752688172043012
3613 0.010752688172043012
880 0.01073345259391771
3533 0.01073345259391771
3893 0.01073345259391771
719 0.010706638115631691
435 0.0106951871657754
743 0.0106951871657754
1784 0.010676156583629894
461 0.010676156583629894
3018 0.010676156583629894
3859 0.010676156583629894
2529 0.010657193605683837
559 0.010657193605683837
924 0.010638297872340425
802 0.010619469026548672
847 0.010619469026548672
3966 0.010619469026548672
298 0.01060070671378092
1713 0.01060070671378092
2503 0.01060070671378092
2645 0.01060070671378092
226 0.01056338028169014
1159 0.01056338028169014
1428 0.01056338028169014
3693 0.010548523206751054
1573 0.01054481546572935
2265 0.01054481546572935
3683 0.01054481546572935
991 0.010526315789473684
2822 0.010526315789473684
788 0.010507880910683012
2096 0.010507880910683012
3718 0.010507880910683012
2682 0.01048951048951049
718 0.010471204188481676
1378 0.010452961672473868
3591 0.010452961672473868
3237 0.010438413361169102
2100 0.010438413361169102
1050 0.010416666666666666
2570 0.010416666666666666
623 0.010398613518197574
3618 0.010398613518197574
330 0.010395010395010396
1865 0.010380622837370242
1973 0.010380622837370242
84 0.01037344398340249
3341 0.01037344398340249
2518 0.01037344398340249
1032 0.010362694300518135
3969 0.010362694300518135
2990 0.010351966873706004
658 0.010344827586206896
1965 0.010344827586206896
2255 0.010344827586206896
2854 0.010327022375215147
51 0.010309278350515464
1527 0.010309278350515464
1909 0.010309278350515464
1518 0.0102880658436214
481 0.010273972602739725
169 0.010256410256410256
2881 0.010256410256410256
1444 0.010238907849829351
1440 0.010224948875255624
3770 0.010224948875255624
3542 0.010221465076660987
539 0.01020408163265306
279 0.010183299389002037
340 0.010183299389002037
136 0.01016260162601626
1193 0.01016260162601626
748 0.01016260162601626
1536 0.010141987829614604
1599 0.010141987829614604
836 0.010141987829614604
1944 0.010121457489878543
1100 0.010101010101010102
1384 0.010101010101010102
3978 0.010101010101010102
2864 0.010080645161290322
2989 0.010067114093959731
2388 0.010067114093959731
2488 0.010067114093959731
1869 0.01006036217303823
2162 0.010050251256281407
2314 0.010033444816053512
3461 0.01002004008016032
3617 0.01002004008016032
1073 0.01
817 0.01
3589 0.01
94 0.00998003992015968
446 0.009966777408637873
3501 0.0099601593625498
2762 0.0099601593625498
2942 0.009950248756218905
3114 0.009940357852882704
3324 0.009940357852882704
3095 0.00992063492063492
1601 0.009868421052631578
3644 0.009868421052631578
3605 0.009861932938856016
357 0.00984251968503937
644 0.00984251968503937
3941 0.00984251968503937
1476 0.009823182711198428
2371 0.009823182711198428
3598 0.009823182711198428
3926 0.009823182711198428
973 0.00980392156862745
370 0.00980392156862745
859 0.00980392156862745
3058 0.00980392156862745
176 0.009787928221859706
277 0.009784735812133072
39 0.009765625
1228 0.009765625
1829 0.009765625
2993 0.009765625
2262 0.009765625
3614 0.009765625
1102 0.009746588693957114
760 0.009746588693957114
783 0.009746588693957114
3420 0.009746588693957114
2403 0.009746588693957114
606 0.009727626459143969
649 0.009708737864077669
2035 0.009708737864077669
3623 0.009708737864077669
3910 0.009708737864077669
126 0.009689922480620155
1325 0.009689922480620155
438 0.009689922480620155
562 0.009689922480620155
741 0.009689922480620155
2692 0.009689922480620155
940 0.009671179883945842
1320 0.009671179883945842
1871 0.009671179883945842
2873 0.009671179883945842
3042 0.009671179883945842
3612 0.009671179883945842
3634 0.009671179883945842
3821 0.009671179883945842
580 0.00966183574879227
1406 0.009652509652509652
824 0.009652509652509652
3794 0.009652509652509652
2994 0.00964630225080386
1061 0.009633911368015413
1089 0.009633911368015413
2332 0.009633911368015413
3197 0.009633911368015413
3246 0.009633911368015413
291 0.009615384615384616
1382 0.009615384615384616
2807 0.009615384615384616
3392 0.009615384615384616
3475 0.009615384615384616
252 0.009596928982725527
655 0.009596928982725527
3914 0.009596928982725527
1496 0.009578544061302681
1748 0.009578544061302681
2967 0.009578544061302681
1881 0.009560229445506692
400 0.009560229445506692
712 0.009560229445506692
754 0.009560229445506692
3082 0.009560229445506692
2091 0.009541984732824428
130 0.009523809523809525
1319 0.009505703422053232
1390 0.009505703422053232
2459 0.009505703422053232
731 0.009505703422053232
3011 0.009505703422053232
2791 0.009505703422053232
3143 0.009505703422053232
1192 0.009487666034155597
1818 0.009487666034155597
1857 0.009487666034155597
2171 0.009487666034155597
3576 0.009487666034155597
3722 0.009487666034155597
3890 0.009487666034155597
203 0.00946969696969697
1216 0.00946969696969697
1371 0.00946969696969697
654 0.00946969696969697
3222 0.00946969696969697
986 0.00945179584120983
1035 0.00945179584120983
1591 0.00945179584120983
1827 0.00945179584120983
2984 0.00945179584120983
3724 0.00945179584120983
96 0.009433962264150943
235 0.009433962264150943
276 0.009433962264150943
200 0.009416195856873822
811 0.009416195856873822
827 0.009416195856873822
2772 0.009416195856873822
2656 0.009416195856873822
1235 0.009398496240601503
3034 0.009398496240601503
2766 0.009398496240601503
3064 0.009398496240601503
3311 0.009398496240601503
3388 0.009398496240601503
3469 0.009398496240601503
2941 0.009380863039399626
3062 0.009380863039399626
3077 0.009380863039399626
329 0.009363295880149813
1232 0.009363295880149813
1343 0.009363295880149813
696 0.009363295880149813
1990 0.009363295880149813
1408 0.009345794392523364
1783 0.009345794392523364
359 0.009345794392523364
758 0.009345794392523364
1493 0.009328358208955223
565 0.009328358208955223
2317 0.009328358208955223
1279 0.00931098696461825
3073 0.00931098696461825
3307 0.00931098696461825
3359 0.00931098696461825
1921 0.00931098696461825
2114 0.00931098696461825
3833 0.00931098696461825
3873 0.00931098696461825
450 0.00929368029739777
3208 0.00929368029739777
3484 0.00929368029739777
3878 0.00929368029739777
156 0.00927643784786642
338 0.00927643784786642
1448 0.00927643784786642
1770 0.00927643784786642
2362 0.00927643784786642
3509 0.00927643784786642
1545 0.009259259259259259
382 0.009259259259259259
530 0.009259259259259259
3640 0.009259259259259259
997 0.009242144177449169
2831 0.009242144177449169
2228 0.009242144177449169
3522 0.009242144177449169
3786 0.00922509225092251
3413 0.009208103130755065
80 0.009191176470588236
1024 0.009191176470588236
643 0.009191176470588236
794 0.009191176470588236
3101 0.009191176470588236
139 0.009174311926605505
919 0.009174311926605505
1338 0.009174311926605505
500 0.009174311926605505
706 0.009174311926605505
2665 0.009174311926605505
3032 0.009174311926605505
3146 0.009174311926605505
2618 0.009174311926605505
3951 0.009174311926605505
1114 0.009157509157509158
1726 0.009157509157509158
1931 0.009157509157509158
679 0.009140767824497258
835 0.009140767824497258
3860 0.009140767824497258
3249 0.009124087591240875
141 0.009107468123861567
258 0.009107468123861567
663 0.009107468123861567
3235 0.009107468123861567
2637 0.009107468123861567
944 0.00909090909090909
951 0.00909090909090909
1277 0.00909090909090909
469 0.00909090909090909
3320 0.00909090909090909
3630 0.00909090909090909
3855 0.00909090909090909
3263 0.009074410163339383
3714 0.009074410163339383
928 0.009057971014492754
1645 0.009057971014492754
745 0.009057971014492754
1774 0.009041591320072333
2660 0.009041591320072333
380 0.009041591320072333
3046 0.009041591320072333
3170 0.009041591320072333
3343 0.009041591320072333
2698 0.009025270758122744
242 0.009009009009009009
1521 0.009009009009009009
1616 0.009009009009009009
677 0.009009009009009009
3316 0.009009009009009009
3666 0.009009009009009009
27 0.008992805755395683
2955 0.008992805755395683
3686 0.008992805755395683
3410 0.008976660682226212
3272 0.008976660682226212
1712 0.008960573476702509
3019 0.008960573476702509
2781 0.008960573476702509
1093 0.008944543828264758
1226 0.008944543828264758
2745 0.008944543828264758
690 0.008928571428571428
2680 0.008928571428571428
3384 0.008928571428571428
1762 0.008896797153024912
2858 0.008880994671403197
2272 0.008865248226950355
3804 0.008865248226950355
2981 0.008849557522123894
3048 0.008849557522123894
3099 0.008849557522123894
3337 0.008849557522123894
1703 0.0088339222614841
3434 0.0088339222614841
1274 0.008818342151675485
1296 0.008818342151675485
1856 0.008818342151675485
711 0.008818342151675485
2769 0.008818342151675485
3196 0.008818342151675485
3524 0.008818342151675485
1618 0.008802816901408451
849 0.008802816901408451
1217 0.008756567425569177
45 0.008741258741258742
341 0.008741258741258742
1187 0.008741258741258742
716 0.008741258741258742
2940 0.008741258741258742
3346 0.008741258741258742
3485 0.008741258741258742
3557 0.008741258741258742
474 0.008726003490401396
432 0.008695652173913044
1915 0.008695652173913044
62 0.008680555555555556
422 0.008680555555555556
2946 0.008665511265164644
2644 0.008665511265164644
3842 0.008665511265164644
3889 0.008665511265164644
3463 0.008635578583765112
2310 0.008620689655172414
3286 0.008583690987124463
3426 0.008561643835616438
1511 0.008547008547008548
853 0.008547008547008548
2739 0.008547008547008548
2461 0.008532423208191127
2406 0.008532423208191127
2813 0.008517887563884156
3983 0.008488964346349746
1427 0.00847457627118644
2773 0.00847457627118644
3281 0.008460236886632826
1492 0.008445945945945946
724 0.008431703204047217
3108 0.008431703204047217
238 0.008417508417508417
2481 0.008417508417508417
395 0.008403361344537815
2197 0.008389261744966443
1626 0.008385744234800839
2641 0.008385744234800839
1432 0.008375209380234505
3294 0.008361204013377926
2695 0.008347245409015025
172 0.008333333333333333
1118 0.008333333333333333
1468 0.008316008316008316
1418 0.008305647840531562
2277 0.008305647840531562
2126 0.008247422680412371
3528 0.008247422680412371
1882 0.00823045267489712
845 0.00823045267489712
3807 0.00823045267489712
405 0.008213552361396304
3967 0.008213552361396304
3145 0.00819672131147541
3795 0.00816326530612245
1286 0.008146639511201629
3462 0.008146639511201629
1577 0.008130081300813009
2202 0.008130081300813009
1806 0.008113590263691683
1625 0.008097165991902834
1778 0.008097165991902834
1815 0.008097165991902834
843 0.00808080808080808
2713 0.00808080808080808
2950 0.00808080808080808
1687 0.008064516129032258
2497 0.008064516129032258
3741 0.008048289738430584
2761 0.008048289738430584
3241 0.008048289738430584
1767 0.008032128514056224
3881 0.008032128514056224
1036 0.008025682182985553
727 0.008016032064128256
3450 0.008016032064128256
82 0.008
761 0.008
787 0.008
3569 0.008
3702 0.008
265 0.007984031936127744
797 0.007984031936127744
2674 0.007984031936127744
3212 0.007984031936127744
2089 0.007984031936127744
4022 0.007984031936127744
268 0.00796812749003984
958 0.00796812749003984
1900 0.00796812749003984
3190 0.00796812749003984
2704 0.007952286282306162
2856 0.007952286282306162
1311 0.007936507936507936
2724 0.007936507936507936
3193 0.007936507936507936
2657 0.007936507936507936
3688 0.007936507936507936
1575 0.007920792079207921
708 0.007920792079207921
3254 0.007920792079207921
417 0.007905138339920948
3391 0.007905138339920948
1673 0.007889546351084813
3440 0.007889546351084813
2124 0.007889546351084813
3936 0.007889546351084813
1648 0.007874015748031496
3306 0.007874015748031496
599 0.00784313725490196
2903 0.00784313725490196
1077 0.007827788649706457
2498 0.007827788649706457
449 0.007827788649706457
2107 0.007827788649706457
2150 0.007827788649706457
1213 0.0078125
1349 0.0078125
1451 0.0078125
1469 0.0078125
1487 0.0078125
2125 0.0078125
2932 0.0078125
2248 0.0078125
2617 0.007797270955165692
3185 0.007797270955165692
1957 0.007797270955165692
2014 0.007797270955165692
3772 0.007797270955165692
3913 0.007797270955165692
1086 0.007782101167315175
1374 0.007782101167315175
415 0.007782101167315175
680 0.007782101167315175
1883 0.007766990291262136
2502 0.007766990291262136
3584 0.007766990291262136
3393 0.007751937984496124
2291 0.007751937984496124
54 0.007736943907156673
994 0.007736943907156673
1495 0.007736943907156673
2661 0.007736943907156673
3402 0.007736943907156673
3815 0.007736943907156673
1018 0.007722007722007722
764 0.007722007722007722
2031 0.007722007722007722
3818 0.007722007722007722
1901 0.007707129094412331
408 0.007707129094412331
1275 0.007692307692307693
678 0.007692307692307693
2735 0.007692307692307693
2794 0.007692307692307693
3389 0.007692307692307693
3601 0.007692307692307693
1259 0.007677543186180422
545 0.007677543186180422
2828 0.007677543186180422
1936 0.007677543186180422
2540 0.007677543186180422
3879 0.007677543186180422
1246 0.007662835249042145
814 0.007662835249042145
2869 0.007662835249042145
2676 0.0076481835564053535
3102 0.0076481835564053535
3256 0.0076481835564053535
3568 0.0076481835564053535
1692 0.007633587786259542
1742 0.007633587786259542
3000 0.007633587786259542
2178 0.007633587786259542
3869 0.007633587786259542
1324 0.007619047619047619
609 0.007619047619047619
2399 0.007619047619047619
2346 0.007619047619047619
2405 0.007619047619047619
334 0.0076045627376425855
1696 0.0076045627376425855
497 0.0076045627376425855
2694 0.0076045627376425855
3188 0.0076045627376425855
3764 0.0076045627376425855
67 0.007590132827324478
905 0.007590132827324478
1241 0.007590132827324478
2538 0.007590132827324478
723 0.007590132827324478
755 0.007590132827324478
3258 0.007590132827324478
3024 0.007590132827324478
3313 0.007590132827324478
1203 0.007575757575757576
1214 0.007575757575757576
1650 0.007575757575757576
2636 0.007575757575757576
3750 0.007575757575757576
2686 0.007575757575757576
3124 0.007575757575757576
1258 0.007561436672967864
1785 0.007561436672967864
1798 0.007561436672967864
3877 0.007561436672967864
2748 0.007561436672967864
3056 0.007561436672967864
3937 0.007561436672967864
2948 0.007547169811320755
3088 0.007547169811320755
3244 0.007547169811320755
3832 0.007547169811320755
85 0.007532956685499058
946 0.007532956685499058
2793 0.007532956685499058
3025 0.007532956685499058
3552 0.007532956685499058
1227 0.007518796992481203
1588 0.007518796992481203
1727 0.007518796992481203
830 0.007518796992481203
3721 0.007518796992481203
3255 0.007518796992481203
3505 0.007518796992481203
109 0.0075046904315197
2513 0.0075046904315197
128 0.00749063670411985
2775 0.00749063670411985
2545 0.00749063670411985
3474 0.00749063670411985
170 0.007476635514018692
750 0.007476635514018692
2023 0.007476635514018692
3938 0.007476635514018692
3976 0.007476635514018692
3173 0.007462686567164179
945 0.007462686567164179
1566 0.007462686567164179
3014 0.007462686567164179
3422 0.007462686567164179
2119 0.007462686567164179
2227 0.007462686567164179
2240 0.007462686567164179
3543 0.007462686567164179
3545 0.007462686567164179
1543 0.0074487895716946
372 0.0074487895716946
805 0.0074487895716946
2887 0.0074487895716946
3259 0.0074487895716946
3800 0.0074487895716946
1298 0.007434944237918215
1309 0.007434944237918215
1747 0.007434944237918215
2004 0.007434944237918215
728 0.007434944237918215
842 0.007434944237918215
20 0.0074211502782931356
1033 0.0074211502782931356
1361 0.0074211502782931356
1509 0.0074211502782931356
1564 0.0074211502782931356
555 0.0074211502782931356
3947 0.0074211502782931356
1366 0.007407407407407408
1604 0.007407407407407408
2413 0.007407407407407408
3395 0.007407407407407408
3902 0.007407407407407408
744 0.0073937153419593345
3943 0.0073937153419593345
2658 0.0073937153419593345
3635 0.0073937153419593345
2547 0.007380073800738007
3456 0.007380073800738007
3110 0.007380073800738007
3348 0.007380073800738007
2260 0.007380073800738007
2585 0.007380073800738007
3459 0.007380073800738007
3834 0.007380073800738007
1207 0.007366482504604052
1454 0.007366482504604052
669 0.007352941176470588
2894 0.007352941176470588
2160 0.007352941176470588
2226 0.007352941176470588
3802 0.007352941176470588
913 0.007339449541284404
1449 0.007339449541284404
752 0.007339449541284404
2673 0.007339449541284404
2758 0.007339449541284404
2876 0.007339449541284404
3431 0.007339449541284404
2050 0.007339449541284404
2231 0.007339449541284404
1251 0.007326007326007326
1299 0.007326007326007326
1348 0.007312614259597806
1602 0.007312614259597806
2920 0.007312614259597806
1939 0.0072992700729927005
657 0.0072992700729927005
2785 0.0072992700729927005
2025 0.0072992700729927005
4015 0.0072992700729927005
970 0.007285974499089253
1260 0.007285974499089253
1694 0.007285974499089253
1736 0.007285974499089253
1768 0.007285974499089253
2116 0.007285974499089253
786 0.007285974499089253
3517 0.007285974499089253
3948 0.007285974499089253
3406 0.007285974499089253
3301 0.007285974499089253
2214 0.007285974499089253
3703 0.007285974499089253
267 0.007272727272727273
2053 0.007272727272727273
1294 0.007259528130671506
1373 0.007259528130671506
365 0.007259528130671506
2843 0.007259528130671506
1977 0.007259528130671506
3922 0.007259528130671506
1155 0.007246376811594203
1893 0.007246376811594203
487 0.007246376811594203
2936 0.007246376811594203
2951 0.007246376811594203
2980 0.007246376811594203
3043 0.007246376811594203
56 0.007233273056057866
1782 0.007233273056057866
2071 0.007233273056057866
3023 0.007233273056057866
3288 0.007233273056057866
3762 0.007233273056057866
3796 0.007233273056057866
134 0.007220216606498195
522 0.007220216606498195
759 0.007220216606498195
2067 0.007220216606498195
3822 0.007220216606498195
113 0.007207207207207207
308 0.007207207207207207
1001 0.007207207207207207
1313 0.007207207207207207
1661 0.007207207207207207
3520 0.007207207207207207
133 0.007194244604316547
161 0.007194244604316547
1682 0.007194244604316547
3586 0.007194244604316547
3658 0.007194244604316547
1704 0.00718132854578097
1904 0.00718132854578097
780 0.00718132854578097
2829 0.00718132854578097
3929 0.00718132854578097
593 0.007168458781362007
3895 0.007168458781362007
2557 0.007155635062611807
3603 0.007155635062611807
1144 0.007142857142857143
1357 0.007142857142857143
1507 0.007142857142857143
3494 0.007142857142857143
1472 0.0071301247771836
3151 0.0071301247771836
3945 0.0071301247771836
1576 0.0071174377224199285
1596 0.0071174377224199285
3352 0.0071174377224199285
3984 0.0071174377224199285
410 0.007104795737122558
512 0.0070921985815602835
2087 0.0070921985815602835
2209 0.0070921985815602835
3480 0.0070921985815602835
458 0.007079646017699115
747 0.007079646017699115
3620 0.007079646017699115
3627 0.007079646017699115
34 0.007067137809187279
311 0.007067137809187279
2360 0.007067137809187279
3845 0.007067137809187279
1859 0.007054673721340388
2905 0.007054673721340388
2648 0.007054673721340388
323 0.007029876977152899
1429 0.007029876977152899
1582 0.007029876977152899
693 0.007029876977152899
844 0.007029876977152899
2322 0.007029876977152899
1824 0.007017543859649123
2832 0.007017543859649123
3303 0.007017543859649123
2216 0.007017543859649123
3643 0.007017543859649123
646 0.0070052539404553416
2783 0.0070052539404553416
2867 0.0070052539404553416
3274 0.0070052539404553416
3419 0.0070052539404553416
3192 0.006993006993006993
2158 0.006980802792321117
2123 0.006968641114982578
2628 0.006968641114982578
4035 0.006968641114982578
2697 0.006956521739130435
1221 0.006944444444444444
452 0.006944444444444444
604 0.006944444444444444
471 0.006920415224913495
820 0.0069084628670120895
40 0.006896551724137931
1964 0.006896551724137931
1631 0.0068846815834767644
2757 0.0068846815834767644
1255 0.006872852233676976
1846 0.006872852233676976
2219 0.006872852233676976
2526 0.006872852233676976
409 0.00686106346483705
3435 0.00686106346483705
475 0.00684931506849315
722 0.00684931506849315
316 0.006837606837606838
620 0.006837606837606838
3199 0.006837606837606838
969 0.006825938566552901
1803 0.006825938566552901
709 0.006825938566552901
2609 0.006825938566552901
3162 0.006802721088435374
3247 0.006791171477079796
3223 0.00676818950930626
2998 0.006756756756756757
2298 0.006745362563237774
2945 0.006745362563237774
2323 0.006745362563237774
2937 0.006734006734006734
1826 0.006688963210702341
1780 0.0066555740432612314
387 0.006644518272425249
2971 0.006633499170812604
274 0.006568144499178982
418 0.006521739130434782
2393 0.006507592190889371
2584 0.00646551724137931
965 0.006462035541195477
2280 0.006423982869379015
2019 0.006355932203389831
1342 0.006342494714587738
1671 0.006342494714587738
165 0.006329113924050633
1758 0.006329113924050633
2669 0.00631578947368421
2416 0.0063025210084033615
3656 0.0063025210084033615
2238 0.00625
2344 0.006224066390041493
943 0.006198347107438017
2882 0.006198347107438017
3964 0.006198347107438017
779 0.006185567010309278
2995 0.006185567010309278
208 0.006172839506172839
1364 0.006172839506172839
777 0.006172839506172839
1958 0.006172839506172839
1314 0.006147540983606557
567 0.006147540983606557
3140 0.006147540983606557
1743 0.006134969325153374
809 0.006134969325153374
1722 0.006122448979591836
2278 0.006122448979591836
355 0.006097560975609756
511 0.006097560975609756
2796 0.006097560975609756
2786 0.006085192697768763
2030 0.006072874493927126
3758 0.006072874493927126
2369 0.006060606060606061
1851 0.006036217303822937
1615 0.006024096385542169
2075 0.006024096385542169
2329 0.006024096385542169
1611 0.006012024048096192
3458 0.006012024048096192
3508 0.006012024048096192
1250 0.006
875 0.006
30 0.005988023952095809
3035 0.00597609561752988
3068 0.00597609561752988
3149 0.00597609561752988
1830 0.005964214711729622
2635 0.005964214711729622
2465 0.005964214711729622
903 0.005952380952380952
560 0.005952380952380952
3651 0.005952380952380952
3654 0.005952380952380952
3400 0.005940594059405941
1080 0.005928853754940711
1636 0.005917159763313609
664 0.005917159763313609
1271 0.005905511811023622
1605 0.005905511811023622
3245 0.005905511811023622
3667 0.005905511811023622
336 0.005893909626719057
544 0.005893909626719057
3214 0.005893909626719057
3373 0.005893909626719057
3573 0.005893909626719057
3578 0.005893909626719057
420 0.005870841487279843
1205 0.005870841487279843
548 0.005870841487279843
3220 0.005870841487279843
1104 0.005859375
618 0.005859375
3217 0.005859375
3252 0.005859375
3865 0.005859375
2472 0.005847953216374269
2690 0.005847953216374269
721 0.005836575875486381
98 0.005825242718446602
1199 0.005825242718446602
2797 0.005825242718446602
3115 0.005825242718446602
3194 0.005825242718446602
3387 0.005825242718446602
2441 0.005825242718446602
1137 0.005813953488372093
1519 0.005813953488372093
2398 0.005813953488372093
2683 0.005813953488372093
3015 0.005813953488372093
2366 0.005813953488372093
3642 0.005813953488372093
55 0.005802707930367505
1571 0.005802707930367505
1790 0.005802707930367505
2965 0.005802707930367505
3340 0.005802707930367505
2105 0.005802707930367505
239 0.005791505791505791
1007 0.005791505791505791
1425 0.005791505791505791
1862 0.005791505791505791
2475 0.005791505791505791
3756 0.005791505791505791
2943 0.005791505791505791
3154 0.005791505791505791
3284 0.005791505791505791
3321 0.005791505791505791
2253 0.005791505791505791
908 0.005780346820809248
1103 0.005780346820809248
1131 0.005780346820809248
3385 0.005780346820809248
1913 0.005780346820809248
246 0.0057692307692307696
1638 0.0057692307692307696
1658 0.0057692307692307696
3550 0.0057692307692307696
3298 0.0057692307692307696
3773 0.0057692307692307696
3876 0.0057692307692307696
1110 0.005758157389635317
1318 0.005758157389635317
1678 0.005758157389635317
1715 0.005758157389635317
2081 0.005758157389635317
715 0.005758157389635317
2938 0.005758157389635317
3900 0.005758157389635317
1634 0.005747126436781609
1919 0.005747126436781609
352 0.0057361376673040155
354 0.0057361376673040155
436 0.0057361376673040155
2377 0.0057361376673040155
2778 0.0057361376673040155
2070 0.0057361376673040155
2297 0.0057361376673040155
66 0.0057251908396946565
1352 0.0057251908396946565
1385 0.0057251908396946565
1457 0.0057251908396946565
368 0.0057251908396946565
556 0.0057251908396946565
611 0.0057251908396946565
2913 0.0057251908396946565
2078 0.0057251908396946565
941 0.005714285714285714
1578 0.005714285714285714
3467 0.005714285714285714
1212 0.005703422053231939
2687 0.005703422053231939
3273 0.005703422053231939
2006 0.005703422053231939
2572 0.005703422053231939
1152 0.0056925996204933585
1223 0.0056925996204933585
1346 0.0056925996204933585
1513 0.0056925996204933585
1558 0.0056925996204933585
1870 0.0056925996204933585
3213 0.0056925996204933585
2058 0.0056925996204933585
1716 0.005681818181818182
2647 0.005681818181818182
494 0.005681818181818182
3289 0.005681818181818182
3414 0.005681818181818182
2222 0.005681818181818182
72 0.005671077504725898
1411 0.005671077504725898
2715 0.005671077504725898
1443 0.005660377358490566
1679 0.005660377358490566
2806 0.005660377358490566
2825 0.005660377358490566
2840 0.005660377358490566
3367 0.005660377358490566
3379 0.005660377358490566
2288 0.005660377358490566
3761 0.005660377358490566
191 0.005649717514124294
1746 0.005649717514124294
2153 0.005649717514124294
416 0.005649717514124294
699 0.005649717514124294
762 0.005649717514124294
2906 0.005649717514124294
106 0.005639097744360902
250 0.005639097744360902
563 0.005639097744360902
1303 0.005639097744360902
2976 0.005639097744360902
3119 0.005639097744360902
3293 0.005639097744360902
1982 0.005639097744360902
2566 0.005639097744360902
3921 0.005639097744360902
1347 0.005628517823639775
1430 0.005628517823639775
495 0.005628517823639775
823 0.005628517823639775
2707 0.005628517823639775
1938 0.005628517823639775
2423 0.005628517823639775
75 0.0056179775280898875
1012 0.0056179775280898875
1708 0.0056179775280898875
891 0.0056179775280898875
3563 0.0056179775280898875
553 0.005607476635514018
3069 0.005607476635514018
2036 0.005607476635514018
1182 0.005597014925373134
1836 0.005597014925373134
1976 0.005597014925373134
374 0.005597014925373134
392 0.005597014925373134
396 0.005597014925373134
2501 0.005597014925373134
2509 0.005597014925373134
3026 0.005597014925373134
1502 0.00558659217877095
1534 0.00558659217877095
1632 0.00558659217877095
1744 0.00558659217877095
398 0.00558659217877095
2419 0.00558659217877095
3137 0.00558659217877095
3924 0.00558659217877095
1729 0.0055762081784386614
1951 0.0055762081784386614
541 0.0055762081784386614
3098 0.0055762081784386614
2525 0.0055762081784386614
3457 0.0055762081784386614
700 0.0055658627087198514
2047 0.0055658627087198514
3184 0.0055658627087198514
2299 0.0055658627087198514
517 0.005555555555555556
3684 0.005555555555555556
3226 0.005555555555555556
3515 0.005555555555555556
1372 0.005545286506469501
1972 0.005545286506469501
2007 0.005545286506469501
2458 0.005545286506469501
489 0.005545286506469501
3033 0.005545286506469501
3287 0.005545286506469501
1981 0.005545286506469501
3608 0.005545286506469501
3670 0.005545286506469501
1864 0.005535055350553505
2944 0.005535055350553505
2080 0.005535055350553505
3841 0.005535055350553505
1009 0.0055248618784530384
404 0.0055248618784530384
536 0.0055248618784530384
2519 0.0055248618784530384
2741 0.0055248618784530384
2779 0.0055248618784530384
2798 0.0055248618784530384
3207 0.0055248618784530384
1741 0.0055147058823529415
1757 0.0055147058823529415
2254 0.0055147058823529415
2494 0.0055147058823529415
2328 0.0055147058823529415
2144 0.0055147058823529415
949 0.005504587155963303
1031 0.005504587155963303
826 0.005504587155963303
2029 0.005504587155963303
3492 0.005504587155963303
3858 0.005504587155963303
1124 0.005494505494505495
1315 0.005494505494505495
1481 0.005494505494505495
1719 0.005494505494505495
1787 0.005494505494505495
1814 0.005494505494505495
837 0.005494505494505495
2608 0.005494505494505495
2952 0.005494505494505495
3958 0.005494505494505495
1151 0.005484460694698354
1903 0.005484460694698354
3079 0.005484460694698354
3022 0.005484460694698354
3118 0.005484460694698354
3363 0.005484460694698354
3512 0.005484460694698354
138 0.005474452554744526
1705 0.005474452554744526
2992 0.005474452554744526
3297 0.005474452554744526
3445 0.005474452554744526
103 0.00546448087431694
313 0.00546448087431694
1056 0.00546448087431694
1876 0.00546448087431694
465 0.00546448087431694
2763 0.00546448087431694
2379 0.00546448087431694
1029 0.005454545454545455
1592 0.005454545454545455
2740 0.005454545454545455
506 0.005454545454545455
2736 0.005454545454545455
2531 0.005454545454545455
1420 0.0054446460980036296
1594 0.0054446460980036296
1789 0.0054446460980036296
902 0.005434782608695652
451 0.005434782608695652
2917 0.005434782608695652
3040 0.005434782608695652
3351 0.005434782608695652
3358 0.005434782608695652
3396 0.005434782608695652
3416 0.005434782608695652
1930 0.005434782608695652
3704 0.005434782608695652
1013 0.0054249547920434
488 0.0054249547920434
2394 0.0054249547920434
2819 0.0054249547920434
3038 0.0054249547920434
3054 0.0054249547920434
3285 0.0054249547920434
2097 0.0054249547920434
2270 0.0054249547920434
2752 0.005415162454873646
726 0.005405405405405406
10 0.00539568345323741
1141 0.00539568345323741
1436 0.00539568345323741
1738 0.00539568345323741
1763 0.00539568345323741
1850 0.00539568345323741
571 0.00539568345323741
671 0.00539568345323741
2666 0.00539568345323741
1431 0.005385996409335727
2249 0.005385996409335727
2603 0.005385996409335727
1600 0.005376344086021506
1621 0.005366726296958855
3029 0.005366726296958855
2013 0.005366726296958855
938 0.005357142857142857
1010 0.005357142857142857
1732 0.005357142857142857
378 0.005357142857142857
2733 0.005357142857142857
3072 0.005357142857142857
2304 0.005357142857142857
423 0.0053475935828877
2749 0.0053475935828877
2768 0.0053475935828877
2827 0.0053475935828877
3209 0.0053475935828877
1968 0.0053475935828877
3111 0.005338078291814947
3113 0.005338078291814947
2504 0.005338078291814947
1714 0.0053285968028419185
1766 0.0053285968028419185
1852 0.0053285968028419185
1879 0.0053285968028419185
2754 0.0053285968028419185
2659 0.0053285968028419185
1872 0.005319148936170213
2111 0.005319148936170213
2543 0.005319148936170213
3093 0.005319148936170213
3353 0.005319148936170213
1380 0.005309734513274336
1858 0.005309734513274336
2022 0.005309734513274336
520 0.00530035335689046
4010 0.00530035335689046
3172 0.005291005291005291
960 0.00528169014084507
361 0.00528169014084507
2860 0.00528169014084507
1561 0.005272407732864675
496 0.005272407732864675
3080 0.005272407732864675
183 0.005263157894736842
1844 0.005263157894736842
2009 0.005263157894736842
2234 0.005263157894736842
915 0.005253940455341506
2751 0.005253940455341506
2610 0.005253940455341506
1358 0.005244755244755245
2912 0.005244755244755245
3707 0.005244755244755245
566 0.005235602094240838
1695 0.005235602094240838
2863 0.005235602094240838
3036 0.005235602094240838
2612 0.005235602094240838
223 0.005226480836236934
232 0.005226480836236934
2239 0.005226480836236934
815 0.0052173913043478265
2816 0.0052173913043478265
2236 0.0052173913043478265
1720 0.005199306759098787
421 0.005199306759098787
3100 0.005199306759098787
2991 0.005199306759098787
1148 0.005190311418685121
1565 0.005190311418685121
2730 0.005190311418685121
916 0.0051813471502590676
3224 0.0051813471502590676
3731 0.0051813471502590676
2947 0.005172413793103448
3449 0.005172413793103448
1724 0.0051635111876075735
425 0.0051635111876075735
3572 0.005145797598627788
1686 0.005136986301369863
2027 0.005136986301369863
622 0.005136986301369863
3583 0.005136986301369863
914 0.005128205128205128
1480 0.005119453924914676
2336 0.005119453924914676
525 0.005110732538330494
3065 0.005110732538330494
3345 0.00510204081632653
2814 0.0050933786078098476
1393 0.0050933786078098476
2350 0.0050933786078098476
2654 0.005084745762711864
1095 0.005076142131979695
570 0.005076142131979695
445 0.005067567567567568
2203 0.005050505050505051
2510 0.005050505050505051
1099 0.005042016806722689
3965 0.005042016806722689
3030 0.0049833887043189366
2264 0.0049586776859504135
2000 0.004934210526315789
1541 0.004909983633387889
2232 0.0048543689320388345
687 0.004815409309791332
1243 0.0048
648 0.0047169811320754715
3540 0.004424778761061947
3507 0.004338394793926247
440 0.004319654427645789
2012 0.004319654427645789
221 0.004310344827586207
16 0.004282655246252677
1745 0.004282655246252677
2011 0.004273504273504274
3109 0.0042643923240938165
962 0.00425531914893617
1802 0.004201680672268907
1984 0.0041928721174004195
3370 0.004166666666666667
2016 0.004158004158004158
1211 0.004149377593360996
2960 0.004149377593360996
2303 0.004149377593360996
1587 0.004140786749482402
3186 0.004140786749482402
3364 0.004140786749482402
1351 0.00411522633744856
1568 0.004106776180698152
1794 0.004106776180698152
3330 0.004106776180698152
3755 0.004106776180698152
1322 0.004081632653061225
3609 0.004081632653061225
2742 0.004081632653061225
1004 0.004073319755600814
2020 0.0040650406504065045
1304 0.004056795131845842
3219 0.004048582995951417
2185 0.004048582995951417
2037 0.004048582995951417
1136 0.00404040404040404
1247 0.00404040404040404
1438 0.004032258064516129
2969 0.004032258064516129
1370 0.004024144869215292
1512 0.004024144869215292
1777 0.004024144869215292
2823 0.004024144869215292
3332 0.004024144869215292
1140 0.004016064257028112
1419 0.004016064257028112
1659 0.004016064257028112
3039 0.004016064257028112
1595 0.004008016032064128
3160 0.004008016032064128
2110 0.004008016032064128
2296 0.004008016032064128
1331 0.004
1580 0.004
2189 0.004
3404 0.004
2252 0.004
932 0.003992015968063872
1435 0.003992015968063872
2640 0.003992015968063872
151 0.00398406374501992
1082 0.00398406374501992
2787 0.00398406374501992
2918 0.00398406374501992
3405 0.00398406374501992
2155 0.00398406374501992
1392 0.003976143141153081
547 0.003976143141153081
2294 0.003976143141153081
2675 0.003976143141153081
2877 0.003976143141153081
1066 0.003968253968253968
3350 0.003968253968253968
2092 0.003968253968253968
1995 0.0039603960396039604
519 0.0039603960396039604
3851 0.0039603960396039604
2266 0.0039603960396039604
2729 0.0039603960396039604
3089 0.0039603960396039604
2287 0.0039603960396039604
1310 0.003952569169960474
1606 0.003952569169960474
1730 0.003952569169960474
2765 0.003952569169960474
900 0.0039447731755424065
1301 0.0039447731755424065
1446 0.0039447731755424065
527 0.0039447731755424065
1967 0.0039447731755424065
2803 0.0039447731755424065
3087 0.0039447731755424065
3148 0.0039447731755424065
3262 0.0039447731755424065
3852 0.0039447731755424065
1528 0.003937007874015748
1584 0.003937007874015748
1891 0.003937007874015748
2268 0.003937007874015748
2716 0.003937007874015748
2897 0.003937007874015748
2396 0.003937007874015748
2479 0.003937007874015748
1210 0.003929273084479371
2672 0.003929273084479371
2737 0.003929273084479371
3204 0.003929273084479371
2390 0.003929273084479371
1728 0.00392156862745098
1894 0.00392156862745098
1948 0.00392156862745098
2597 0.00392156862745098
2631 0.00392156862745098
1344 0.003913894324853229
2282 0.003913894324853229
288 0.00390625
1015 0.00390625
1169 0.00390625
1350 0.00390625
2364 0.00390625
610 0.00390625
2028 0.00390625
2835 0.00390625
2626 0.00390625
3471 0.00390625
3681 0.00390625
3735 0.00390625
305 0.003898635477582846
1236 0.003898635477582846
1376 0.003898635477582846
1668 0.003898635477582846
1761 0.003898635477582846
3005 0.003898635477582846
3129 0.003898635477582846
3380 0.003898635477582846
3588 0.003898635477582846
3870 0.003898635477582846
1011 0.0038910505836575876
1196 0.0038910505836575876
1508 0.0038910505836575876
1641 0.0038910505836575876
2062 0.0038910505836575876
2211 0.0038910505836575876
318 0.003883495145631068
1458 0.003883495145631068
1479 0.003883495145631068
2135 0.003883495145631068
546 0.003883495145631068
2567 0.003883495145631068
3378 0.003883495145631068
3421 0.003883495145631068
2305 0.003883495145631068
2352 0.003883495145631068
2568 0.003883495145631068
1282 0.003875968992248062
1612 0.003875968992248062
3962 0.003875968992248062
2782 0.003875968992248062
3430 0.003875968992248062
3734 0.003875968992248062
1065 0.0038684719535783366
1755 0.0038684719535783366
1759 0.0038684719535783366
2915 0.0038684719535783366
3096 0.0038684719535783366
2190 0.0038684719535783366
2522 0.0038684719535783366
926 0.003861003861003861
950 0.003861003861003861
1025 0.003861003861003861
1563 0.003861003861003861
1751 0.003861003861003861
1816 0.003861003861003861
1833 0.003861003861003861
3319 0.003861003861003861
2845 0.003861003861003861
2852 0.003861003861003861
3429 0.003861003861003861
2438 0.003861003861003861
1163 0.0038535645472061657
3215 0.0038535645472061657
1924 0.0038535645472061657
297 0.0038461538461538464
898 0.0038461538461538464
3174 0.0038461538461538464
2161 0.0038461538461538464
2259 0.0038461538461538464
2627 0.0038461538461538464
2143 0.003838771593090211
772 0.003838771593090211
2714 0.003838771593090211
2847 0.003838771593090211
3112 0.003838771593090211
1413 0.0038314176245210726
1490 0.0038314176245210726
2250 0.0038314176245210726
507 0.0038314176245210726
2151 0.0038314176245210726
3362 0.0038314176245210726
1985 0.0038314176245210726
2182 0.0038314176245210726
2208 0.0038314176245210726
2633 0.0038314176245210726
3646 0.0038314176245210726
63 0.0038240917782026767
695 0.0038240917782026767
3092 0.0038240917782026767
3094 0.0038240917782026767
3175 0.0038240917782026767
2109 0.0038240917782026767
3788 0.0038240917782026767
2417 0.003816793893129771
3179 0.003816793893129771
2632 0.003816793893129771
1261 0.0038095238095238095
1906 0.0038095238095238095
2001 0.0038095238095238095
3086 0.0038095238095238095
3335 0.0038095238095238095
2142 0.0038095238095238095
976 0.0038022813688212928
1369 0.0038022813688212928
391 0.0038022813688212928
448 0.0038022813688212928
492 0.0038022813688212928
3027 0.0038022813688212928
3780 0.0038022813688212928
1620 0.003795066413662239
1861 0.003795066413662239
1892 0.003795066413662239
521 0.003795066413662239
2026 0.003795066413662239
2043 0.003795066413662239
2242 0.003795066413662239
3840 0.003795066413662239
1075 0.003787878787878788
1256 0.003787878787878788
1300 0.003787878787878788
1544 0.003787878787878788
1574 0.003787878787878788
1677 0.003787878787878788
1809 0.003787878787878788
2872 0.003787878787878788
1997 0.003787878787878788
3304 0.003780718336483932
1752 0.0037735849056603774
1828 0.0037735849056603774
1849 0.0037735849056603774
645 0.0037735849056603774
2744 0.0037735849056603774
2804 0.0037735849056603774
2374 0.0037735849056603774
3928 0.0037735849056603774
1166 0.003766478342749529
1998 0.003766478342749529
2589 0.003766478342749529
375 0.003766478342749529
3955 0.003766478342749529
353 0.0037593984962406013
1683 0.0037593984962406013
3409 0.0037593984962406013
2910 0.0037593984962406013
2154 0.0037593984962406013
3854 0.0037593984962406013
1395 0.00375234521575985
1553 0.00375234521575985
1800 0.00375234521575985
2966 0.00375234521575985
3156 0.00375234521575985
2003 0.00375234521575985
601 0.003745318352059925
629 0.003745318352059925
993 0.003745318352059925
1284 0.003745318352059925
2129 0.003745318352059925
2428 0.003745318352059925
3452 0.003745318352059925
3488 0.003745318352059925
3903 0.003745318352059925
1281 0.003738317757009346
1433 0.003738317757009346
1765 0.003738317757009346
590 0.003738317757009346
2662 0.003738317757009346
2679 0.003738317757009346
2801 0.003738317757009346
3234 0.003738317757009346
3415 0.003738317757009346
2165 0.003738317757009346
2274 0.003738317757009346
2546 0.003738317757009346
125 0.0037313432835820895
1014 0.0037313432835820895
1034 0.0037313432835820895
2024 0.0037313432835820895
3525 0.0037313432835820895
2594 0.0037313432835820895
977 0.0037243947858473
1139 0.0037243947858473
1273 0.0037243947858473
1483 0.0037243947858473
2598 0.0037243947858473
763 0.0037243947858473
2907 0.0037243947858473
3302 0.0037243947858473
2331 0.0037243947858473
1388 0.0037174721189591076
1877 0.0037174721189591076
2384 0.0037174721189591076
2191 0.0037174721189591076
2708 0.0037174721189591076
3052 0.0037174721189591076
2556 0.0037174721189591076
3884 0.0037174721189591076
971 0.0037105751391465678
1407 0.0037105751391465678
2133 0.0037105751391465678
2753 0.0037105751391465678
2908 0.0037105751391465678
3763 0.0037105751391465678
1329 0.003703703703703704
1365 0.003703703703703704
434 0.003703703703703704
668 0.003703703703703704
3203 0.003703703703703704
2564 0.003703703703703704
4008 0.003703703703703704
1354 0.0036968576709796672
1843 0.0036968576709796672
2616 0.0036968576709796672
2862 0.0036968576709796672
3206 0.0036968576709796672
2088 0.0036968576709796672
2652 0.0036968576709796672
3896 0.0036968576709796672
1179 0.0036900369003690036
1583 0.0036900369003690036
3051 0.0036900369003690036
3195 0.0036900369003690036
1986 0.0036900369003690036
2311 0.0036900369003690036
366 0.003683241252302026
935 0.003683241252302026
1579 0.003683241252302026
1688 0.003683241252302026
1874 0.003683241252302026
482 0.003683241252302026
2642 0.003683241252302026
2588 0.003683241252302026
2880 0.003683241252302026
2928 0.003683241252302026
3009 0.003683241252302026
3049 0.003683241252302026
927 0.003676470588235294
952 0.003676470588235294
1052 0.003676470588235294
2284 0.003676470588235294
3347 0.003676470588235294
2443 0.003676470588235294
3597 0.003676470588235294
248 0.003669724770642202
290 0.003669724770642202
1120 0.003669724770642202
1339 0.003669724770642202
1624 0.003669724770642202
2052 0.003669724770642202
2770 0.003669724770642202
2875 0.003669724770642202
2974 0.003669724770642202
3090 0.003669724770642202
1142 0.003663003663003663
1237 0.003663003663003663
1238 0.003663003663003663
1359 0.003663003663003663
1540 0.003663003663003663
1590 0.003663003663003663
390 0.003663003663003663
442 0.003663003663003663
2833 0.003663003663003663
2325 0.003663003663003663
2600 0.003663003663003663
3107 0.003656307129798903
3225 0.003656307129798903
4034 0.003656307129798903
1471 0.0036496350364963502
829 0.0036496350364963502
2149 0.0036496350364963502
2963 0.0036496350364963502
1532 0.0036429872495446266
1709 0.0036429872495446266
2970 0.0036429872495446266
2064 0.0036429872495446266
2434 0.0036429872495446266
990 0.0036363636363636364
1330 0.0036363636363636364
1459 0.0036363636363636364
1533 0.0036363636363636364
2580 0.0036363636363636364
2639 0.0036363636363636364
345 0.003629764065335753
1525 0.003629764065335753
1791 0.003629764065335753
1820 0.003629764065335753
2777 0.003629764065335753
2844 0.003629764065335753
3120 0.003629764065335753
2655 0.003629764065335753
3732 0.003629764065335753
13 0.0036231884057971015
1183 0.0036231884057971015
1225 0.0036231884057971015
1399 0.0036231884057971015
1489 0.0036231884057971015
2436 0.0036231884057971015
394 0.0036231884057971015
2389 0.0036231884057971015
2802 0.0036231884057971015
1060 0.0036101083032490976
2127 0.0036101083032490976
439 0.0036101083032490976
513 0.0036101083032490976
3132 0.0036101083032490976
3182 0.0036101083032490976
2624 0.0036101083032490976
1191 0.0036036036036036037
430 0.0036036036036036037
591 0.0036036036036036037
1971 0.0036036036036036037
2326 0.0036036036036036037
2473 0.0036036036036036037
426 0.0035971223021582736
2701 0.0035971223021582736
3150 0.0035971223021582736
2454 0.0035971223021582736
1101 0.003590664272890485
1147 0.003590664272890485
1501 0.003590664272890485
1520 0.003590664272890485
1855 0.003590664272890485
2176 0.003590664272890485
3106 0.003590664272890485
1987 0.003590664272890485
1135 0.0035842293906810036
2289 0.0035842293906810036
2315 0.0035842293906810036
2273 0.0035842293906810036
2355 0.0035842293906810036
2790 0.0035842293906810036
2357 0.0035842293906810036
3737 0.0035842293906810036
3826 0.0035842293906810036
614 0.0035778175313059034
2689 0.0035778175313059034
3078 0.0035778175313059034
1401 0.0035714285714285713
1629 0.0035714285714285713
1735 0.0035714285714285713
2921 0.0035714285714285713
2448 0.0035714285714285713
3574 0.0035714285714285713
3705 0.0035714285714285713
3198 0.0035650623885918
3417 0.0035650623885918
1231 0.0035587188612099642
1305 0.0035587188612099642
673 0.0035587188612099642
2201 0.0035587188612099642
3123 0.003552397868561279
3135 0.003552397868561279
2575 0.003552397868561279
2578 0.003552397868561279
1006 0.0035460992907801418
186 0.0035398230088495575
2533 0.0035398230088495575
2108 0.0035398230088495575
3730 0.0035398230088495575
1355 0.0035335689045936395
652 0.0035335689045936395
2368 0.0035335689045936395
2554 0.0035335689045936395
1653 0.003527336860670194
1655 0.003527336860670194
1669 0.003527336860670194
479 0.003527336860670194
3497 0.003527336860670194
1109 0.0035211267605633804
1302 0.0035211267605633804
2018 0.0035211267605633804
2292 0.0035211267605633804
2511 0.0035149384885764497
2866 0.0035149384885764497
1649 0.0035087719298245615
3276 0.0035087719298245615
2339 0.0035087719298245615
1242 0.0034965034965034965
371 0.0034965034965034965
462 0.0034965034965034965
1265 0.0034904013961605585
1460 0.0034904013961605585
123 0.003484320557491289
1028 0.003484320557491289
1072 0.003484320557491289
1646 0.003484320557491289
683 0.003484320557491289
1950 0.003484320557491289
1020 0.0034782608695652175
1549 0.0034782608695652175
1557 0.0034782608695652175
2235 0.0034782608695652175
1267 0.003472222222222222
1526 0.0034662045060658577
1550 0.0034662045060658577
2988 0.0034662045060658577
2414 0.0034662045060658577
1523 0.0034602076124567475
2385 0.0034602076124567475
2166 0.0034602076124567475
1285 0.0034542314335060447
1447 0.003436426116838488
3075 0.003430531732418525
1437 0.003424657534246575
2130 0.003424657534246575
1416 0.003418803418803419
2795 0.003418803418803419
2839 0.003418803418803419
3403 0.003418803418803419
1108 0.0034129692832764505
2820 0.0034129692832764505
1754 0.0034071550255536627
2979 0.0034071550255536627
2400 0.0034071550255536627
1083 0.003401360544217687
1680 0.003401360544217687
2678 0.003401360544217687
3712 0.003401360544217687
1475 0.003395585738539898
542 0.003395585738539898
2420 0.00338409475465313
2849 0.00338409475465313
2957 0.00338409475465313
2186 0.0033783783783783786
1845 0.003372681281618887
1926 0.003372681281618887
1272 0.0033444816053511705
3280 0.0033444816053511705
1813 0.00333889816360601
1969 0.00333889816360601
3169 0.003316749585406302
502 0.003289473684210526
1935 0.0032679738562091504
1129 0.0032626427406199023
1312 0.0032626427406199023
1991 0.0032626427406199023
1644 0.0032310177705977385
1589 0.0032102728731942215
1946 0.003194888178913738
1740 0.0021231422505307855
557 0.0021141649048625794
1396 0.002109704641350211
2285 0.002109704641350211
2177 0.002109704641350211
2247 0.0021008403361344537
1047 0.0020964360587002098
2157 0.0020964360587002098
2619 0.0020920502092050207
2345 0.0020876826722338203
1289 0.0020833333333333333
3021 0.0020833333333333333
1597 0.002074688796680498
2148 0.002074688796680498
1146 0.002066115702479339
2408 0.002066115702479339
2065 0.002061855670103093
3097 0.002061855670103093
1539 0.002053388090349076
1952 0.002053388090349076
1125 0.0020491803278688526
1389 0.002044989775051125
2196 0.002044989775051125
2343 0.002044989775051125
778 0.0020408163265306124
1979 0.0020408163265306124
1491 0.002036659877800407
3357 0.002036659877800407
1970 0.002036659877800407
2599 0.002036659877800407
2468 0.002028397565922921
3201 0.0020242914979757085
3004 0.0020242914979757085
1559 0.00202020202020202
2440 0.00202020202020202
3134 0.0020161290322580645
1922 0.0020161290322580645
2118 0.0020161290322580645
1180 0.002012072434607646
1379 0.002012072434607646
1817 0.002012072434607646
1019 0.002008032128514056
1222 0.002008032128514056
2719 0.002008032128514056
1079 0.002004008016032064
1198 0.002004008016032064
2159 0.002004008016032064
2514 0.002004008016032064
1402 0.002
3085 0.002
2576 0.002
921 0.001996007984031936
936 0.001996007984031936
983 0.001996007984031936
2649 0.001996007984031936
2370 0.001996007984031936
2348 0.0019880715705765406
2391 0.0019880715705765406
1188 0.001984126984126984
1841 0.001984126984126984
674 0.001984126984126984
2469 0.001984126984126984
3498 0.001984126984126984
266 0.0019801980198019802
1675 0.0019801980198019802
1707 0.001976284584980237
656 0.001976284584980237
685 0.001976284584980237
2681 0.001976284584980237
2705 0.001976284584980237
3176 0.001976284584980237
1923 0.001976284584980237
2069 0.001976284584980237
2380 0.001976284584980237
3604 0.001976284584980237
4024 0.001976284584980237
1055 0.0019723865877712033
1112 0.0019723865877712033
3084 0.0019723865877712033
3323 0.0019723865877712033
3381 0.0019723865877712033
1245 0.001968503937007874
1898 0.001968503937007874
2194 0.001968503937007874
967 0.00196078431372549
988 0.00196078431372549
1333 0.00196078431372549
1345 0.00196078431372549
1503 0.00196078431372549
1801 0.00196078431372549
367 0.00196078431372549
515 0.00196078431372549
966 0.0019569471624266144
1516 0.0019569471624266144
1863 0.0019569471624266144
619 0.0019569471624266144
1983 0.0019569471624266144
2200 0.0019569471624266144
2220 0.0019569471624266144
2424 0.0019569471624266144
1176 0.001953125
2815 0.001953125
1456 0.001949317738791423
1506 0.001949317738791423
2180 0.001949317738791423
3232 0.001949317738791423
3240 0.001949317738791423
2192 0.001949317738791423
2492 0.001949317738791423
2593 0.001949317738791423
2664 0.0019455252918287938
2261 0.0019455252918287938
2309 0.0019455252918287938
2392 0.0019455252918287938
1652 0.001941747572815534
431 0.001941747572815534
3360 0.001941747572815534
2074 0.001941747572815534
2435 0.001941747572815534
586 0.001937984496124031
2684 0.001937984496124031
2830 0.001937984496124031
3236 0.001937984496124031
1619 0.0019342359767891683
3202 0.0019342359767891683
984 0.0019305019305019305
1775 0.0019305019305019305
1796 0.0019305019305019305
2283 0.0019305019305019305
2333 0.0019305019305019305
2241 0.0019305019305019305
2164 0.0019305019305019305
1113 0.0019267822736030828
1753 0.0019267822736030828
2225 0.0019267822736030828
2756 0.0019267822736030828
2359 0.0019267822736030828
105 0.0019230769230769232
1040 0.0019230769230769232
1069 0.0019230769230769232
1201 0.0019230769230769232
1400 0.0019230769230769232
1538 0.0019230769230769232
1878 0.0019230769230769232
2039 0.0019230769230769232
2702 0.0019230769230769232
2747 0.0019230769230769232
3305 0.0019230769230769232
2290 0.0019230769230769232
2500 0.0019230769230769232
1115 0.0019193857965451055
1184 0.0019193857965451055
1485 0.0019193857965451055
1867 0.0019193857965451055
2021 0.0019193857965451055
957 0.0019157088122605363
1414 0.0019157088122605363
1819 0.0019157088122605363
2187 0.0019157088122605363
2750 0.0019120458891013384
2919 0.0019120458891013384
1381 0.0019083969465648854
1556 0.0019083969465648854
892 0.0019083969465648854
2101 0.0019083969465648854
2931 0.0019083969465648854
3377 0.0019083969465648854
2395 0.0019083969465648854
2467 0.0019083969465648854
948 0.0019047619047619048
1003 0.0019047619047619048
1156 0.0019047619047619048
1515 0.0019047619047619048
2221 0.0019047619047619048
1026 0.0019011406844106464
1123 0.0019011406844106464
1172 0.0019011406844106464
1463 0.0019011406844106464
2072 0.0019011406844106464
510 0.0019011406844106464
735 0.0019011406844106464
3886 0.0019011406844106464
3386 0.0019011406844106464
2996 0.0019011406844106464
3260 0.0019011406844106464
2033 0.0019011406844106464
2063 0.0019011406844106464
2493 0.0019011406844106464
363 0.0018975332068311196
1665 0.0018975332068311196
1721 0.0018975332068311196
2571 0.0018975332068311196
1959 0.0018975332068311196
2916 0.0018975332068311196
3060 0.0018975332068311196
2045 0.0018975332068311196
2098 0.0018975332068311196
2560 0.0018975332068311196
925 0.001893939393939394
1886 0.001893939393939394
1945 0.001893939393939394
2706 0.001893939393939394
2746 0.001893939393939394
2924 0.001893939393939394
3339 0.001893939393939394
60 0.001890359168241966
303 0.001890359168241966
953 0.001890359168241966
1130 0.001890359168241966
1795 0.001890359168241966
2484 0.001890359168241966
995 0.0018867924528301887
1651 0.0018867924528301887
514 0.0018867924528301887
2136 0.0018867924528301887
2404 0.0018867924528301887
2480 0.0018867924528301887
2646 0.0018867924528301887
3856 0.0018867924528301887
1042 0.0018832391713747645
1278 0.0018832391713747645
2042 0.0018832391713747645
493 0.0018832391713747645
569 0.0018832391713747645
3277 0.0018832391713747645
3436 0.0018832391713747645
2145 0.0018832391713747645
2175 0.0018832391713747645
2218 0.0018832391713747645
2549 0.0018832391713747645
2561 0.0018832391713747645
3811 0.0018832391713747645
1290 0.0018796992481203006
1542 0.0018796992481203006
1907 0.0018796992481203006
2874 0.0018796992481203006
2140 0.0018796992481203006
2430 0.0018796992481203006
1362 0.001876172607879925
1608 0.001876172607879925
1804 0.001876172607879925
812 0.001876172607879925
2205 0.001876172607879925
1149 0.0018726591760299626
1397 0.0018726591760299626
2032 0.0018726591760299626
2257 0.0018726591760299626
2300 0.0018726591760299626
2604 0.0018726591760299626
153 0.001869158878504673
1067 0.001869158878504673
1076 0.001869158878504673
1081 0.001869158878504673
1220 0.001869158878504673
1470 0.001869158878504673
1842 0.001869158878504673
1947 0.001869158878504673
2780 0.001869158878504673
2363 0.001869158878504673
2506 0.001869158878504673
2550 0.001869158878504673
1551 0.0018656716417910447
456 0.0018656716417910447
2743 0.0018656716417910447
2929 0.0018656716417910447
3973 0.0018656716417910447
1229 0.00186219739292365
2542 0.00186219739292365
2002 0.00186219739292365
2048 0.00186219739292365
2308 0.00186219739292365
2383 0.00186219739292365
1160 0.0018587360594795538
1219 0.0018587360594795538
1884 0.0018587360594795538
1920 0.0018587360594795538
2496 0.0018587360594795538
2592 0.0018587360594795538
2340 0.0018587360594795538
3765 0.0018587360594795538
947 0.0018552875695732839
1598 0.0018552875695732839
2057 0.0018552875695732839
2131 0.0018552875695732839
2307 0.0018552875695732839
2312 0.0018552875695732839
2536 0.0018552875695732839
1377 0.001851851851851852
1737 0.001851851851851852
1769 0.001851851851851852
2445 0.001851851851851852
2583 0.001851851851851852
2722 0.001851851851851852
1614 0.0018484288354898336
1405 0.0018450184501845018
1928 0.0018450184501845018
2121 0.0018450184501845018
2590 0.0018450184501845018
1786 0.001841620626151013
1955 0.001841620626151013
2850 0.001841620626151013
3167 0.001841620626151013
1962 0.001841620626151013
2083 0.001841620626151013
2532 0.001841620626151013
2615 0.001841620626151013
3697 0.001841620626151013
1084 0.001838235294117647
1143 0.001838235294117647
1409 0.001838235294117647
2183 0.001838235294117647
3418 0.001838235294117647
2386 0.001838235294117647
3527 0.001838235294117647
1167 0.001834862385321101
1461 0.001834862385321101
1488 0.001834862385321101
765 0.001834862385321101
3390 0.001834862385321101
2539 0.001834862385321101
1340 0.0018315018315018315
1417 0.0018315018315018315
1617 0.0018315018315018315
1623 0.0018315018315018315
2010 0.0018315018315018315
3070 0.0018315018315018315
1092 0.0018281535648994515
1812 0.0018281535648994515
624 0.0018281535648994515
2476 0.0018281535648994515
3570 0.0018281535648994515
1117 0.0018248175182481751
1291 0.0018248175182481751
2508 0.0018248175182481751
2925 0.0018248175182481751
3210 0.0018248175182481751
285 0.0018214936247723133
2387 0.0018214936247723133
3582 0.0018214936247723133
1517 0.0018181818181818182
1700 0.0018181818181818182
1932 0.0018181818181818182
2367 0.0018181818181818182
1610 0.0018148820326678765
2463 0.0018148820326678765
1942 0.0018148820326678765
2093 0.0018148820326678765
1280 0.0018115942028985507
2643 0.0018115942028985507
2605 0.0018115942028985507
2477 0.0018115942028985507
2457 0.0018083182640144665
1710 0.0018050541516245488
840 0.0018050541516245488
1367 0.0018018018018018018
1622 0.0018018018018018018
1637 0.0018018018018018018
1805 0.0018018018018018018
2223 0.0018018018018018018
3002 0.0018018018018018018
2602 0.0018018018018018018
972 0.0017985611510791368
2132 0.0017985611510791368
2354 0.0017985611510791368
18 0.0017953321364452424
2102 0.0017953321364452424
883 0.0017953321364452424
2485 0.0017953321364452424
388 0.0017921146953405018
2555 0.0017921146953405018
2853 0.0017921146953405018
2625 0.0017921146953405018
1464 0.0017889087656529517
1873 0.0017889087656529517
1940 0.0017889087656529517
2712 0.0017889087656529517
2040 0.0017889087656529517
1572 0.0017857142857142857
2451 0.0017857142857142857
676 0.0017857142857142857
2407 0.0017857142857142857
1128 0.0017825311942959
1699 0.0017825311942959
2306 0.0017825311942959
1122 0.0017793594306049821
1885 0.0017793594306049821
2138 0.0017793594306049821
2347 0.0017793594306049821
3177 0.0017793594306049821
2112 0.0017793594306049821
2233 0.0017793594306049821
2449 0.0017793594306049821
922 0.0017761989342806395
575 0.0017761989342806395
2372 0.0017761989342806395
2195 0.0017761989342806395
209 0.0017730496453900709
2629 0.0017699115044247787
2859 0.0017699115044247787
2077 0.0017699115044247787
3291 0.0017667844522968198
2005 0.0017667844522968198
2147 0.0017667844522968198
2586 0.0017667844522968198
287 0.001763668430335097
2174 0.001763668430335097
2530 0.001763668430335097
2086 0.001763668430335097
2462 0.0017605633802816902
1126 0.0017543859649122807
3238 0.0017543859649122807
1391 0.0017513134851138354
1875 0.0017513134851138354
2038 0.0017513134851138354
3265 0.0017482517482517483
2104 0.0017482517482517483
1262 0.0017452006980802793
2243 0.0017421602787456446
3299 0.0017391304347826088
1963 0.001736111111111111
2409 0.001736111111111111
907 0.0017301038062283738
1074 0.0017301038062283738
1897 0.0017301038062283738
3166 0.0017301038062283738
2141 0.0017301038062283738
2573 0.0017301038062283738
537 0.0017271157167530224
2977 0.0017271157167530224
3342 0.0017271157167530224
1190 0.0017241379310344827
2169 0.0017241379310344827
2890 0.0017241379310344827
1107 0.0017211703958691911
1049 0.001718213058419244
1663 0.001718213058419244
1835 0.001718213058419244
3451 0.0017123287671232876
1839 0.0017094017094017094
3153 0.0017094017094017094
2330 0.0017094017094017094
1811 0.0017035775127768314
854 0.0017035775127768314
2591 0.0017035775127768314
954 0.0017006802721088435
1022 0.0017006802721088435
2206 0.0017006802721088435
2410 0.0017006802721088435
1269 0.001697792869269949
2537 0.001697792869269949
607 0.001692047377326565
608 0.001692047377326565
2491 0.0016863406408094434
3253 0.0016863406408094434
1917 0.0016806722689075631
1051 0.0016750418760469012
2134 0.0016750418760469012
2544 0.0016722408026755853
3344 0.0016638935108153079
1021 0.001652892561983471
1239 0.0016501650165016502
1888 0.001644736842105263
2061 0.001644736842105263
2044 0.0016260162601626016
1691 0.001610305958132045
11 0
12 0
15 0
37 0
43 0
74 0
79 0
114 0
207 0
210 0
215 0
234 0
292 0
335 0
483 0
538 0
641 0
906 0
911 0
918 0
930 0
934 0
942 0
959 0
975 0
978 0
980 0
981 0
982 0
989 0
999 0
1017 0
1039 0
1044 0
1054 0
1058 0
1059 0
1063 0
1068 0
1078 0
1096 0
1116 0
1119 0
1121 0
1132 0
1145 0
1153 0
1158 0
1164 0
1173 0
1175 0
1181 0
1185 0
1195 0
1204 0
1206 0
1209 0
1230 0
1233 0
1257 0
1263 0
1276 0
1287 0
1288 0
1292 0
1293 0
1316 0
1323 0
1327 0
1334 0
1335 0
1336 0
1341 0
1375 0
1386 0
1398 0
1404 0
1412 0
1423 0
1439 0
1465 0
1466 0
1467 0
1484 0
1522 0
1524 0
1530 0
1535 0
1547 0
1554 0
1560 0
1570 0
1581 0
1603 0
1609 0
1613 0
1628 0
1635 0
1639 0
1643 0
1647 0
1662 0
1685 0
1689 0
1690 0
1706 0
1717 0
1723 0
1734 0
1750 0
1764 0
1771 0
1772 0
1793 0
1799 0
1810 0
1821 0
1823 0
1832 0
1834 0
1848 0
1853 0
1868 0
1887 0
1902 0
2054 0
2068 0
2117 0
2128 0
2199 0
2224 0
2267 0
2279 0
2302 0
2319 0
2327 0
2471 0
2653 0
358 0
385 0
444 0
447 0
473 0
503 0
550 0
561 0
585 0
602 0
613 0
638 0
692 0
737 0
773 0
801 0
851 0
860 0
2883 0
1941 0
2198 0
2293 0
2338 0
2351 0
2512 0
2516 0
1916 0
1954 0
1994 0
2137 0
2163 0
2215 0
2246 0
2295 0
2582 0
3355 0
2717 0
2720 0
2784 0
2800 0
2842 0
2891 0
2911 0
2914 0
2927 0
2953 0
2956 0
2958 0
2973 0
2985 0
2986 0
2987 0
3006 0
3016 0
3031 0
3047 0
3071 0
3076 0
3125 0
3142 0
3158 0
3163 0
3183 0
3228 0
3230 0
3243 0
3250 0
3257 0
3261 0
3282 0
3296 0
3397 0
3399 0
3408 0
3433 0
1918 0
1925 0
1927 0
1929 0
1943 0
1953 0
1966 0
1989 0
1993 0
1999 0
2046 0
2055 0
2056 0
2059 0
2060 0
2073 0
2079 0
2084 0
2090 0
2095 0
2103 0
2115 0
2122 0
2139 0
2172 0
2179 0
2184 0
2188 0
2210 0
2212 0
2213 0
2229 0
2237 0
2244 0
2258 0
2269 0
2271 0
2275 0
2276 0
2324 0
2334 0
2353 0
2356 0
2376 0
2381 0
2402 0
2415 0
2418 0
2427 0
2429 0
2432 0
2433 0
2442 0
2446 0
2460 0
2464 0
2470 0
2478 0
2482 0
2489 0
2495 0
2499 0
2507 0
2520 0
2521 0
2524 0
2551 0
2552 0
2553 0
2559 0
2563 0
2569 0
2574 0
2579 0
2596 0
2601 0
2606 0
2607 0
2611 0
2613 0
2620 0
2623 0
2630 0
2638 0
3453 0
3650 0
3709 0
3715 0
3729 0
3748 0
3798 0
3820 0
3853 0
3935 0
3974 0
