483
3830
376
56
25
828
322
475
67
3596
428
713
271
3545
3938
119
1888
917
277
1800
3604
21
26
1352
705
2543
1663
252
1730
1086
1431
2951
3101
122
637
412
3521
3291
805
1783
1584
3397
719
2347
2863
373
136
1768
517
3684
239
2742
3320
3082
2839
1199
484
353
3280
315
203
9
3363
3633
1827
363
200
747
3756
896
1589
366
745
513
1746
2384
1277
1126
304
3154
2133
2754
3434
824
553
3051
2289
3116
1377
823
2716
3442
1804
3948
2111
1835
3838
3584
1390
3495
4030
830
1621
1612
2199
500
2719
1833
694
3090
3793
1941
697
497
1559
606
4023
2793
3851
2661
3426
1577
3506
538
1714
1376
1718
1707
1613
2778
566
1078
3330
2081
2283
559
1622
188
561
3611
285
580
1399
781
3593
1610
1471
2328
395
170
3038
3677
3198
1391
1104
98
272
3150
465
1211
199
3877
1235
3758
40
1204
2054
1551
3201
3680
3076
925
2007
2944
2598
1813
946
280
2333
3035
2966
1367
2117
3906
3152
1059
1591
3232
332
1839
3577
724
2282
1014
2877
2087
1459
3456
370
2786
506
186
1554
3930
3672
526
400
438
3350
688
2266
1786
431
460
1926
1358
1184
3501
3252
3185
1604
1522
1238
2901
3026
3351
651
3140
993
142
3734
2336
2642
3360
3455
703
1516
827
1345
1583
1736
2986
2032
1420
1557
213
2904
1192
3824
1985
2833
1185
3971
172
3804
2268
2187
2782
374
3132
1945
2748
3800
3060
1222
525
3924
2956
3586
3705
1017
3387
3396
3324
3078
544
1799
3968
1146
853
3629
1447
2669
1620
2142
3829
323
507
3027
2292
2849
2068
2915
3998
916
1879
3966
1331
3342
3448
2233
1361
2038
2738
2694
3017
2511
2679
113
3488
1322
2927
1006
3449
1662
2510
3000
834
3347
2890
1573
2176
2138
1761
2828
2509
1793
1603
436
2960
784
3797
2153
3982
169
261
492
3558
3344
514
1844
325
3104
2102
524
53
3274
1329
1076
3406
3417
3172
695
313
3790
1124
1598
3049
236
1107
291
1132
3267
1717
2555
3568
2906
3529
2928
3321
3617
2183
109
1893
378
2869
2992
3553
1256
1871
1153
1791
800
1669
391
3945
2611
1175
3033
515
1250
1729
2755
1488
2973
1509
3842
2471
118
2072
1173
980
456
2229
1032
3926
2781
417
2916
774
819
2149
3145
2327
728
3179
3902
641
3084
3576
2224
815
1479
1227
3182
1661
3722
1456
3810
3674
820
2279
2247
1462
2410
2206
2683
423
542
3054
2174
1628
1467
2560
3599
1683
2629
3277
3353
3345
3640
1742
2943
3240
3794
2750
3113
2302
2294
1757
82
2461
2526
1320
2218
1902
1983
2777
402
432
3120
1993
2463
2676
2780
2344
1427
3951
2078
1570
2674
1816
842
2542
752
2757
1255
3348
3335
1867
2664
3514
2123
2309
1373
3464
2592
1899
2240
2319
1675
2324
829
2939
2910
3782
2507
2800
2649
2491
3411
1221
1823
2602
1269
1947
2419
1335
1750
503
2468
3900
1330
3731
2125
1214
3962
2464
1665
1230
2604
1959
1920
2867
2071
2909
342
3737
493
3625
2925
2088
2244
2131
3299
2369
3921
3605
3738
4014
1101
2590
1689
3022
1117
773
1491
2340
346
1334
1868
3525
2894
726
2223
1341
1079
2073
1347
2241
3362
2428
2220
408
3869
3056
2936
3226
1520
1943
2607
2866
2188
2150
1596
3692
1636
2937
2172
1465
3826
1067
1668
1502
3947
2059
766
461
3873
1080
3764
2624
2617
2127
1547
1842
2331
1231
3247
1600
947
1946
1487
1917
1237
2053
1004
2564
1608
2601
3419
3833
2250
3332
1938
3702
2201
3526
2037
1267
2090
104
1617
2872
2864
2118
2913
1962
2920
2180
2184
2567
3115
2103
1125
2030
3378
3106
2064
2873
2143
1849
1857
2625
1475
2615
2398
967
780
3096
3468
1563
1409
2586
1243
1645
2593
1515
2827
3146
3297
1261
2339
2039
1809
2989
953
3119
2275
1688
2414
1611
1619
1752
1066
520
1721
2323
2905
1282
2600
2376
2946
1861
3469
1305
966
2290
2093
2271
3174
2395
2796
3860
2451
1820
3117
1172
1966
3070
1984
2853
2169
1048
3239
1273
1597
2409
404
2500
2278
2194
3994
2189
2104
1191
3728
2326
1845
2196
3460
2351
3403
1291
13
1416
3528
708
3339
3822
3486
3195
1370
978
3540
4021
1298
810
2492
1495
2991
2862
1979
2706
1864
1954
2919
2354
2028
211
2729
3169
921
2969
3111
2139
1971
2338
2045
2553
3740
1948
3821
942
2069
2203
3711
3997
2372
2381
2052
1735
1128
2200
960
2404
2597
3224
2043
2616
739
849
444
1886
770
2630
1894
3466
2608
1083
3841
1741
3261
2033
3089
1637
2140
249
3284
2512
224
2911
2550
2460
334
2332
3590
2356
2698
718
4004
1158
2763
3188
2498
242
3542
1480
3867
2124
2582
141
3884
1029
696
1302
1148
1576
2594
3651
2190
1712
1590
2655
1149
2363
787
2352
545
2689
3710
2520
1205
3907
2374
591
957
2128
1882
1540
1616
2643
3433
2875
2880
754
2458
2619
2994
3149
2638
3386
128
1789
2423
3835
2559
1898
2508
3475
3287
3518
1483
2578
3713
2246
2537
1530
1426
2394
2108
1715
1166
2533
1003
3355
2132
2475
1826
760
1810
2112
1339
1100
3687
1828
2881
265
2482
3184
3721
4009
2988
1680
1156
2950
527
3753
2446
2154
3098
3636
2434
2074
2551
2549
1918
3870
3073
2042
3858
1163
2753
3381
158
1623
3718
687
3258
2040
3750
31
1643
2020
2377
2370
2121
2940
2561
2253
1881
204
997
185
2720
764
3118
3693
62
3064
3714
840
2257
2299
2436
48
3391
1986
2810
3025
1271
2588
1021
2005
2095
1423
1685
1449
1020
3416
2308
2785
1284
1824
2276
223
2871
1932
3293
2254
1716
727
1955
3108
2084
3706
1413
3569
2348
3886
1691
1940
797
2666
2408
1609
2573
3557
3995
1129
3288
2504
1344
941
2273
1024
3204
1099
3206
2912
1242
1929
2026
1288
2433
2741
954
232
3969
1160
1819
1179
2148
2654
3265
847
4026
3298
1019
2516
2430
3534
161
2083
1009
1272
1605
2806
1036
3719
3768
308
2334
2974
1396
297
3463
814
2985
2546
2359
3643
3021
2135
2495
2122
2773
1082
3559
3440
72
1435
1655
1290
2575
1049
2002
1312
738
2161
2993
2191
2063
2267
2134
302
2472
2521
3828
1795
1359
2151
2368
3102
1181
3634
2307
3915
3891
2399
1639
2539
1110
3191
1432
3831
3635
731
3730
2212
537
1862
734
1454
1075
2386
1257
231
2815
2945
1292
2931
2010
817
1026
2646
2765
3114
3609
995
3220
3052
238
1388
2300
3142
3158
1523
2485
3554
1916
1102
2115
388
430
2086
1751
1580
975
2589
1018
2109
392
1753
2469
2976
2712
3004
1939
2216
1380
3761
1289
2743
1659
3480
1997
2623
3909
1587
2680
3601
2897
1448
3296
2749
2056
934
1123
1280
1872
952
479
3029
792
1303
2144
3615
3085
3471
3065
2556
1720
1652
303
2717
2417
2896
3422
1120
2343
2165
2501
1060
3981
927
1732
2467
906
1198
2261
3510
3509
2420
2062
248
845
3438
4019
1632
2506
897
3786
1528
148
1323
1379
1647
1539
1925
2970
1209
1470
3896
3435
3079
2264
2329
2484
2101
1737
3384
1841
3364
2077
982
2929
1404
331
2237
999
3040
3707
2874
3943
3497
2046
3642
1953
838
1229
3047
1765
1135
1891
3667
2631
1375
1614
2315
1402
1644
1182
1207
2823
3573
2653
3578
1538
2756
3491
3458
2770
981
1782
1653
2098
1859
2445
2418
3316
2579
701
3656
1074
1056
2681
2306
1047
2060
3527
2552
2477
1796
1130
932
3852
1535
2563
1040
2489
1028
1351
1811
1877
2532
1287
